0 0.3109375 0.6046875 0.015625 0.015625
2 0.33010937500000004 0.58128125 0.03521875 0.065140625
2 0.08059374999999999 0.567484375 0.023328124999999998 0.063265625
2 0.192546875 0.575703125 0.032140625 0.065
2 0.2594375 0.571375 0.028078125 0.063703125
2 0.27714062500000003 0.5594375 0.024859375 0.069234375
2 0.30646874999999996 0.560015625 0.02103125 0.063046875
2 0.381125 0.559171875 0.02328125 0.06687499999999999
2 0.73 0.578390625 0.026187500000000002 0.074046875
2 0.84165625 0.563875 0.02890625 0.05973437499999999
2 0.756328125 0.557109375 0.014484374999999999 0.060906249999999995
2 0.67515625 0.570078125 0.01575 0.075828125
2 0.5779375 0.5583750000000001 0.01615625 0.057921875
2 0.69709375 0.5600625 0.022859375 0.055781250000000004
1 0.20646874999999998 0.551390625 0.02321875 0.0568125
3 0.557546875 0.561421875 0.02134375 0.06218749999999999