2 0.6378390723822909 0.48078205128205126 0.04630007027406887 0.10941666666666666
2 0.8205165144061841 0.8008717948717948 0.0627266338721012 0.1707820512820513
2 0.6284715390021083 0.6442371794871795 0.03240688685874912 0.13928846153846153
2 0.5021328179901616 0.4543269230769231 0.025168657765284607 0.10775641025641025
2 0.683109627547435 0.49075 0.03687631763879129 0.10999358974358975
2 0.4814617006324666 0.5257884615384616 0.039399156711173576 0.14366666666666666
2 0.8917990161630358 0.4019102564102564 0.02605762473647224 0.10074358974358974
2 0.09025298664792691 0.5901666666666666 0.02910400562192551 0.13341666666666666
2 0.96621925509487 0.43964102564102564 0.035467322557976105 0.11285897435897436
2 0.9779831342234716 0.9687948717948718 0.021307097680955726 0.04828205128205128
0 0.7835488404778637 0.47268589743589745 0.010024595924104006 0.020467948717948718
3 0.8230323260716795 0.5219615384615385 0.03377371749824315 0.11901282051282051
3 0.7576704146170063 0.348224358974359 0.023963457484188336 0.08717307692307692