2 0.26015625 0.6555555555555556 0.0171875 0.08333333333333333
2 0.68515625 0.3527777777777778 0.015104166666666667 0.07037037037037037
2 0.7067708333333333 0.5009259259259259 0.011458333333333333 0.07592592592592592
2 0.09765625 0.38981481481481484 0.016145833333333335 0.07037037037037037
2 0.21913020833333335 0.43342592592592594 0.01390625 0.07215740740740742
2 0.27375520833333333 0.5114166666666667 0.014385416666666668 0.06974999999999999
2 0.19683333333333333 0.6866203703703704 0.0234375 0.08256481481481481
2 0.44005729166666663 0.5073148148148148 0.022583333333333334 0.07577777777777778
2 0.5755208333333334 0.4074907407407407 0.015005208333333332 0.07058333333333333
2 0.5980520833333334 0.4549259259259259 0.0140625 0.06530555555555556
2 0.6420989583333333 0.48044444444444445 0.020515625 0.07462037037037038
2 0.618 0.49677777777777776 0.019708333333333335 0.07390740740740741
2 0.5761979166666666 0.4983055555555555 0.018744791666666667 0.07612962962962963
2 0.5930364583333334 0.5052407407407407 0.022848958333333332 0.07080555555555555
2 0.5510364583333334 0.4388888888888889 0.01421875 0.07079629629629629
2 0.708078125 0.4231111111111111 0.01933333333333333 0.07178703703703704
2 0.7638541666666666 0.44232407407407404 0.028374999999999997 0.07264814814814814
2 0.7542187499999999 0.4006388888888889 0.01671875 0.07188888888888889
1 0.8178177083333333 0.4175555555555555 0.026114583333333333 0.07318518518518519
2 0.6492708333333332 0.23158333333333334 0.013010416666666667 0.0618425925925926
0 0.6586614583333333 0.23275925925925925 0.005390625 0.012101851851851851
3 0.48361979166666663 0.32499074074074075 0.017901041666666666 0.06906481481481481
2 0.40663020833333335 0.28667592592592595 0.012802083333333332 0.06015740740740741