2 0.5336979166666667 0.48823148148148143 0.024151041666666664 0.04085185185185185
2 0.5988177083333334 0.47150000000000003 0.018734375 0.04797222222222222
2 0.597265625 0.29033333333333333 0.010739583333333334 0.03966666666666667
2 0.7759322916666667 0.585712962962963 0.01903125 0.05753703703703704
2 0.37163541666666666 0.4096759259259259 0.014734375 0.04808333333333333
2 0.7229895833333334 0.5602962962962963 0.02128645833333333 0.05485185185185185
2 0.06863020833333335 0.6380648148148148 0.014119791666666666 0.05959259259259259
2 0.6573333333333333 0.532324074074074 0.019171875 0.05375
2 0.48111458333333335 0.3687037037037037 0.012760416666666666 0.04112037037037037
2 0.70665625 0.4583333333333333 0.016921875 0.044314814814814814
2 0.5921875 0.5275000000000001 0.015510416666666667 0.055870370370370376
2 0.6245989583333333 0.48028703703703707 0.01921875 0.043527777777777776
3 0.5354479166666667 0.4226018518518519 0.016348958333333333 0.05305555555555555
2 0.6752395833333333 0.5036388888888889 0.018036458333333335 0.04738888888888889
2 0.5980572916666667 0.44172222222222224 0.014479166666666666 0.0372962962962963
2 0.25322395833333333 0.5429074074074074 0.014390624999999999 0.05316666666666667
2 0.7109427083333333 0.5494444444444444 0.01646875 0.05997222222222222
1 0.8845520833333332 0.5043981481481481 0.013677083333333334 0.04712037037037037
2 0.2578489583333333 0.4848055555555556 0.012697916666666666 0.053148148148148146
2 0.7144791666666667 0.42344444444444446 0.013838541666666667 0.04644444444444444
0 0.6321197916666667 0.47144444444444444 0.006953125 0.015111111111111112
2 0.701546875 0.4328333333333333 0.019765625000000002 0.054546296296296294
2 0.666984375 0.4934444444444444 0.017302083333333333 0.06280555555555556