2 0.5994114583333333 0.39019444444444445 0.013916666666666666 0.03799074074074074
2 0.6170520833333334 0.3388611111111111 0.011536458333333333 0.035527777777777776
2 0.44396874999999997 0.47690740740740734 0.013104166666666667 0.04400925925925926
3 0.8161666666666666 0.8233333333333334 0.0131875 0.05100925925925926
2 0.519203125 0.31893518518518515 0.010442708333333333 0.037509259259259256
2 0.73453125 0.3871111111111111 0.011843749999999998 0.04716666666666666
3 0.5025052083333333 0.17441666666666666 0.011395833333333332 0.029055555555555553
2 0.5155937500000001 0.2213425925925926 0.010020833333333333 0.03374074074074074
2 0.7721614583333333 0.2785462962962963 0.009026041666666667 0.0375
2 0.49713541666666666 0.2788611111111111 0.009625 0.03440740740740741
2 0.6813802083333333 0.283712962962963 0.010104166666666666 0.0361574074074074
2 0.6501197916666667 0.378037037037037 0.010875 0.04707407407407408
2 0.40913541666666664 0.4774351851851852 0.010718749999999999 0.042333333333333334
2 0.6632395833333333 0.27462962962962967 0.01396875 0.02758333333333333
2 0.5900729166666667 0.34570370370370374 0.015541666666666667 0.044842592592592594
2 0.6651354166666666 0.3878888888888889 0.010333333333333333 0.03708333333333333
2 0.634015625 0.5562037037037038 0.011088541666666667 0.046935185185185184
2 0.46213541666666663 0.3248333333333333 0.011510416666666667 0.033120370370370376
2 0.4244427083333333 0.4151666666666667 0.01503125 0.04875
2 0.4989947916666667 0.32678703703703704 0.015489583333333333 0.04134259259259259
2 0.6238177083333334 0.2522037037037037 0.012713541666666666 0.041249999999999995
2 0.6008593750000001 0.19924074074074075 0.008786458333333334 0.03891666666666667
3 0.5995 0.33674074074074073 0.0120625 0.04425
0 0.6584375 0.2810185185185185 0.0056770833333333335 0.012037037037037037
1 0.15559375 0.3576851851851852 0.012093749999999999 0.046537037037037036