2 0.5451979166666666 0.46114814814814814 0.012796875000000001 0.04740740740740741
2 0.7281197916666666 0.409287037037037 0.014098958333333333 0.04463888888888889
3 0.8496145833333333 0.8821944444444444 0.015401041666666667 0.05478703703703704
2 0.7424427083333334 0.35921296296296296 0.010536458333333333 0.045361111111111116
2 0.5574843749999999 0.5821388888888889 0.012911458333333332 0.05285185185185185
2 0.5958125 0.52275 0.015057291666666667 0.05321296296296296
2 0.8207291666666666 0.5143333333333333 0.014520833333333334 0.05419444444444445
2 0.6508541666666667 0.45739814814814816 0.013447916666666667 0.04627777777777777
2 0.8036666666666666 0.45392592592592595 0.012333333333333333 0.04811111111111111
3 0.4693229166666667 0.12436111111111112 0.010906250000000001 0.036194444444444446
2 0.7857968750000001 0.37160185185185185 0.0139375 0.04649074074074074
2 0.7970416666666666 0.42136111111111113 0.012140624999999999 0.03862962962962963
2 0.5133020833333333 0.4022037037037037 0.018625 0.053425925925925925
2 0.39300520833333336 0.3408148148148148 0.010994791666666667 0.03559259259259259
3 0.43436458333333333 0.3342037037037037 0.013223958333333334 0.03529629629629629
2 0.7414166666666666 0.18044444444444444 0.0120625 0.03481481481481482
2 0.346703125 0.27594444444444444 0.010473958333333333 0.04155555555555556
2 0.8088802083333333 0.2881388888888889 0.011322916666666665 0.041546296296296296
2 0.42430729166666664 0.3319537037037037 0.010942708333333334 0.05335185185185185
2 0.4662864583333333 0.3282407407407407 0.012651041666666666 0.0485
2 0.37621875 0.3269907407407407 0.012895833333333334 0.04342592592592592
2 0.38314583333333335 0.33014814814814814 0.010875 0.04716666666666666
2 0.400734375 0.33475 0.012140624999999999 0.051240740740740746
2 0.72509375 0.3881666666666667 0.016546875 0.04777777777777778