2 0.6597399859451862 0.49064102564102563 0.03432888264230499 0.13213461538461538
2 0.6249086437104708 0.2441602564102564 0.023622628250175685 0.09819230769230769
2 0.13173576950105412 0.47046794871794867 0.03503513703443429 0.17675000000000002
2 0.4852740688685875 0.24033974358974358 0.028453970484891077 0.10847435897435898
2 0.50878074490513 0.5161666666666667 0.041247364722417426 0.15537820512820513
2 0.14388264230498946 0.28323076923076923 0.020646521433591004 0.1298269230769231
2 0.5675790583274771 0.2681794871794872 0.025498945888966968 0.10123076923076922
0 0.033471539002108225 0.21225000000000002 0.01248067463106114 0.020653846153846155
2 0.7095151089248067 0.2437051282051282 0.03814125087842586 0.09958333333333333
2 0.9519325368938861 0.3449038461538461 0.031061138439915672 0.14493589743589744
2 0.9663562895291637 0.4111923076923077 0.033555867884750526 0.14931410256410257
2 0.6581623330990864 0.19889102564102562 0.0285523541813071 0.10932051282051282
2 0.44533731553056927 0.23073717948717948 0.03859803232607168 0.10891025641025641
2 0.4090618411806044 0.20875 0.02578706957132818 0.09378205128205129
2 0.4133415319747013 0.3202564102564103 0.03785664089950808 0.1341025641025641
3 0.4758643710470836 0.3358333333333333 0.031134926212227687 0.14601923076923076
0 0.5027477160927617 0.28236538461538463 0.014631061138439917 0.032685897435897435