2 0.5796215837421164 0.3765171503957783 0.013149964961457605 0.04202506596306069
2 0.6963419761737911 0.30693271767810026 0.009211632796075684 0.03985488126649077
2 0.7519306236860548 0.4127638522427441 0.010416958654519972 0.05192612137203166
2 0.47722845129642605 0.49088390501319257 0.015185704274702174 0.06371372031662269
2 0.7694358794674141 0.6472823218997361 0.016990189208128944 0.08828496042216359
2 0.2544008409250175 0.5924142480211082 0.01641906096706377 0.0770712401055409
2 0.6019025928521373 0.3373944591029024 0.009074982480728801 0.04537598944591029
2 0.5039243167484233 0.45296833773087075 0.014120532585844428 0.05994063324538259
2 0.39828311142256484 0.6518337730870712 0.015339873861247372 0.08343007915567283
2 0.3481219341275403 0.4838522427440633 0.014688156972669937 0.060712401055408975
2 0.475042046250876 0.3737928759894459 0.009901892081289419 0.05214379947229551
2 0.6795865451997197 0.5219129287598945 0.014004905395935529 0.06557387862796833
2 0.40297827610371406 0.42133245382585754 0.01376313945339874 0.057275725593667545
2 0.5269726699369306 0.40734828496042214 0.016664330763840225 0.05180079155672823
2 0.6745269796776454 0.4642414248021108 0.013276103714085495 0.05544854881266491
2 0.47873510861948143 0.35182058047493403 0.00855290819901892 0.046114775725593665
2 0.4239173090399439 0.4059696569920845 0.015206727400140153 0.055798153034300794
2 0.36206727400140154 0.5467084432717678 0.016219341275402942 0.07201846965699209
2 0.6499544498948844 0.4600725593667546 0.013437281009110022 0.05528364116094987
2 0.490802382620883 0.33908970976253294 0.013339173090399439 0.042229551451187335
1 0.2803994393833216 0.3445580474934037 0.009548002803083391 0.04681398416886543
0 0.17451296426068674 0.3462598944591029 0.004470918009810792 0.008192612137203166
3 0.5490714786264891 0.44266490765171507 0.01079187105816398 0.06096965699208444
3 0.6149649614576034 0.25398416886543534 0.011352487736510162 0.0383245382585752
0 0.7332550805886475 0.42663588390501317 0.006215837421163279 0.010798153034300793