0 0.5162895291637385 0.5134294871794872 0.018109627547434996 0.02941025641025641
3 0.4332712579058327 0.5521538461538462 0.037143359100491914 0.18662820512820513
2 0.6416408995080815 0.391301282051282 0.04522136331693605 0.1394423076923077
2 0.34349964862965565 0.2944807692307692 0.026690091356289528 0.12790384615384615
2 0.8740231904427266 0.28547435897435897 0.026567111735769502 0.12336538461538461
2 0.8026669009135629 0.487724358974359 0.03088896697118763 0.16952564102564102
2 0.26587139845397045 0.43673717948717944 0.05563246661981729 0.15232692307692308
2 0.25408643710470835 0.566871794871795 0.07774771609276178 0.14335897435897435
2 0.42781799016163036 0.219525641025641 0.02640196767392832 0.1057179487179487
2 0.3668306394940267 0.3626346153846154 0.06430077301475755 0.12271153846153847
0 0.8066514406184118 0.18750641025641024 0.009297259311314126 0.022455128205128207