2 0.465625 0.4949074074074074 0.015625 0.05648148148148148
2 0.8317708333333333 0.3712962962962963 0.0125 0.053703703703703705
2 0.54296875 0.17824074074074073 0.009895833333333333 0.03425925925925926
2 0.8541666666666666 0.49444444444444446 0.010416666666666666 0.05185185185185185
2 0.35215104166666666 0.5654074074074074 0.01653125 0.05487962962962963
2 0.2938072916666667 0.4124259259259259 0.014651041666666666 0.04737962962962963
2 0.3568072916666667 0.18362962962962961 0.011843749999999998 0.041
2 0.49726041666666665 0.30863888888888885 0.011208333333333332 0.04246296296296296
2 0.48316666666666663 0.3611666666666667 0.012812500000000001 0.04348148148148148
2 0.38285416666666666 0.2955 0.010359375 0.04387962962962963
2 0.3748229166666667 0.3196111111111111 0.011401041666666667 0.05021296296296296
1 0.254140625 0.28512037037037036 0.010161458333333335 0.048101851851851854
3 0.400890625 0.11206481481481481 0.007682291666666666 0.03635185185185185
2 0.6084583333333333 0.2885462962962963 0.00828125 0.043472222222222225
2 0.5911875 0.4199074074074074 0.014786458333333334 0.047481481481481486
2 0.612359375 0.1538425925925926 0.014567708333333334 0.03345370370370371
2 0.6365833333333334 0.19508333333333333 0.012588541666666668 0.030138888888888885
2 0.6098645833333334 0.24574074074074073 0.011854166666666667 0.04094444444444444
3 0.7193177083333333 0.3025277777777778 0.012786458333333334 0.042379629629629635
0 0.6320104166666667 0.1491851851851852 0.005239583333333334 0.008601851851851852
2 0.8350989583333334 0.24378703703703705 0.010328124999999999 0.04243518518518519
2 0.8528749999999999 0.2773333333333333 0.010875 0.04333333333333333
2 0.8439583333333334 0.27008333333333334 0.011609375 0.04437037037037037
2 0.8645312500000001 0.44337037037037036 0.011119791666666667 0.04712037037037037
3 0.8763385416666666 0.8946388888888889 0.020182291666666668 0.062092592592592595