2 0.6475989583333334 0.23030555555555554 0.011125 0.03650925925925926
2 0.39585937499999996 0.24199074074074076 0.014078125 0.04733333333333333
2 0.581546875 0.1950740740740741 0.010807291666666666 0.03813888888888889
2 0.8081302083333333 0.20527777777777775 0.011317708333333334 0.04282407407407408
2 0.6951875 0.38063888888888886 0.016447916666666666 0.043833333333333335
2 0.6096770833333333 0.2588611111111111 0.012286458333333333 0.04131481481481481
2 0.7969635416666667 0.2958240740740741 0.013052083333333332 0.04425
2 0.3813333333333333 0.2839259259259259 0.011947916666666667 0.04103703703703704
3 0.5481354166666667 0.27492592592592596 0.011963541666666666 0.042694444444444445
3 0.8116302083333333 0.8807685185185186 0.018421874999999997 0.06097222222222222
2 0.6289010416666667 0.13748148148148148 0.012552083333333333 0.03521296296296297
2 0.43388541666666663 0.37355555555555553 0.014197916666666668 0.044333333333333336
2 0.5480833333333333 0.1660740740740741 0.012385416666666668 0.03566666666666667
2 0.516 0.20225 0.011932291666666667 0.040046296296296295
2 0.4622291666666667 0.14774074074074076 0.01140625 0.03665740740740741
2 0.43186458333333333 0.21408333333333335 0.009234375 0.04808333333333333
3 0.458171875 0.10547222222222222 0.012171875 0.031064814814814812
2 0.433671875 0.19399074074074074 0.010203125 0.035805555555555556
2 0.48378645833333334 0.20600925925925928 0.011296875000000001 0.039074074074074074
2 0.5233958333333333 0.24778703703703706 0.013359375 0.044175925925925924
2 0.5787239583333333 0.1428148148148148 0.014135416666666668 0.041444444444444443
2 0.5918229166666666 0.15135185185185185 0.011151041666666667 0.029611111111111112
2 0.46526562499999996 0.2951944444444444 0.010796875000000001 0.045037037037037035
0 0.64015625 0.1698611111111111 0.00940625 0.014444444444444444
1 0.13369270833333333 0.28372222222222226 0.014755208333333332 0.05450925925925926