2 0.869501054111033 0.32232692307692307 0.04101897399859452 0.10132692307692308
2 0.8304111033028813 0.36235897435897435 0.0394132115249473 0.1091923076923077
2 0.34180604356992267 0.4586346153846154 0.038889669711876323 0.11489743589743591
2 0.061974701335207306 0.5854038461538462 0.03651089248067463 0.15396794871794872
2 0.5627617709065355 0.4603846153846154 0.03238931834153198 0.12269871794871795
2 0.4843921293042867 0.40499358974358973 0.038007730147575546 0.1132948717948718
2 0.1253232607167955 0.5637820512820513 0.036486296556570624 0.14442307692307693
2 0.6863808854532678 0.3822628205128205 0.024469430780042163 0.12421794871794872
3 0.9480182712579058 0.28452564102564104 0.0391391426563598 0.09500641025641027
2 0.9622171468728039 0.41296794871794873 0.03880534082923401 0.13412179487179487
1 0.15068165846802528 0.4191602564102564 0.037839072382290936 0.11716025641025642
3 0.870073787772312 0.4615192307692308 0.03775474349964863 0.1473974358974359
2 0.6825650035137034 0.3623012820512821 0.0323085031623331 0.12027564102564102
2 0.5216865776528461 0.4003846153846154 0.04544975404075896 0.11567948717948719
0 0.45597329585382995 0.44897435897435894 0.011943078004216444 0.02187179487179487
2 0.4058749121574139 0.4839807692307692 0.04560084328882642 0.1375