2 0.6265530569219958 0.36715384615384616 0.028791286015460296 0.09793589743589744
3 0.5653443429374561 0.4925897435897436 0.03776528460997892 0.14019871794871797
3 0.79524595924104 0.29102564102564105 0.023359100491918482 0.09939102564102564
2 0.656268446943078 0.39608333333333334 0.024564300773014757 0.11880128205128206
2 0.8654778636683065 0.4457628205128205 0.0369501054111033 0.13035897435897437
2 0.9916408995080815 0.4490192307692308 0.01623330990864371 0.14851282051282053
2 0.3452494729444835 0.4657435897435897 0.028179901616303585 0.12551282051282053
2 0.07569922698524245 0.5371730769230769 0.028794799718903724 0.14335897435897435
2 0.15932536893886157 0.5173141025641026 0.03566057624736472 0.14596794871794871
2 0.19405130007027407 0.4722179487179487 0.02624736472241743 0.13315384615384615
2 0.17944132115249473 0.4453846153846154 0.04143007730147576 0.11912820512820513
1 0.3176563598032326 0.41292948717948713 0.03156008432888264 0.12822435897435897
2 0.35582220660576247 0.3700320512820513 0.024388615600843287 0.10409615384615384
2 0.3802178496134926 0.4397820512820512 0.034743499648629654 0.127525641025641
2 0.6853548840477863 0.4094358974358975 0.045238931834153194 0.11398076923076923
2 0.6936015460295151 0.3601153846153846 0.0259451862262825 0.09151923076923077