2 0.173828125 0.48763888888888884 0.015463541666666667 0.053314814814814815
2 0.6635624999999999 0.27017592592592593 0.011973958333333333 0.04647222222222222
2 0.1908125 0.4111111111111111 0.015526041666666665 0.05781481481481481
2 0.6043697916666667 0.3287222222222222 0.014385416666666668 0.044055555555555556
1 0.7527864583333332 0.32337962962962963 0.010958333333333332 0.050083333333333334
2 0.10488020833333334 0.49896296296296294 0.023411458333333336 0.05276851851851852
2 0.554109375 0.667537037037037 0.029776041666666666 0.060861111111111116
2 0.4660989583333333 0.2729814814814815 0.010828125 0.04496296296296297
2 0.29575 0.32773148148148146 0.011697916666666667 0.041444444444444443
2 0.5187447916666666 0.4501851851851852 0.011666666666666665 0.04287037037037037
2 0.5303958333333333 0.3191574074074074 0.013708333333333333 0.048518518518518516
2 0.4511041666666667 0.6487314814814815 0.01873958333333333 0.05731481481481481
2 0.5824374999999999 0.39719444444444446 0.014322916666666666 0.056027777777777774
2 0.471484375 0.46844444444444444 0.016817708333333334 0.056407407407407406
2 0.33804687499999997 0.6789537037037037 0.018359375 0.06082407407407407
2 0.36339583333333336 0.5123981481481481 0.015291666666666667 0.05907407407407407
2 0.37063541666666666 0.47537037037037033 0.013828125 0.04491666666666667
3 0.5506927083333333 0.3465555555555555 0.013989583333333333 0.0417037037037037
2 0.5388854166666667 0.4732314814814815 0.014161458333333333 0.054935185185185184
2 0.6868697916666666 0.5389444444444444 0.021640625 0.053425925925925925
2 0.08904166666666667 0.5841666666666666 0.011604166666666667 0.05806481481481481
2 0.7010052083333334 0.28721296296296295 0.012338541666666668 0.05218518518518518
0 0.6910000000000001 0.2920185185185185 0.005520833333333333 0.012324074074074074
3 0.022828124999999998 0.30390740740740746 0.011229166666666667 0.05041666666666667