2 0.4443207547169811 0.21536423841059604 0.010028301886792454 0.042350993377483444
2 0.3647358490566038 0.42321192052980133 0.01679245283018868 0.058377483443708605
2 0.6026037735849057 0.5339072847682119 0.03390566037735849 0.05996688741721854
2 0.5727641509433963 0.22543046357615892 0.012688679245283017 0.03850993377483444
2 0.5195471698113208 0.34586092715231787 0.013103773584905661 0.061655629139072854
2 0.6305566037735849 0.4650165562913907 0.016943396226415094 0.06251655629139073
2 0.5127452830188679 0.4157615894039735 0.017056603773584905 0.06458609271523179
2 0.18914150943396227 0.34135761589403973 0.013273584905660378 0.046705298013245036
2 0.2563207547169811 0.36903973509933774 0.02220754716981132 0.06102649006622517
2 0.4731981132075471 0.33043046357615896 0.01389622641509434 0.051655629139072845
2 0.2526415094339623 0.6591059602649006 0.028169811320754717 0.08950331125827815
0 0.29491509433962265 0.49210264900662254 0.009518867924528301 0.016324503311258277
3 0.4726320754716981 0.4078807947019868 0.017141509433962265 0.06586092715231788
3 0.31213207547169813 0.1544039735099338 0.010169811320754717 0.03501655629139073
0 0.24789622641509432 0.15763245033112583 0.004915094339622642 0.008327814569536424
0 0.46467924528301885 0.15293046357615894 0.005169811320754718 0.009917218543046358
0 0.8794056603773585 0.1606953642384106 0.005820754716981132 0.009768211920529802
3 0.9556037735849057 0.8418046357615894 0.034377358490566036 0.11453642384105961
2 0.4856132075471698 0.5498344370860927 0.031839622641509434 0.0791887417218543
2 0.6782924528301887 0.3974834437086093 0.012 0.0731953642384106
2 0.7347924528301887 0.4288576158940397 0.02402830188679245 0.06973509933774834
2 0.6869056603773585 0.3538741721854305 0.01220754716981132 0.05644039735099338
2 0.6650283018867924 0.34369205298013245 0.020773584905660378 0.05528145695364239
2 0.6654905660377358 0.289817880794702 0.015613207547169812 0.05218543046357616
2 0.13945283018867924 0.44352649006622513 0.016066037735849057 0.07556291390728477
2 0.14522641509433962 0.438112582781457 0.010584905660377359 0.06688741721854305
2 0.21427358490566037 0.32142384105960264 0.016056603773584904 0.05774834437086093