2 0.09633488372093023 0.5367377049180329 0.026586046511627905 0.07540983606557378
2 0.6922697674418605 0.321672131147541 0.01057674418604651 0.047196721311475405
2 0.7237488372093023 0.3391803278688525 0.014688372093023256 0.049049180327868855
2 0.8300372093023255 0.4207704918032787 0.017832558139534885 0.05759016393442623
2 0.7410790697674419 0.36108196721311475 0.015255813953488372 0.057557377049180326
2 0.37332093023255813 0.6128688524590165 0.031413953488372094 0.0700327868852459
2 0.6791534883720931 0.43642622950819676 0.02156279069767442 0.06209836065573771
2 0.6511162790697674 0.38411475409836066 0.019711627906976746 0.057180327868852465
2 0.37741395348837214 0.49022950819672134 0.022511627906976743 0.07163934426229508
3 0.168446511627907 0.21265573770491802 0.010567441860465116 0.03388524590163935
2 0.16366511627906977 0.47488524590163933 0.017041860465116278 0.06742622950819673
2 0.6590046511627906 0.5078524590163935 0.019767441860465116 0.06965573770491804
3 0.4732093023255814 0.4175901639344262 0.01786046511627907 0.05883606557377049
0 0.04978604651162791 0.22019672131147539 0.005134883720930232 0.008278688524590164
0 0.30435348837209303 0.20224590163934428 0.005702325581395349 0.00959016393442623
0 0.4795441860465116 0.1899672131147541 0.0064744186046511625 0.010885245901639343
0 0.7135906976744186 0.6795901639344263 0.009413953488372092 0.01740983606557377
0 0.6933767441860466 0.1838360655737705 0.004874418604651163 0.008819672131147541
2 0.12514418604651162 0.48990163934426223 0.015227906976744187 0.06845901639344262
2 0.1011906976744186 0.6298032786885246 0.03342325581395349 0.0738360655737705
2 0.16996279069767442 0.38255737704918036 0.011376744186046513 0.05442622950819673
2 0.544706976744186 0.4608688524590164 0.01768372093023256 0.06604918032786886
2 0.6979348837209302 0.4525573770491803 0.022967441860465117 0.05978688524590164
2 0.7617767441860465 0.516016393442623 0.018427906976744186 0.07668852459016394
2 0.8200651162790699 0.5432786885245902 0.029962790697674418 0.06904918032786884
2 0.7159348837209303 0.5631147540983606 0.022967441860465117 0.06988524590163935
1 0.9674883720930232 0.31401639344262294 0.014083720930232559 0.04678688524590164
2 0.5946697674418604 0.7373442622950819 0.024902325581395348 0.06952459016393442