2 0.7934302733006307 0.5667282321899736 0.03117028731604765 0.05577836411609499
3 0.5158269096005607 0.4606068601583113 0.017473721093202523 0.05507255936675461
2 0.5956412053258584 0.6233773087071239 0.017042747021723897 0.07975593667546174
2 0.11535038542396636 0.4338126649076517 0.015045550105115626 0.05368073878627968
2 0.35779607568325156 0.37609498680738784 0.014260686755430975 0.04358839050131926
2 0.6455676243868256 0.3942678100263852 0.018177995795374914 0.054788918205804754
2 0.5690224246671338 0.3804089709762533 0.014772249474421862 0.04699208443271768
2 0.2335529081990189 0.35776385224274404 0.01220042046250876 0.04619393139841689
2 0.42265241765942535 0.2918733509234829 0.007189908899789769 0.03631266490765171
2 0.4823615977575333 0.39701846965699206 0.011124737210932024 0.04642480211081794
3 0.11170988086895585 0.29440633245382586 0.01178696566222845 0.03936675461741425
2 0.160353889278206 0.6521108179419525 0.01790469516468115 0.08382585751978892
2 0.27742817098808686 0.6354353562005277 0.019621583742116328 0.08125989445910291
2 0.36672389628591456 0.5130870712401056 0.013402242466713385 0.06939973614775725
2 0.41131744919411356 0.4992348284960422 0.019138051857042745 0.06892480211081795
2 0.6366888577435178 0.5945250659630607 0.02165031534688157 0.07571240105540897
2 0.7288927820602664 0.7225857519788919 0.024096005606166784 0.08428100263852242
2 0.7517554309740716 0.7169261213720316 0.03712683952347582 0.0850065963060686
0 0.7854519971969165 0.7482519788918205 0.009978976874562019 0.021860158311345648
2 0.818051857042747 0.555527704485488 0.02897687456201822 0.052579155672823216
1 0.7698353188507359 0.3375593667546174 0.013573931324456903 0.04484828496042216
0 0.910063069376314 0.3464248021108179 0.006156271899088998 0.014406332453825858
2 0.5608339173090399 0.3508707124010554 0.01210581639803784 0.051398416886543535
2 0.5122354590049054 0.342532981530343 0.009446391030133146 0.0454353562005277
2 0.5119516468114926 0.32728891820580475 0.007456201822004205 0.04037598944591029
0 0.34332165381920116 0.2539248021108179 0.003563419761737912 0.008726912928759895