3 0.4095364583333333 0.28341666666666665 0.015088541666666667 0.045148148148148146
2 0.19343749999999998 0.48788888888888887 0.014307291666666666 0.054907407407407405
2 0.5958958333333333 0.3313611111111111 0.015276041666666665 0.05790740740740741
2 0.27217708333333335 0.15383333333333332 0.015203125000000001 0.03814814814814815
2 0.47089583333333335 0.5293703703703704 0.013567708333333334 0.060870370370370366
2 0.5425677083333333 0.24558333333333335 0.015432291666666665 0.028805555555555556
2 0.33473958333333337 0.1871388888888889 0.01309375 0.03994444444444444
2 0.404515625 0.6358333333333334 0.017598958333333335 0.06113888888888889
2 0.17816666666666667 0.38200925925925927 0.013156250000000001 0.05319444444444445
2 0.20647395833333335 0.1821574074074074 0.011411458333333334 0.04326851851851852
2 0.38478124999999996 0.2928055555555556 0.013572916666666665 0.05566666666666666
2 0.36426041666666664 0.3200277777777778 0.015494791666666667 0.05290740740740741
2 0.3661822916666667 0.2667592592592593 0.012057291666666666 0.045287037037037035
2 0.34372395833333336 0.3305 0.011135416666666667 0.048018518518518516
2 0.6966458333333333 0.44622222222222224 0.012343749999999999 0.053518518518518514
3 0.21702083333333333 0.12118518518518519 0.014322916666666666 0.03889814814814815
2 0.16042708333333333 0.45278703703703704 0.012296875 0.05709259259259259
3 0.8071666666666667 0.9095740740740741 0.01608333333333333 0.06806481481481481
2 0.5085052083333333 0.2683240740740741 0.016557291666666665 0.0404537037037037
2 0.6655260416666666 0.2960462962962963 0.010708333333333332 0.04866666666666667
2 0.4923958333333333 0.25262037037037033 0.014 0.038981481481481485
2 0.19891145833333335 0.2808981481481482 0.014140624999999999 0.061796296296296294
2 0.51371875 0.24937962962962962 0.0118125 0.05739814814814815