2 0.2328125 0.5592592592592592 0.017708333333333333 0.05925925925925926
2 0.2828125 0.43148148148148147 0.016666666666666666 0.05740740740740741
2 0.5713541666666667 0.5263888888888889 0.015625 0.06388888888888888
2 0.38229166666666664 0.649537037037037 0.015625 0.06388888888888888
1 0.18382291666666667 0.3092962962962963 0.013473958333333334 0.051916666666666667
2 0.262453125 0.6610462962962963 0.02803125 0.060981481481481484
2 0.5129895833333333 0.43219444444444444 0.014645833333333334 0.058833333333333335
2 0.75640625 0.5275740740740741 0.011140625 0.06069444444444444
2 0.8416614583333334 0.5287037037037037 0.014598958333333334 0.06111111111111111
2 0.76953125 0.6373425925925926 0.015104166666666667 0.06358333333333334
2 0.6578177083333333 0.37347222222222226 0.010427083333333333 0.05250925925925926
2 0.4828645833333333 0.2313425925925926 0.010515625 0.04231481481481482
2 0.4779635416666667 0.26519444444444445 0.011786458333333333 0.045203703703703704
2 0.367296875 0.3174814814814815 0.013765625 0.05347222222222222
2 0.40046875 0.4022685185185185 0.013645833333333333 0.05824074074074074
2 0.3514791666666667 0.44225 0.013375 0.05301851851851851
2 0.300828125 0.5462777777777778 0.013114583333333334 0.051814814814814814
2 0.159875 0.735574074074074 0.021838541666666666 0.06744444444444445
2 0.263734375 0.7152777777777778 0.018364583333333333 0.06388888888888888
3 0.9373020833333333 0.9348055555555556 0.022270833333333333 0.07332407407407407
0 0.219328125 0.7252037037037037 0.007182291666666666 0.013379629629629628
2 0.31745833333333334 0.3575925925925926 0.015130208333333334 0.057777777777777775
2 0.3500520833333333 0.338787037037037 0.010520833333333333 0.05165740740740741
3 0.491515625 0.09782407407407408 0.010119791666666666 0.038240740740740735
3 0.4129947916666667 0.5291574074074075 0.016619791666666668 0.06387037037037037