2 0.3431770833333333 0.0933611111111111 0.013354166666666667 0.043166666666666666
2 0.24463020833333332 0.21697222222222223 0.01215625 0.05276851851851852
2 0.21902604166666664 0.699462962962963 0.017953125 0.07157407407407407
2 0.161265625 0.5558703703703703 0.015515625 0.06545370370370371
2 0.6195468749999999 0.19236111111111112 0.013161458333333332 0.04962962962962963
2 0.22354687499999998 0.431462962962963 0.015802083333333335 0.060861111111111116
2 0.14191145833333335 0.48250000000000004 0.017531249999999998 0.05098148148148148
2 0.5459739583333333 0.608175925925926 0.016364583333333335 0.06952777777777779
2 0.5140572916666667 0.34479629629629627 0.014973958333333334 0.054768518518518515
2 0.351953125 0.44811111111111107 0.017807291666666666 0.05853703703703703
2 0.19578125 0.8670092592592593 0.020739583333333332 0.07763888888888888
2 0.50896875 0.24625925925925923 0.0120625 0.05128703703703704
2 0.598453125 0.45861111111111114 0.014567708333333334 0.06818518518518518
2 0.7339218750000001 0.33678703703703705 0.014770833333333334 0.05337962962962963
2 0.7776614583333333 0.6188240740740741 0.01768229166666667 0.06713888888888889
2 0.45054687499999996 0.641425925925926 0.019114583333333334 0.06797222222222223
2 0.2598854166666667 0.45285185185185184 0.013317708333333334 0.05896296296296296
3 0.3155833333333333 0.47199074074074077 0.012104166666666666 0.05562037037037037
2 0.32022395833333334 0.5537222222222222 0.014380208333333333 0.06306481481481481
2 0.446734375 0.6151111111111112 0.016942708333333334 0.061064814814814815
3 0.2941875 0.046268518518518514 0.015401041666666667 0.043611111111111114
0 0.7078229166666666 0.35047222222222224 0.0073124999999999996 0.013907407407407407
3 0.8619635416666667 0.9418425925925926 0.02184375 0.08552777777777779
2 0.19963020833333334 0.3644537037037037 0.01592708333333333 0.0752037037037037