2 0.22517708333333333 0.5315740740740741 0.021713541666666666 0.047546296296296295
2 0.6988958333333334 0.31880555555555556 0.013578125 0.04086111111111111
2 0.5216822916666667 0.625212962962963 0.016552083333333335 0.0537962962962963
3 0.8208229166666666 0.8240092592592592 0.01838020833333333 0.055453703703703706
2 0.32767708333333334 0.4200277777777778 0.018880208333333332 0.04476851851851852
2 0.15063020833333332 0.5233425925925926 0.013515625 0.04866666666666667
2 0.19739062500000001 0.4609537037037037 0.015302083333333332 0.03833333333333333
2 0.25631770833333334 0.48415740740740737 0.014307291666666666 0.042027777777777775
2 0.17946874999999998 0.49290740740740746 0.016984375 0.04634259259259259
2 0.10884374999999999 0.6440277777777778 0.013385416666666667 0.056657407407407406
2 0.3913125 0.23153703703703704 0.012614583333333334 0.0347037037037037
2 0.8128229166666666 0.5451203703703704 0.013322916666666665 0.05239814814814815
2 0.5349947916666667 0.4678055555555556 0.017458333333333336 0.05567592592592593
2 0.7834739583333333 0.4309537037037037 0.011536458333333333 0.044972222222222226
2 0.33450520833333336 0.33628703703703705 0.013239583333333334 0.03835185185185185
2 0.6773697916666667 0.634 0.01696354166666667 0.050018518518518525
2 0.2628333333333333 0.5204537037037037 0.013822916666666666 0.04790740740740741
3 0.38148437500000004 0.4386388888888889 0.0136875 0.04466666666666667
3 0.38545833333333335 0.10458333333333333 0.010427083333333333 0.03239814814814815
2 0.3368229166666667 0.2608518518518519 0.012640624999999999 0.03622222222222222
2 0.272640625 0.3323888888888889 0.013260416666666667 0.03443518518518518
2 0.796546875 0.39235185185185184 0.010890625 0.04413888888888889
2 0.263609375 0.35174074074074074 0.013234375 0.037925925925925925
0 0.18614583333333332 0.4866203703703703 0.008010416666666667 0.014185185185185186
1 0.10603645833333333 0.3115462962962963 0.0155625 0.049638888888888885