2 0.6709110021023126 0.2502308707124011 0.011380518570427468 0.03673482849604221
2 0.6472004204625087 0.3931926121372032 0.013055360896986685 0.04038918205804749
2 0.4982025227750525 0.24266490765171503 0.010644709180098107 0.035171503957783644
2 0.4809250175192712 0.3340963060686016 0.010921513665031536 0.03610158311345646
2 0.6046250875963559 0.3000263852242744 0.012393132445690258 0.03932058047493404
2 0.5004940434477926 0.4954749340369393 0.01502803083391731 0.060844327176780996
2 0.7023300630693763 0.2892150395778364 0.013409250175192714 0.041688654353562005
2 0.4583917309039944 0.2859564643799472 0.011310441485634199 0.03149736147757256
2 0.7561072179397337 0.3667941952506596 0.015084092501751927 0.03953166226912929
2 0.3518465311843027 0.24725593667546172 0.010003503854239664 0.042104221635883905
2 0.3738472319551507 0.3208839050131926 0.009940434477925718 0.029281002638522426
2 0.45844779257182905 0.2734960422163588 0.009166082690960056 0.02429419525065963
2 0.4676419060967064 0.27797493403693935 0.01195865451997197 0.031246701846965697
2 0.22137000700770848 0.2966688654353562 0.01490189208128942 0.04771767810026385
2 0.3729852838121934 0.30314643799472296 0.009414856341976174 0.026820580474934033
2 0.45304835318850734 0.23859498680738786 0.009344779257182901 0.028911609498680737
3 0.3857358093903294 0.28931398416886545 0.010381920112123336 0.038812664907651714
2 0.4617589348283111 0.49938654353562006 0.013517869656622284 0.06775065963060685
2 0.1654625087596356 0.6065501319261214 0.017582340574632094 0.08230870712401056
2 0.11197967764540995 0.3722295514511873 0.014726699369306238 0.06221635883905013