2 0.19819791666666667 0.42389814814814814 0.015369791666666667 0.07628703703703704
2 0.6910572916666666 0.32346296296296295 0.016140625 0.05274074074074074
2 0.5472187500000001 0.5110555555555556 0.017765625 0.0654351851851852
2 0.5044322916666667 0.30126851851851855 0.016098958333333333 0.05542592592592593
2 0.3557916666666667 0.43393518518518515 0.014671875000000001 0.04381481481481481
2 0.35975520833333335 0.4742592592592593 0.016411458333333333 0.06340740740740741
2 0.4048333333333333 0.33475925925925926 0.013822916666666666 0.0563425925925926
2 0.6933020833333334 0.4470648148148148 0.014505208333333333 0.05533333333333333
2 0.8134791666666668 0.5596944444444445 0.017354166666666667 0.07005555555555555
2 0.617671875 0.6825648148148148 0.019072916666666665 0.06763888888888889
2 0.2920416666666667 0.3455925925925926 0.014010416666666666 0.05343518518518518
2 0.7021770833333334 0.3797962962962963 0.018260416666666668 0.06153703703703703
2 0.7140416666666667 0.4869814814814815 0.019854166666666666 0.06825925925925926
3 0.46366666666666667 0.40782407407407406 0.011932291666666667 0.05767592592592592
2 0.16150520833333332 0.6082037037037037 0.017052083333333336 0.06963888888888889
2 0.8509947916666667 0.5090092592592593 0.02219270833333333 0.06836111111111111
2 0.35183854166666667 0.2506574074074074 0.013744791666666667 0.052648148148148145
2 0.14102604166666666 0.5774444444444444 0.016661458333333334 0.06683333333333334
2 0.23521354166666666 0.3305648148148148 0.012677083333333334 0.057601851851851855
3 0.3043802083333333 0.20264814814814816 0.013526041666666665 0.05160185185185185
2 0.29622916666666665 0.22325 0.01309375 0.054037037037037036