2 0.353015625 0.32978703703703705 0.020833333333333332 0.04181481481481481
2 0.5558125 0.31569444444444444 0.01882291666666667 0.04530555555555556
3 0.39866145833333333 0.48462037037037037 0.014708333333333332 0.04875
2 0.7561927083333334 0.48241666666666666 0.019901041666666668 0.041935185185185186
2 0.6042552083333333 0.5498611111111111 0.01953125 0.04594444444444444
2 0.8592447916666667 0.5362777777777777 0.015885416666666666 0.05733333333333333
2 0.24717187499999999 0.45125925925925925 0.012963541666666667 0.04773148148148148
2 0.5327447916666667 0.4028333333333333 0.018630208333333335 0.056018518518518516
2 0.23147916666666665 0.47862037037037036 0.01575 0.048518518518518516
2 0.27241666666666664 0.3738425925925926 0.018677083333333334 0.051250000000000004
2 0.677359375 0.3658148148148148 0.019177083333333334 0.044787037037037035
2 0.710390625 0.36410185185185184 0.02694791666666667 0.05815740740740741
2 0.21172395833333332 0.42491666666666666 0.014223958333333333 0.05096296296296296
2 0.4471979166666667 0.6429259259259259 0.012682291666666668 0.05137962962962963
2 0.8866354166666667 0.47024074074074074 0.014484374999999999 0.05339814814814815
3 0.35360937499999995 0.23185185185185186 0.014208333333333333 0.0380462962962963
2 0.38813020833333334 0.43825925925925924 0.013156250000000001 0.045
2 0.31308854166666666 0.3026111111111111 0.017109375 0.049462962962962966
2 0.356875 0.2973703703703704 0.015005208333333332 0.03348148148148148
2 0.901921875 0.5769814814814814 0.012463541666666666 0.05991666666666666
0 0.32652604166666666 0.3309259259259259 0.005989583333333334 0.021722222222222223
1 0.07499479166666667 0.4508518518518519 0.01718229166666667 0.06035185185185186
2 0.7578072916666667 0.46723148148148147 0.020953125 0.05508333333333334
2 0.362953125 0.3002222222222222 0.015567708333333334 0.044287037037037034