2 0.3655208333333333 0.6738148148148149 0.020354166666666666 0.04622222222222223
2 0.30388020833333335 0.38328703703703704 0.011958333333333333 0.03986111111111111
2 0.16037500000000002 0.5011203703703704 0.01846354166666667 0.04448148148148148
2 0.05310416666666666 0.4249074074074074 0.0155625 0.041935185185185186
2 0.41635416666666664 0.708037037037037 0.019317708333333336 0.048212962962962964
2 0.48176562500000003 0.29720370370370375 0.012541666666666666 0.03308333333333333
2 0.54540625 0.3253240740740741 0.013645833333333333 0.03760185185185185
2 0.7571458333333333 0.40124074074074073 0.014421875 0.03777777777777778
2 0.5787864583333333 0.27464814814814814 0.010723958333333334 0.03651851851851852
2 0.15744791666666666 0.2948888888888889 0.014255208333333333 0.03375925925925926
2 0.16965104166666667 0.28214814814814815 0.010578124999999999 0.03153703703703704
2 0.13253125000000002 0.3650648148148148 0.011984375 0.040740740740740744
3 0.9407916666666666 0.6835740740740741 0.02796875 0.05893518518518518
2 0.4078958333333333 0.39585185185185184 0.011526041666666665 0.036444444444444446
2 0.9006822916666667 0.6401666666666667 0.022078125 0.05018518518518519
2 0.32476041666666666 0.5669537037037037 0.016369791666666668 0.04379629629629629
2 0.762296875 0.4540740740740741 0.011583333333333333 0.042499999999999996
3 0.6111875 0.46128703703703705 0.013057291666666667 0.04262037037037037
2 0.9094114583333333 0.6685925925925926 0.013546875000000002 0.04794444444444444
2 0.7392083333333334 0.4432407407407407 0.011072916666666667 0.04238888888888889
2 0.41169791666666666 0.3930462962962963 0.010973958333333334 0.039185185185185184
2 0.29991666666666666 0.5644074074074074 0.012338541666666668 0.0510462962962963
3 0.1494375 0.1830925925925926 0.011375 0.038407407407407404
2 0.624203125 0.3263888888888889 0.011947916666666667 0.04044444444444444
1 0.9109895833333332 0.3618981481481482 0.02197395833333333 0.057129629629629634