3 0.6208333333333333 0.3587962962962963 0.0125 0.049074074074074076
2 0.3455729166666667 0.28055555555555556 0.009895833333333333 0.046296296296296294
2 0.22708333333333333 0.6513888888888889 0.017708333333333333 0.058333333333333334
1 0.10302604166666667 0.3463148148148148 0.013348958333333332 0.04634259259259259
0 0.1195 0.365287037037037 0.005666666666666667 0.012055555555555555
2 0.19162500000000002 0.4074351851851852 0.0145 0.05375
2 0.4404635416666667 0.6927777777777778 0.01321875 0.05963888888888889
2 0.6651041666666667 0.7724074074074074 0.015625 0.06147222222222222
2 0.70496875 0.37777777777777777 0.0119375 0.05
2 0.7826093749999999 0.4623611111111111 0.007932291666666667 0.056212962962962965
2 0.7751458333333333 0.4720648148148148 0.011744791666666667 0.05709259259259259
2 0.7651302083333333 0.2767962962962963 0.011510416666666667 0.044333333333333336
2 0.6616197916666666 0.3440462962962963 0.011776041666666666 0.0492037037037037
2 0.64946875 0.2831111111111111 0.010395833333333333 0.047703703703703706
2 0.6678229166666667 0.16519444444444445 0.009609375 0.045203703703703704
2 0.42657291666666663 0.4111111111111111 0.010437499999999999 0.05185185185185185
2 0.5090833333333333 0.3355462962962963 0.009833333333333333 0.04332407407407407
3 0.32580729166666667 0.12358333333333334 0.007859375 0.036055555555555556
2 0.6787864583333333 0.3915 0.010692708333333334 0.049666666666666665
2 0.7312760416666666 0.2963425925925926 0.009489583333333333 0.040324074074074075
2 0.7328645833333333 0.2707685185185185 0.007010416666666667 0.022694444444444444
2 0.75134375 0.1628425925925926 0.010151041666666666 0.030574074074074076
2 0.8588697916666667 0.8828796296296296 0.014906250000000001 0.06875925925925927
2 0.8350989583333334 0.8166944444444444 0.014541666666666668 0.06024074074074074
2 0.8100729166666666 0.8938981481481482 0.012770833333333334 0.06828703703703703
3 0.84221875 0.8845092592592593 0.017489583333333333 0.06076851851851851