3 0.36086979166666666 0.4675925925925926 0.014583333333333334 0.05740740740740741
2 0.3078125 0.5217592592592593 0.013541666666666667 0.06018518518518518
2 0.42890625 0.6592592592592592 0.016145833333333335 0.06851851851851852
2 0.3536458333333333 0.5880740740740741 0.014583333333333334 0.06851851851851852
2 0.17430729166666667 0.6529814814814815 0.021531250000000002 0.06522222222222222
2 0.156890625 0.5716759259259259 0.02003125 0.06001851851851851
2 0.21935416666666668 0.4900555555555555 0.016828125000000003 0.0634537037037037
2 0.26440625 0.2995185185185185 0.0131875 0.054592592592592595
2 0.46830208333333334 0.34187962962962964 0.013692708333333333 0.05598148148148148
2 0.5263645833333334 0.2155277777777778 0.015223958333333334 0.05327777777777778
2 0.6984479166666666 0.3674351851851852 0.013567708333333334 0.05525
2 0.78140625 0.6198148148148148 0.021151041666666665 0.0655462962962963
2 0.6428802083333333 0.67375 0.01596875 0.07712037037037038
2 0.6509479166666666 0.7450462962962963 0.015432291666666665 0.06972222222222221
2 0.545828125 0.5767037037037037 0.017697916666666664 0.06822222222222223
2 0.5872239583333333 0.5779074074074074 0.016119791666666668 0.06508333333333334
2 0.42932812499999995 0.5917129629629629 0.013869791666666666 0.06305555555555555
2 0.38509375 0.6609166666666666 0.025390625 0.06628703703703705
2 0.3023489583333333 0.7257222222222222 0.018239583333333333 0.0699537037037037
2 0.429625 0.8070648148148148 0.022791666666666665 0.07893518518518519
0 0.4359166666666667 0.7612037037037037 0.008286458333333333 0.0187037037037037
3 0.793359375 0.8470185185185185 0.01484375 0.0699537037037037
3 0.3479114583333333 0.054425925925925926 0.011447916666666667 0.04033333333333333
2 0.19857291666666665 0.6528148148148147 0.027359375000000002 0.07414814814814814