3 0.26979166666666665 0.4782592592592592 0.015083333333333334 0.052814814814814814
2 0.4662864583333333 0.5623055555555555 0.018963541666666663 0.05511111111111111
2 0.13120833333333332 0.2573888888888889 0.016229166666666666 0.04438888888888889
2 0.126109375 0.3305277777777778 0.015578125 0.04625925925925926
2 0.29628125 0.43398148148148147 0.015500000000000002 0.05200925925925926
2 0.45399999999999996 0.416787037037037 0.015255208333333332 0.05162962962962963
3 0.12574479166666666 0.1665462962962963 0.014901041666666667 0.03684259259259259
2 0.44463541666666667 0.3085 0.016723958333333334 0.046537037037037036
2 0.4570989583333333 0.2619444444444444 0.015020833333333334 0.04544444444444444
2 0.5346302083333333 0.4004537037037037 0.016932291666666665 0.05277777777777778
3 0.702578125 0.9679259259259259 0.022354166666666668 0.06414814814814815
2 0.09958333333333333 0.4776759259259259 0.016489583333333332 0.05617592592592593
2 0.38015104166666663 0.4560092592592593 0.013932291666666667 0.05106481481481481
2 0.10161979166666667 0.36813888888888885 0.015630208333333333 0.04820370370370371
2 0.6453125 0.39246296296296296 0.013859375 0.04961111111111111
2 0.5491979166666667 0.3342037037037037 0.012947916666666667 0.046175925925925926
2 0.5110520833333333 0.6313425925925926 0.014489583333333333 0.059444444444444446
2 0.19448437500000001 0.31461111111111106 0.015557291666666667 0.04165740740740741
2 0.41423437500000004 0.3799166666666667 0.011869791666666666 0.052861111111111116
2 0.20667708333333332 0.2971944444444445 0.013130208333333334 0.038314814814814815
2 0.5530260416666667 0.43889814814814815 0.011765625 0.05193518518518519
2 0.25309895833333335 0.34648148148148145 0.015416666666666667 0.05277777777777778
2 0.26684895833333333 0.3476296296296296 0.014604166666666666 0.04699074074074074
0 0.27689583333333334 0.11415740740740742 0.008354166666666666 0.014324074074074074