2 0.880859375 0.5751296296296297 0.009197916666666667 0.02160185185185185
2 0.6879583333333333 0.62675 0.012057291666666666 0.028777777777777777
2 0.6840260416666666 0.4793148148148148 0.0069947916666666665 0.01937962962962963
0 0.650390625 0.6147037037037038 0.0027916666666666667 0.006574074074074073
0 0.6522760416666666 0.6061574074074074 0.0028385416666666667 0.007953703703703704
0 0.60590625 0.505175925925926 0.0033125000000000003 0.0073518518518518525
0 0.6225052083333333 0.47901851851851857 0.0031562499999999998 0.009277777777777777
0 0.64046875 0.4790462962962963 0.0036979166666666666 0.007166666666666667
0 0.654203125 0.4789907407407407 0.00309375 0.006324074074074074
0 0.6712708333333333 0.4794444444444444 0.0022500000000000003 0.005074074074074075
0 0.7349114583333333 0.5231851851851852 0.0030260416666666665 0.005055555555555555
0 0.7582760416666667 0.5283148148148149 0.0021666666666666666 0.005194444444444445
0 0.6541302083333334 0.6119259259259259 0.0017239583333333334 0.0039259259259259265
0 0.6556302083333333 0.6094259259259259 0.0026927083333333334 0.005416666666666666
0 0.6573645833333334 0.6115185185185186 0.0029166666666666664 0.005268518518518519
0 0.6634114583333334 0.6167685185185185 0.0032135416666666666 0.006379629629629629
0 0.32493229166666665 0.6195833333333333 0.0031041666666666665 0.005481481481481481
0 0.32772395833333334 0.6225370370370371 0.003395833333333333 0.006342592592592592
0 0.330046875 0.624787037037037 0.0031718749999999998 0.005777777777777778
0 0.333046875 0.6270185185185184 0.0034739583333333332 0.005888888888888889
0 0.33564583333333337 0.6295092592592593 0.0029739583333333332 0.005824074074074074
0 0.4237708333333333 0.527175925925926 0.00228125 0.007240740740740741
0 0.420625 0.5272129629629629 0.002494791666666667 0.00587962962962963
0 0.2840052083333333 0.4807777777777778 0.003015625 0.004842592592592593
0 0.4254375 0.49359259259259264 0.0027760416666666667 0.005888888888888889
0 0.4289895833333333 0.4932962962962963 0.0025520833333333337 0.006009259259259259
0 0.31371875 0.42285185185185187 0.0029166666666666664 0.004416666666666666