3 0.8146614583333334 0.8536574074074075 0.018541666666666668 0.055240740740740736
2 0.5655 0.41335185185185186 0.011828125 0.034666666666666665
2 0.3973229166666667 0.32612037037037034 0.012151041666666666 0.04069444444444445
2 0.5424687499999999 0.2038425925925926 0.011239583333333332 0.03885185185185185
2 0.4807135416666667 0.3866759259259259 0.01225 0.04399074074074074
2 0.7948645833333334 0.38575925925925925 0.011567708333333334 0.0428425925925926
2 0.708890625 0.29306481481481483 0.011343750000000001 0.041249999999999995
2 0.729265625 0.6986203703703704 0.013166666666666667 0.054685185185185184
2 0.4480625 0.3600833333333333 0.0129375 0.041277777777777774
2 0.74528125 0.26362037037037034 0.010661458333333334 0.041462962962962965
2 0.31854166666666667 0.32862962962962966 0.011083333333333334 0.050277777777777775
2 0.8964114583333332 0.4227037037037037 0.0125 0.04633333333333333
2 0.7693697916666667 0.6187314814814815 0.013208333333333332 0.05294444444444445
3 0.38416145833333337 0.10862037037037037 0.010973958333333334 0.032379629629629626
2 0.8032552083333333 0.33699999999999997 0.010557291666666666 0.040157407407407406
2 0.7787291666666667 0.4006296296296296 0.011822916666666666 0.045361111111111116
2 0.78984375 0.45896296296296296 0.014265625 0.05280555555555556
2 0.24587499999999998 0.3392777777777778 0.012770833333333334 0.05061111111111111
2 0.229875 0.33967592592592594 0.01215625 0.04356481481481481
3 0.30819270833333334 0.3138796296296296 0.012244791666666668 0.045925925925925926
2 0.275453125 0.307287037037037 0.016864583333333336 0.05457407407407407
2 0.7483020833333334 0.33390740740740743 0.015369791666666667 0.054425925925925926
2 0.452484375 0.3495740740740741 0.015635416666666666 0.05578703703703704
0 0.30666666666666664 0.3494259259259259 0.006776041666666666 0.013833333333333333