2 0.14713541666666666 0.5314814814814814 0.016145833333333335 0.06111111111111111
2 0.09375 0.6375 0.013541666666666667 0.06388888888888888
2 0.7049479166666667 0.525 0.015104166666666667 0.05185185185185185
2 0.6828125 0.2924537037037037 0.013541666666666667 0.04600925925925926
3 0.2895364583333333 0.6116481481481482 0.01284375 0.05606481481481481
3 0.32453645833333333 0.09962962962962962 0.007135416666666667 0.03916666666666666
2 0.6123072916666668 0.23700000000000002 0.013854166666666667 0.044333333333333336
2 0.49541666666666667 0.27493518518518517 0.011755208333333333 0.046296296296296294
2 0.3473072916666667 0.5150833333333333 0.015723958333333333 0.05451851851851852
2 0.48990104166666665 0.6240277777777778 0.023046875 0.06030555555555555
2 0.49303125 0.5259907407407408 0.011598958333333333 0.05170370370370371
2 0.5011197916666666 0.4538425925925926 0.01777604166666667 0.053814814814814815
2 0.644625 0.37749074074074074 0.013057291666666667 0.048888888888888885
2 0.6359635416666667 0.40723148148148147 0.0134375 0.05227777777777778
2 0.6601510416666667 0.40532407407407406 0.018708333333333334 0.051194444444444445
2 0.783890625 0.35712037037037037 0.011416666666666667 0.04647222222222222
2 0.7414479166666667 0.46274074074074073 0.014276041666666666 0.052453703703703704
2 0.82259375 0.5158981481481482 0.009541666666666667 0.05339814814814815
2 0.81446875 0.5285462962962963 0.017156249999999998 0.055435185185185185
2 0.6851822916666667 0.6791574074074074 0.017208333333333332 0.05971296296296296
2 0.3040677083333333 0.6789166666666667 0.02084375 0.06061111111111111
2 0.12098437499999999 0.6232592592592593 0.016442708333333333 0.06557407407407406
3 0.9482812500000001 0.8210185185185186 0.016140625 0.06643518518518518