2 0.39783854166666666 0.5540648148148148 0.016947916666666667 0.04694444444444445
2 0.20558333333333334 0.2212962962962963 0.012505208333333333 0.04013888888888889
2 0.425140625 0.5057962962962963 0.017703125 0.054287037037037036
2 0.3579114583333334 0.4729351851851852 0.015984375000000002 0.048527777777777774
2 0.16794270833333333 0.4882037037037037 0.015895833333333335 0.05918518518518519
2 0.5689270833333333 0.20512037037037037 0.012546875 0.039842592592592596
2 0.38303645833333333 0.3158148148148148 0.014906250000000001 0.044787037037037035
2 0.4544947916666667 0.22225925925925924 0.011885416666666667 0.033611111111111105
2 0.2677447916666667 0.4207314814814815 0.018114583333333333 0.02752777777777778
2 0.1787291666666667 0.2629537037037037 0.012973958333333334 0.046620370370370375
2 0.17795833333333333 0.389962962962963 0.014421875 0.05316666666666667
2 0.15800520833333334 0.562212962962963 0.014494791666666666 0.05372222222222223
2 0.60040625 0.44987962962962963 0.015208333333333332 0.05340740740740741
2 0.426109375 0.5592685185185186 0.01904166666666667 0.05121296296296297
2 0.6123489583333334 0.38185185185185183 0.014734375 0.05176851851851851
3 0.18152604166666667 0.12381481481481481 0.014291666666666668 0.03752777777777778
2 0.666015625 0.4096759259259259 0.012192708333333333 0.05248148148148148
2 0.6087760416666667 0.31910185185185186 0.010869791666666666 0.04767592592592593
2 0.31368229166666667 0.3463333333333333 0.0115 0.045879629629629624
2 0.559390625 0.5768888888888889 0.0115625 0.05709259259259259
1 0.9484843749999999 0.36949074074074073 0.016682291666666668 0.06260185185185185
3 0.34900000000000003 0.4014351851851852 0.013276041666666665 0.04737962962962963
0 0.5561406249999999 0.5974999999999999 0.007390625 0.01512962962962963
3 0.8029270833333333 0.8206666666666668 0.020177083333333335 0.0766111111111111
2 0.16025 0.4627777777777778 0.014427083333333333 0.061731481481481484