2 0.4687864583333334 0.5390277777777778 0.016229166666666666 0.062157407407407404
3 0.173625 0.06225925925925926 0.015125 0.052175925925925924
2 0.5981197916666667 0.09685185185185184 0.011979166666666667 0.04491666666666667
2 0.6702083333333333 0.40296296296296297 0.016322916666666666 0.06160185185185185
2 0.29369791666666667 0.2709814814814815 0.013354166666666667 0.044314814814814814
2 0.5160104166666667 0.49721296296296297 0.01746354166666667 0.057129629629629634
2 0.8326145833333333 0.7069444444444445 0.01746354166666667 0.06964814814814815
2 0.4530208333333333 0.16971296296296295 0.016984375 0.047342592592592596
2 0.6615885416666667 0.18038888888888888 0.012994791666666667 0.04987962962962963
2 0.4465677083333333 0.32485185185185184 0.013380208333333334 0.056101851851851854
2 0.4038229166666667 0.3351388888888889 0.014385416666666668 0.054824074074074074
2 0.6553072916666667 0.29186111111111107 0.015255208333333332 0.05614814814814815
2 0.262609375 0.2379074074074074 0.02020833333333333 0.056351851851851854
3 0.8936770833333333 0.8762314814814816 0.02265625 0.07173148148148148
2 0.6326770833333334 0.3095833333333334 0.013640625 0.05477777777777777
2 0.3175572916666667 0.16874074074074075 0.012786458333333334 0.05077777777777778
2 0.353390625 0.7617870370370371 0.016791666666666667 0.06976851851851851
2 0.5617395833333333 0.34988888888888886 0.013364583333333334 0.056018518518518516
2 0.7152447916666667 0.40309259259259256 0.016927083333333332 0.0612037037037037
3 0.4864895833333333 0.28979629629629633 0.012109375 0.052953703703703704
2 0.3922291666666667 0.6095185185185185 0.016479166666666666 0.07283333333333333
2 0.7743020833333334 0.5764351851851851 0.014729166666666666 0.06964814814814815
2 0.15137499999999998 0.4543611111111111 0.014270833333333333 0.060472222222222226
3 0.26847916666666666 0.2542962962962963 0.006317708333333334 0.01611111111111111