2 0.17952083333333332 0.49867592592592597 0.023640625000000002 0.05614814814814815
2 0.46467187499999996 0.3876851851851852 0.023494791666666667 0.05250925925925926
2 0.7710677083333334 0.4479444444444444 0.022421874999999997 0.06156481481481481
2 0.27967708333333335 0.7109537037037037 0.026442708333333335 0.0635462962962963
2 0.7598697916666667 0.2584814814814815 0.01834895833333333 0.04776851851851852
2 0.39170312500000004 0.6631203703703703 0.028760416666666667 0.06587962962962964
2 0.2863697916666667 0.25655555555555554 0.018687500000000003 0.043916666666666666
2 0.752109375 0.1861851851851852 0.01596875 0.048157407407407406
3 0.9673125 0.9288148148148149 0.021546875 0.07592592592592592
2 0.6609947916666666 0.8395648148148148 0.023489583333333335 0.07537962962962963
2 0.35679687499999996 0.3919351851851852 0.02850520833333333 0.046796296296296294
2 0.8067916666666667 0.5320833333333334 0.019046875 0.045314814814814815
2 0.81684375 0.39862037037037035 0.017416666666666667 0.05803703703703704
2 0.4373125 0.6771296296296296 0.025520833333333333 0.06492592592592593
2 0.4842083333333333 0.583037037037037 0.027932291666666668 0.058694444444444445
2 0.6809635416666667 0.12607407407407406 0.014171875 0.04971296296296296
2 0.36703125000000003 0.7582962962962964 0.024468749999999997 0.06733333333333333
2 0.7258229166666667 0.8086851851851852 0.0215625 0.0724074074074074
3 0.3177083333333333 0.048888888888888885 0.014572916666666666 0.041944444444444444
3 0.589796875 0.4378796296296297 0.017520833333333333 0.048527777777777774
2 0.3880520833333333 0.5989074074074074 0.020666666666666667 0.0628888888888889
2 0.8052239583333333 0.510787037037037 0.01365625 0.046925925925925926
2 0.574234375 0.4106388888888889 0.01775 0.05393518518518518
2 0.8480416666666667 0.3690833333333333 0.014838541666666667 0.05961111111111111
0 0.37992708333333336 0.6664444444444444 0.008119791666666666 0.02425