2 0.3796875 0.3681759259259259 0.015625 0.04537037037037037
2 0.4890625 0.6712962962962963 0.01875 0.05185185185185185
2 0.85625 0.5199074074074074 0.017708333333333333 0.04722222222222222
2 0.13776041666666666 0.6032407407407407 0.016145833333333335 0.05277777777777778
2 0.3878333333333333 0.5921481481481481 0.012130208333333333 0.05466666666666667
1 0.031739583333333335 0.4294259259259259 0.015567708333333334 0.0514537037037037
3 0.368625 0.16066666666666668 0.011213541666666667 0.03059259259259259
3 0.7073333333333333 0.4291759259259259 0.012583333333333334 0.04537962962962963
2 0.5387552083333333 0.440712962962963 0.010838541666666666 0.04625
2 0.63384375 0.2680277777777778 0.016651041666666665 0.03975925925925926
2 0.5891614583333333 0.4617962962962963 0.01686979166666667 0.04766666666666666
2 0.6549010416666667 0.43989814814814815 0.015010416666666667 0.04646296296296296
2 0.7612916666666667 0.3917037037037037 0.018411458333333335 0.05562037037037037
2 0.8406770833333332 0.2774351851851852 0.014682291666666668 0.04747222222222223
2 0.8580364583333334 0.32139814814814816 0.01190625 0.03723148148148148
2 0.810703125 0.4367685185185185 0.014109375 0.04575925925925926
2 0.7316041666666667 0.536675925925926 0.012166666666666666 0.04557407407407407
2 0.7935260416666666 0.6461481481481481 0.017255208333333334 0.04600925925925926
2 0.83090625 0.6807222222222222 0.02014583333333333 0.05960185185185186
2 0.8989375000000001 0.5103518518518518 0.019755208333333333 0.050333333333333334
2 0.8635364583333334 0.41071296296296295 0.014572916666666666 0.051055555555555555
2 0.9003802083333333 0.4245092592592593 0.013255208333333332 0.04900925925925926
2 0.9033802083333333 0.39713888888888893 0.013010416666666667 0.04797222222222222
0 0.7931718750000001 0.4010925925925926 0.0050885416666666666 0.011444444444444445