2 0.14477083333333332 0.601287037037037 0.014109375 0.047481481481481486
2 0.5784427083333333 0.38734259259259257 0.012541666666666666 0.03625
2 0.5175260416666666 0.3292037037037037 0.010234374999999999 0.036981481481481476
2 0.7265364583333334 0.6613611111111111 0.014109375 0.050277777777777775
3 0.9078125 0.6892592592592592 0.017828124999999997 0.048101851851851854
2 0.8516302083333334 0.6201018518518518 0.015333333333333334 0.04031481481481482
2 0.8713229166666667 0.645537037037037 0.013682291666666667 0.045703703703703705
2 0.5523020833333334 0.3508981481481482 0.011645833333333333 0.03752777777777778
2 0.690984375 0.43014814814814817 0.011307291666666667 0.03622222222222222
2 0.6112135416666666 0.35441666666666666 0.01246875 0.03373148148148148
2 0.6442239583333333 0.4073425925925926 0.012885416666666667 0.03751851851851852
2 0.5377708333333333 0.4824444444444444 0.011380208333333334 0.04238888888888889
2 0.7634791666666667 0.5959074074074074 0.013296875000000001 0.04106481481481482
2 0.657765625 0.4008703703703704 0.01246875 0.035925925925925924
1 0.6936458333333333 0.3761111111111111 0.011192708333333332 0.039129629629629625
2 0.10385416666666666 0.49382407407407414 0.010552083333333333 0.0422962962962963
2 0.46352604166666667 0.47074074074074074 0.010609375 0.039657407407407405
3 0.5142239583333333 0.3935740740740741 0.010088541666666668 0.03996296296296296
2 0.6285520833333333 0.4078148148148148 0.013140625 0.040388888888888884
2 0.6349374999999999 0.3694537037037037 0.014484374999999999 0.034351851851851856
0 0.8647760416666667 0.6624351851851852 0.005911458333333333 0.013833333333333333
2 0.6756770833333333 0.4987777777777777 0.010427083333333333 0.04468518518518518
2 0.616359375 0.3787962962962963 0.010369791666666666 0.03780555555555555
2 0.624515625 0.3856851851851852 0.008359375 0.041305555555555554
3 0.06302604166666667 0.27996296296296297 0.00940625 0.038935185185185184