1 0.05813541666666667 0.5455648148148149 0.012223958333333333 0.029583333333333333
1 0.8939583333333334 0.4740462962962963 0.007765625 0.025027777777777777
2 0.9473541666666667 0.6098148148148148 0.010645833333333334 0.03564814814814815
2 0.2071875 0.45667592592592593 0.009859375 0.02499074074074074
2 0.34491145833333337 0.5781018518518519 0.010348958333333333 0.030731481481481478
0 0.25931770833333334 0.6328148148148148 0.0053124999999999995 0.009509259259259259
0 0.26260416666666664 0.6348518518518519 0.0043906249999999996 0.011694444444444445
0 0.26559375 0.6374722222222222 0.004473958333333333 0.011212962962962963
0 0.26966666666666667 0.6410185185185184 0.005130208333333333 0.010703703703703705
0 0.27334895833333334 0.644 0.005 0.00999074074074074
0 0.3831197916666667 0.5098981481481482 0.0040104166666666665 0.009194444444444444
0 0.38718749999999996 0.510962962962963 0.004109375 0.008481481481481482
0 0.38975000000000004 0.4671944444444444 0.004416666666666667 0.009435185185185185
0 0.393625 0.4663333333333333 0.003072916666666667 0.006759259259259259
0 0.25400520833333334 0.38930555555555557 0.00378125 0.007805555555555555
0 0.2431875 0.3764166666666666 0.0035520833333333333 0.006777777777777778
0 0.15353124999999998 0.5338611111111111 0.004635416666666667 0.007648148148148148
0 0.003078125 0.5337407407407407 0.004546875000000001 0.008342592592592592
0 0.7780833333333333 0.4913518518518518 0.0033333333333333335 0.007305555555555556
0 0.7819270833333333 0.49492592592592594 0.00353125 0.006842592592592592
0 0.8765885416666667 0.47491666666666665 0.0028229166666666667 0.007749999999999999
0 0.6783489583333334 0.6179537037037037 0.0040625 0.009296296296296296
0 0.694625 0.6208703703703703 0.005567708333333333 0.008462962962962964
0 0.6830260416666667 0.6160740740740741 0.004307291666666667 0.010287037037037037
0 0.6845520833333333 0.6119907407407408 0.0030833333333333333 0.0059259259259259265
0 0.6866458333333333 0.6138611111111112 0.002984375 0.006805555555555555
0 0.6436041666666666 0.44537037037037036 0.0046875 0.009555555555555555
0 0.6650520833333334 0.44531481481481483 0.005302083333333333 0.009444444444444445
0 0.682109375 0.44495370370370374 0.0035520833333333333 0.008722222222222221
0 0.7043750000000001 0.44532407407407404 0.0036562499999999998 0.008509259259259258
0 0.7263697916666667 0.44392592592592595 0.0037447916666666667 0.0076296296296296294
2 0.24953125 0.37750925925925927 0.008213541666666666 0.023240740740740742
0 0.33608333333333335 0.5531574074074074 0.004671875000000001 0.009111111111111111
2 0.7730416666666666 0.48288888888888887 0.008770833333333334 0.031296296296296294
2 0.8018333333333333 0.39039814814814816 0.01015625 0.026166666666666668