2 0.2625 0.49386111111111114 0.008333333333333333 0.030787037037037036
2 0.88359375 0.6791666666666667 0.008854166666666666 0.04537037037037037
2 0.8609375 0.49444444444444446 0.00625 0.04259259259259259
0 0.2874166666666667 0.639888888888889 0.0036562499999999998 0.006768518518518518
0 0.29101041666666666 0.6428981481481482 0.0024375 0.006425925925925926
0 0.302921875 0.6531666666666667 0.003182291666666667 0.006037037037037037
0 0.2992916666666667 0.649425925925926 0.0030833333333333333 0.005657407407407408
0 0.346671875 0.48798148148148146 0.002932291666666667 0.0053981481481481484
0 0.435921875 0.45849074074074075 0.0026718749999999998 0.0054907407407407405
0 0.44061979166666665 0.4585648148148148 0.0026093749999999997 0.004888888888888889
0 0.432453125 0.507425925925926 0.00246875 0.005037037037037038
0 0.42731250000000004 0.5072037037037037 0.002911458333333333 0.005342592592592592
0 0.26170312500000004 0.5052685185185186 0.0024895833333333337 0.004092592592592592
2 0.26659375 0.43089814814814814 0.007229166666666667 0.029574074074074076
0 0.17221875 0.5242222222222221 0.0037500000000000003 0.00537037037037037
0 0.333015625 0.5303333333333333 0.002953125 0.005611111111111111
0 0.0203125 0.5147685185185186 0.002557291666666667 0.0036574074074074074
2 0.07046875000000001 0.5312222222222223 0.008026041666666667 0.035055555555555555
2 0.004520833333333333 0.5355833333333333 0.009041666666666667 0.02875
2 0.24481770833333333 0.34246296296296297 0.007093749999999999 0.025805555555555557
0 0.20599479166666665 0.3423703703703704 0.0036458333333333334 0.005166666666666667
0 0.9273854166666666 0.4805833333333333 0.003885416666666667 0.007527777777777778
0 0.8872812499999999 0.501462962962963 0.003015625 0.00650925925925926
0 0.89046875 0.5030462962962963 0.002890625 0.006944444444444444
0 0.78696875 0.6514537037037037 0.004572916666666666 0.008018518518518519
0 0.7676927083333334 0.6478148148148148 0.004416666666666667 0.00800925925925926
0 0.728671875 0.44485185185185183 0.005192708333333334 0.007935185185185186
0 0.7543385416666666 0.4451574074074074 0.0038125000000000004 0.007648148148148148
0 0.7753385416666667 0.44581481481481483 0.0033229166666666667 0.006231481481481482
0 0.8008958333333334 0.44710185185185186 0.004276041666666667 0.006981481481481482
0 0.8265885416666666 0.4478611111111111 0.00396875 0.0075833333333333326
2 0.7506875 0.34119444444444447 0.00828125 0.024481481481481483
1 0.9761979166666667 0.49978703703703703 0.011609375 0.031370370370370375
0 0.7781666666666667 0.6433888888888889 0.0028385416666666667 0.0064444444444444445
0 0.7752239583333334 0.6411296296296296 0.002640625 0.005601851851851852
0 0.7742395833333333 0.644888888888889 0.0034791666666666664 0.006074074074074074