2 0.37994791666666666 0.4708333333333333 0.008854166666666666 0.041666666666666664
2 0.30390625 0.3252407407407407 0.0067708333333333336 0.029157407407407406
1 0.8684895833333334 0.49907407407407406 0.008854166666666666 0.037037037037037035
1 0.163578125 0.3635462962962963 0.006807291666666667 0.029166666666666667
2 0.2714947916666667 0.4362962962962963 0.013067708333333334 0.03305555555555556
3 0.2619739583333333 0.4336666666666667 0.006307291666666667 0.03235185185185185
0 0.19408854166666664 0.5148703703703703 0.0038697916666666663 0.006453703703703704
0 0.30182291666666666 0.33719444444444446 0.002640625 0.005898148148148148
0 0.25769791666666664 0.4351203703703704 0.002901041666666667 0.005824074074074074
0 0.38346874999999997 0.48873148148148154 0.0031875000000000002 0.007462962962962964
0 0.4735416666666667 0.4520740740740741 0.0034583333333333332 0.006740740740740741
0 0.4790677083333333 0.4519074074074074 0.0030885416666666665 0.0069259259259259265
0 0.464046875 0.5038611111111111 0.0030260416666666665 0.006268518518518518
0 0.4696979166666667 0.504175925925926 0.0033750000000000004 0.006379629629629629
0 0.31466666666666665 0.6408240740740742 0.003484375 0.007111111111111111
0 0.3309739583333334 0.6553518518518519 0.00359375 0.0067314814814814815
0 0.32689583333333333 0.6517685185185185 0.0037500000000000003 0.0061574074074074074
0 0.3183229166666666 0.6445925925925926 0.002911458333333333 0.007037037037037037
0 0.32277083333333334 0.6477222222222222 0.0031510416666666666 0.006185185185185185
0 0.8313697916666667 0.6667500000000001 0.0038958333333333336 0.006685185185185185
0 0.8430364583333334 0.6611111111111111 0.0033229166666666667 0.007074074074074074
0 0.8387135416666667 0.6636666666666666 0.0031666666666666666 0.006101851851851851
0 0.8399010416666666 0.6592592592592592 0.0032604166666666667 0.0069259259259259265
0 0.79025 0.4451574074074074 0.003890625 0.0061111111111111106
0 0.81878125 0.44625 0.00384375 0.00525
0 0.8409010416666667 0.44746296296296295 0.0044062500000000004 0.006666666666666667
0 0.8700156250000001 0.45002777777777775 0.0035260416666666665 0.006194444444444445
0 0.8980520833333333 0.4507777777777778 0.003640625 0.006185185185185185
2 0.8232291666666666 0.5203425925925926 0.010958333333333332 0.033638888888888885
0 0.9659947916666667 0.3931574074074074 0.003625 0.006675925925925926
0 0.9751770833333333 0.39937962962962964 0.003140625 0.007435185185185184
1 0.9723645833333333 0.3899814814814815 0.006197916666666667 0.030268518518518518