1 0.354671875 0.43004629629629626 0.008822916666666668 0.02412962962962963
1 0.7599791666666668 0.45285185185185184 0.008432291666666668 0.023370370370370368
1 0.9320885416666667 0.42597222222222225 0.007734375 0.022027777777777778
2 0.143328125 0.5966296296296296 0.012036458333333333 0.03038888888888889
1 0.31971354166666666 0.5016574074074074 0.008135416666666666 0.02564814814814815
2 0.25753645833333333 0.4402037037037037 0.011239583333333332 0.02564814814814815
2 0.09369270833333333 0.6174074074074074 0.010765625000000001 0.030555555555555555
1 0.27043229166666666 0.46124074074074073 0.009802083333333333 0.01778703703703704
2 0.077390625 0.5975925925925926 0.010395833333333333 0.03265740740740741
2 0.5181614583333334 0.34467592592592594 0.009052083333333332 0.01837037037037037
2 0.12190625000000001 0.5791759259259259 0.01178125 0.02475
2 0.28015104166666666 0.4598333333333333 0.009723958333333334 0.02087962962962963
2 0.39696875 0.5908981481481481 0.008520833333333333 0.0317962962962963
2 0.4030833333333333 0.43921296296296297 0.00825 0.030277777777777782
2 0.39320312500000004 0.5046203703703703 0.007244791666666667 0.03331481481481481
2 0.4683541666666667 0.3602222222222222 0.006500000000000001 0.020435185185185185
2 0.12239583333333333 0.6125 0.009375 0.03797222222222222
2 0.10023958333333334 0.5791388888888889 0.008817708333333334 0.0342037037037037
2 0.11502083333333334 0.6019351851851852 0.008166666666666666 0.03535185185185185
2 0.12901041666666666 0.5987407407407407 0.0090625 0.03822222222222222
2 0.4702135416666666 0.34067592592592594 0.006057291666666667 0.02763888888888889
2 0.48134374999999996 0.3434537037037037 0.005390625 0.023935185185185188
2 0.5028541666666667 0.33851851851851855 0.006744791666666666 0.027046296296296297
2 0.485359375 0.3404722222222222 0.005093749999999999 0.029083333333333333
2 0.48971354166666664 0.33594444444444443 0.00546875 0.033
2 0.4935885416666667 0.33685185185185185 0.004890625 0.03295370370370371
0 0.7814427083333333 0.4572962962962963 0.003510416666666667 0.010898148148148148
0 0.804453125 0.4593888888888889 0.0036979166666666666 0.009518518518518518
0 0.824375 0.4603888888888889 0.002921875 0.009675925925925925
0 0.8483750000000001 0.4629907407407407 0.004036458333333334 0.009324074074074075
0 0.8716666666666666 0.4650648148148148 0.0037447916666666667 0.00975925925925926
0 0.8142083333333333 0.6389259259259259 0.004458333333333333 0.0074907407407407405
0 0.8200364583333334 0.6360925925925927 0.00465625 0.011083333333333334
0 0.8233958333333333 0.637287037037037 0.005125 0.007907407407407406
0 0.4009635416666667 0.559037037037037 0.005046875 0.008805555555555556
0 0.15696875 0.6087685185185185 0.0035260416666666665 0.011981481481481482
0 0.29396875 0.47055555555555556 0.0035572916666666665 0.011472222222222222
0 0.29502083333333334 0.45711111111111113 0.0035885416666666665 0.010527777777777777
0 0.29911979166666663 0.455712962962963 0.004489583333333333 0.007722222222222222
0 0.3367760416666667 0.4699351851851852 0.0037656250000000003 0.00838888888888889
0 0.39103645833333334 0.4505555555555556 0.00290625 0.006666666666666667
0 0.30469270833333334 0.4694166666666667 0.005218749999999999 0.009212962962962963