1 0.8837343750000001 0.356375 0.022546875 0.0504375
2 0.2436875 0.3484375 0.013453125 0.0420625
2 0.72028125 0.3930625 0.01928125 0.053968749999999996
3 0.510578125 0.41224999999999995 0.017109375 0.0504375
2 0.7405625 0.48743749999999997 0.018609375 0.0698125
2 0.44628125 0.957359375 0.030234375 0.085265625
2 0.42346874999999995 0.426859375 0.015875 0.060281249999999995
2 0.61178125 0.342671875 0.016859375 0.040796874999999996
2 0.48237500000000005 0.34325 0.014859375 0.037015625
2 0.34784375 0.730328125 0.047234375 0.10646875
2 0.205296875 0.587875 0.02778125 0.08982812500000001
2 0.22732812500000002 0.526625 0.0301875 0.079296875
2 0.186890625 0.486515625 0.037828125000000004 0.074578125
2 0.204640625 0.41353125 0.021265625 0.05884374999999999
2 0.2165 0.41690625 0.02153125 0.060390624999999996
2 0.449 0.38621875 0.02040625 0.048484375
2 0.6400781249999999 0.445796875 0.02271875 0.064375
2 0.8102031249999999 0.359375 0.020671875 0.043687500000000004
2 0.498640625 0.376484375 0.017953125 0.050546875000000005
2 0.52390625 0.368640625 0.022125 0.05390625
2 0.45328125 0.34296875 0.0128125 0.032265625
2 0.220296875 0.35926562500000003 0.018671874999999998 0.04346875
3 0.591078125 0.3078125 0.02096875 0.04159375