2 0.5958333333333333 0.5791666666666667 0.007291666666666667 0.03425925925925926
2 0.6488958333333333 0.5823333333333333 0.005317708333333334 0.025361111111111112
2 0.6626302083333333 0.5733055555555555 0.006776041666666666 0.02375
2 0.6826979166666667 0.5788981481481482 0.005890625 0.024148148148148148
2 0.6711718750000001 0.5937592592592592 0.0051041666666666674 0.024564814814814817
2 0.6766875 0.4642777777777778 0.004270833333333333 0.02060185185185185
2 0.6687916666666667 0.42486111111111113 0.004098958333333334 0.01837962962962963
2 0.6556354166666666 0.4274907407407407 0.004109375 0.016435185185185185
2 0.6334895833333333 0.43242592592592594 0.005223958333333333 0.018083333333333333
2 0.6206770833333334 0.4250462962962963 0.004171875 0.017722222222222223
2 0.6079635416666667 0.42575 0.004484375 0.015527777777777777
2 0.591890625 0.4554166666666667 0.004229166666666667 0.019851851851851853
2 0.619265625 0.46379629629629626 0.004244791666666667 0.020166666666666666
2 0.633171875 0.45761111111111114 0.004291666666666667 0.013972222222222223
2 0.6327291666666667 0.47367592592592594 0.003989583333333334 0.02037962962962963
2 0.6122916666666666 0.5298981481481481 0.005046875 0.02024074074074074
2 0.5479375 0.5606111111111112 0.00503125 0.023574074074074074
0 0.5404166666666667 0.5745555555555555 0.0027135416666666666 0.005175925925925926
2 0.5208489583333333 0.58 0.005510416666666667 0.024305555555555556
2 0.5049270833333334 0.6435555555555555 0.005182291666666667 0.029564814814814815
0 0.5036927083333333 0.6519351851851852 0.003302083333333333 0.006722222222222222
2 0.49891145833333334 0.642712962962963 0.004145833333333333 0.026333333333333334
0 0.6552395833333333 0.6126666666666666 0.0024427083333333336 0.004796296296296296
0 0.6571510416666667 0.6139074074074073 0.0026979166666666666 0.0040185185185185185
2 0.6624010416666667 0.4625648148148148 0.0043437499999999995 0.017694444444444443
2 0.6530208333333333 0.46044444444444443 0.0049479166666666664 0.01809259259259259
2 0.7502291666666667 0.409962962962963 0.004515625 0.017888888888888888
2 0.7997656249999999 0.4768055555555556 0.006083333333333333 0.0215
0 0.7214218750000001 0.5206481481481481 0.0026458333333333334 0.004814814814814815
1 0.8680052083333333 0.5453703703703704 0.008130208333333333 0.02237962962962963
0 0.4219375 0.5275925925925925 0.002026041666666667 0.005333333333333333
0 0.41986979166666666 0.5276481481481482 0.0016458333333333333 0.005453703703703704
2 0.39670833333333333 0.5678888888888889 0.006223958333333333 0.02475
2 0.36540625000000004 0.45119444444444445 0.004067708333333333 0.01810185185185185
2 0.3191822916666667 0.4275185185185185 0.005020833333333334 0.01958333333333333
2 0.27861979166666667 0.4192037037037037 0.004875 0.016833333333333332
2 0.25605208333333335 0.42038888888888887 0.004859375 0.017657407407407406
2 0.26133854166666665 0.4141388888888889 0.003572916666666667 0.015444444444444445
2 0.23273958333333333 0.42003703703703704 0.003635416666666667 0.01748148148148148
2 0.24333854166666666 0.4214722222222222 0.004588541666666667 0.01776851851851852
2 0.23890625 0.41583333333333333 0.0038229166666666667 0.01676851851851852
2 0.25025000000000003 0.4129907407407407 0.003947916666666666 0.018287037037037036
2 0.25645833333333334 0.4070833333333333 0.004796875000000001 0.010083333333333333
1 0.211125 0.4916388888888889 0.005229166666666666 0.02187037037037037
2 0.27681770833333336 0.5008425925925926 0.009369791666666665 0.021249999999999998
2 0.3307083333333333 0.5115370370370371 0.005807291666666667 0.021046296296296296
2 0.24451041666666665 0.5824537037037036 0.006932291666666667 0.023555555555555555
2 0.3095416666666667 0.5732222222222223 0.0054062500000000005 0.01897222222222222
2 0.29739583333333336 0.597037037037037 0.006109375 0.02546296296296296
2 0.3066510416666667 0.5972870370370371 0.008020833333333333 0.024935185185185185
2 0.32128125 0.6006296296296296 0.00546875 0.025444444444444443
2 0.34398958333333335 0.5817222222222223 0.004901041666666666 0.02415740740740741
2 0.33719791666666665 0.5860092592592593 0.005489583333333333 0.016259259259259258
2 0.334671875 0.5958703703703704 0.004484375 0.012842592592592591
2 0.35058854166666664 0.64625 0.006526041666666666 0.028777777777777777
2 0.34165104166666665 0.6077314814814815 0.004854166666666667 0.026796296296296297
2 0.33627604166666664 0.6085555555555555 0.004796875000000001 0.01867592592592593
0 0.31655729166666663 0.4991481481481482 0.0026666666666666666 0.005
0 0.29161979166666663 0.5199907407407408 0.0022500000000000003 0.004537037037037037
0 0.2973385416666667 0.5393518518518519 0.0026979166666666666 0.0057314814814814815
0 0.2927604166666667 0.48523148148148143 0.0022083333333333334 0.004935185185185186
0 0.28190624999999997 0.5207407407407407 0.0027708333333333335 0.005009259259259259
0 0.27595833333333336 0.4203425925925926 0.0021562499999999997 0.004712962962962963