2 0.514875 0.6498981481481482 0.010020833333333333 0.02578703703703704
2 0.291234375 0.4932592592592593 0.008270833333333333 0.01913888888888889
2 0.655671875 0.5882777777777778 0.006973958333333334 0.02047222222222222
2 0.6049895833333333 0.5670740740740742 0.008807291666666666 0.02198148148148148
2 0.8096770833333333 0.49397222222222226 0.005875 0.01961111111111111
2 0.4065052083333333 0.5576481481481481 0.007395833333333333 0.021944444444444444
2 0.5470833333333334 0.5605092592592593 0.008161458333333333 0.024555555555555556
2 0.20796875 0.5021388888888888 0.008895833333333332 0.020694444444444446
2 0.6071302083333333 0.4417685185185185 0.006854166666666666 0.016638888888888887
2 0.24372395833333332 0.4312685185185185 0.006828125 0.016685185185185185
2 0.6864375 0.5807592592592593 0.008046875 0.022000000000000002
2 0.2791927083333333 0.4239907407407408 0.0066458333333333335 0.015416666666666665
2 0.32268749999999996 0.4337314814814815 0.006958333333333333 0.018287037037037036
2 0.2445 0.5884444444444444 0.007875 0.027694444444444445
2 0.6285885416666667 0.4305555555555556 0.006817708333333334 0.013685185185185184
2 0.6648854166666667 0.5718425925925926 0.008895833333333332 0.019037037037037036
2 0.532140625 0.5499814814814815 0.006546875 0.022046296296296296
2 0.6084322916666667 0.538212962962963 0.006239583333333334 0.019185185185185184