2 0.5295208333333333 0.5793796296296296 0.00678125 0.02538888888888889
2 0.34213020833333335 0.5055740740740741 0.005213541666666667 0.022296296296296293
1 0.20775 0.5008888888888889 0.005260416666666667 0.022287037037037036
2 0.23333333333333334 0.42028703703703707 0.0046927083333333335 0.01725925925925926
2 0.241375 0.4218148148148148 0.003958333333333333 0.017972222222222223
2 0.26584375 0.4126574074074074 0.0031927083333333334 0.015398148148148147
2 0.2605885416666667 0.4238888888888889 0.0038229166666666667 0.01902777777777778
2 0.254234375 0.4183611111111111 0.004447916666666666 0.01787037037037037
2 0.25418229166666667 0.4063148148148148 0.004119791666666667 0.013203703703703704
2 0.23547395833333334 0.41058333333333336 0.004567708333333333 0.016092592592592592
2 0.24109375 0.4111666666666667 0.004114583333333334 0.007435185185185184
0 0.21108854166666668 0.5081388888888888 0.0020364583333333333 0.003212962962962963
0 0.2927135416666667 0.4849722222222222 0.0023177083333333335 0.004027777777777778
0 0.344859375 0.5149444444444444 0.0015781249999999999 0.0035462962962962965
0 0.3166927083333333 0.4988518518518518 0.00290625 0.006148148148148148
0 0.31177083333333333 0.5191481481481481 0.0023385416666666667 0.005101851851851851
0 0.30668229166666666 0.5205277777777777 0.0032291666666666666 0.006027777777777778
2 0.3369479166666667 0.5265462962962962 0.006005208333333333 0.024009259259259258
2 0.35852083333333334 0.48329629629629633 0.003927083333333334 0.021722222222222223
2 0.33322916666666663 0.584675925925926 0.004833333333333333 0.01898148148148148
2 0.356703125 0.5926203703703703 0.005442708333333333 0.0247962962962963
2 0.3504583333333333 0.5976666666666667 0.006078125 0.024370370370370372
2 0.3359375 0.6038888888888889 0.0049375 0.027203703703703702
2 0.327796875 0.5879629629629629 0.004526041666666666 0.02327777777777778
2 0.3265885416666666 0.5973703703703703 0.004682291666666667 0.02514814814814815
2 0.34425 0.5946666666666667 0.00525 0.02386111111111111
2 0.3413229166666667 0.6083240740740741 0.006348958333333333 0.02462962962962963
2 0.3634427083333333 0.5389166666666666 0.004505208333333333 0.012592592592592593
2 0.3626197916666667 0.5503333333333333 0.004916666666666666 0.023064814814814816
2 0.3204375 0.6886296296296297 0.00834375 0.029638888888888888
2 0.42530208333333336 0.5217222222222223 0.004651041666666666 0.021685185185185186
2 0.428 0.5144166666666667 0.0036145833333333334 0.01988888888888889
0 0.4293385416666667 0.5287870370370371 0.002421875 0.005148148148148147
2 0.5464375 0.558324074074074 0.00671875 0.024398148148148148
2 0.49262500000000004 0.6276851851851851 0.005166666666666667 0.025824074074074076
2 0.5038125 0.6414351851851852 0.00746875 0.027694444444444445
0 0.4986770833333333 0.6356296296296297 0.0028541666666666667 0.0060185185185185185
2 0.6042708333333333 0.4298240740740741 0.005 0.017305555555555557
2 0.6185468749999999 0.4265462962962963 0.0044531250000000005 0.01715740740740741
2 0.6327291666666667 0.42824074074074076 0.003734375 0.017796296296296296
2 0.6566875 0.42727777777777776 0.004020833333333333 0.01587037037037037
2 0.6704322916666666 0.425462962962963 0.004223958333333333 0.017277777777777777
2 0.6758854166666667 0.45819444444444446 0.004833333333333333 0.018657407407407407
2 0.6608125 0.4552407407407408 0.004552083333333333 0.0187037037037037
2 0.65171875 0.4584814814814815 0.004640625 0.019685185185185188
2 0.6369791666666667 0.4588148148148148 0.004765625 0.019435185185185184
2 0.620578125 0.46008333333333334 0.004401041666666666 0.021518518518518517
2 0.5915520833333333 0.45137037037037037 0.004796875000000001 0.017361111111111112
0 0.6880989583333333 0.48084259259259254 0.0021979166666666666 0.0053055555555555555
0 0.6711770833333334 0.4820925925925926 0.0026354166666666665 0.004759259259259259
0 0.65340625 0.4818425925925926 0.0023020833333333335 0.004574074074074074
0 0.62225 0.481287037037037 0.0023854166666666668 0.004037037037037038
0 0.6392447916666666 0.48155555555555557 0.0028072916666666667 0.003981481481481482
2 0.6267760416666667 0.4915185185185185 0.004890625 0.019546296296296294
2 0.6331614583333334 0.491 0.004067708333333333 0.023175925925925926
2 0.6624947916666667 0.5792129629629629 0.00921875 0.026490740740740742
2 0.697203125 0.5803518518518518 0.004880208333333333 0.025166666666666667
2 0.6816875 0.5934351851851851 0.006135416666666667 0.025046296296296296
2 0.67803125 0.573212962962963 0.008973958333333334 0.02325925925925926
0 0.6551979166666667 0.6124444444444445 0.0027760416666666667 0.004296296296296296
0 0.6570885416666666 0.6133796296296297 0.0025885416666666665 0.005083333333333334
2 0.28375 0.4202592592592593 0.005442708333333333 0.017805555555555557
0 0.37409375 0.41714814814814816 0.0023385416666666667 0.0037685185185185187
2 0.3825572916666667 0.4168425925925926 0.00559375 0.01712962962962963
0 0.420046875 0.5270648148148148 0.002348958333333333 0.005388888888888889
2 0.823953125 0.5388703703703703 0.007895833333333333 0.025425925925925928
1 0.838859375 0.5417592592592593 0.0081875 0.02699074074074074
0 0.9659375 0.7089537037037037 0.003927083333333334 0.005990740740740741