2 0.54396875 0.383140625 0.013140625 0.052000000000000005
2 0.6211875 0.454265625 0.01840625 0.061343749999999996
2 0.47984375 0.32065625 0.014171875 0.035828125
2 0.820828125 0.381859375 0.0143125 0.050328125
2 0.609609375 0.44857812499999994 0.01534375 0.06443750000000001
2 0.31940625 0.4125 0.01415625 0.054000000000000006
2 0.390890625 0.296 0.01509375 0.038328125000000005
2 0.72903125 0.293984375 0.012296875 0.0414375
2 0.349296875 0.36490625 0.015546874999999998 0.0458125
2 0.257859375 0.39475 0.013140625 0.0445625
2 0.743234375 0.31971875 0.012125 0.044203124999999996
3 0.4073125 0.378109375 0.0168125 0.055125
2 0.31842187499999997 0.32328125 0.0138125 0.05
2 0.5023593749999999 0.35715625 0.013390625 0.0455625
2 0.4058125 0.337203125 0.01353125 0.04534375
2 0.29226562500000003 0.3495625 0.015375 0.046703125
2 0.3560625 0.35534374999999996 0.011546875 0.041046875
1 0.26875 0.29803125 0.024890625 0.049515625
0 0.4369375 0.297265625 0.008640625 0.014093749999999999
3 0.978765625 0.269828125 0.01825 0.043296875
2 0.41889062499999996 0.32890625 0.0173125 0.038046875
2 0.27475 0.338234375 0.01246875 0.047234375
2 0.31296875 0.38725 0.017046875 0.0503125
2 0.383875 0.3044375 0.017796875 0.035234375