2 0.697421875 0.5783425925925926 0.007817708333333333 0.023490740740740743
2 0.5166197916666666 0.5734537037037037 0.008114583333333333 0.0227037037037037
2 0.4937083333333333 0.6356574074074074 0.011661458333333334 0.028555555555555556
1 0.23282291666666666 0.5170648148148148 0.009265625 0.020574074074074074
2 0.9299947916666667 0.7056018518518518 0.01009375 0.02765740740740741
2 0.662765625 0.5798333333333333 0.007614583333333333 0.023416666666666665
2 0.3109791666666667 0.5347222222222222 0.007255208333333333 0.028481481481481483
2 0.6816354166666667 0.5964629629629629 0.008760416666666666 0.022129629629629628
2 0.5646822916666667 0.5609907407407407 0.007671875 0.021879629629629627
2 0.35556249999999995 0.5820925925925926 0.00765625 0.02297222222222222
2 0.8419427083333333 0.5185555555555555 0.008135416666666666 0.02089814814814815
2 0.33966145833333333 0.5074722222222222 0.00828125 0.023574074074074074
2 0.63134375 0.45063888888888887 0.006598958333333333 0.017370370370370373
2 0.6200208333333334 0.4555740740740741 0.006307291666666667 0.019703703703703706
2 0.39095833333333335 0.49698148148148147 0.008286458333333333 0.019657407407407408
2 0.3606666666666667 0.5415462962962962 0.006984375 0.01786111111111111
2 0.28184895833333334 0.4108148148148148 0.00690625 0.01834259259259259
2 0.39636979166666664 0.4160462962962963 0.007276041666666667 0.01775925925925926
2 0.32840104166666667 0.5848888888888888 0.01009375 0.01487962962962963
2 0.35329166666666667 0.5658888888888889 0.008026041666666667 0.023092592592592595
2 0.5917708333333334 0.4485185185185185 0.005489583333333333 0.02148148148148148
2 0.3431979166666667 0.5985555555555556 0.007817708333333333 0.022861111111111113
2 0.6317864583333334 0.4376759259259259 0.006625000000000001 0.01690740740740741
2 0.46677083333333336 0.7504814814814814 0.0094375 0.029824074074074076
0 0.34244270833333335 0.5160092592592592 0.003359375 0.005601851851851852
0 0.316859375 0.49947222222222215 0.003953125 0.006240740740740741
0 0.2931458333333333 0.48574074074074075 0.0034583333333333332 0.0045000000000000005
0 0.311859375 0.5190648148148148 0.0032760416666666667 0.007138888888888889
0 0.30663541666666666 0.5211481481481481 0.0021510416666666666 0.0050185185185185185
0 0.3294479166666667 0.6292777777777778 0.002125 0.00525
0 0.3290625 0.6260555555555556 0.0020052083333333332 0.00450925925925926
0 0.33221354166666667 0.6260092592592593 0.0021979166666666666 0.004981481481481482
0 0.4195989583333333 0.528 0.0020833333333333333 0.006138888888888889
0 0.6222395833333334 0.48178703703703707 0.0016666666666666668 0.004583333333333333
0 0.6394895833333333 0.48167592592592595 0.0020937499999999997 0.003787037037037037
0 0.653609375 0.4821944444444444 0.0033229166666666667 0.004824074074074074
0 0.6713854166666666 0.48265740740740737 0.0038385416666666668 0.005175925925925926
0 0.6879947916666667 0.4822962962962963 0.0029791666666666664 0.006185185185185185
0 0.7215572916666667 0.5209351851851852 0.00259375 0.005722222222222222
0 0.6552604166666666 0.6126574074074074 0.002125 0.005157407407407407
0 0.65725 0.6141851851851853 0.0022447916666666666 0.004768518518518519
0 0.3965052083333333 0.421962962962963 0.0018645833333333333 0.006092592592592593
2 0.264171875 0.4196111111111111 0.0043437499999999995 0.016814814814814814
2 0.26452604166666666 0.41325925925925927 0.005052083333333333 0.019555555555555555
2 0.24231770833333333 0.41982407407407407 0.004354166666666667 0.015546296296296296
2 0.22941145833333335 0.4173796296296296 0.0039375 0.019787037037037037
2 0.24536458333333336 0.41753703703703704 0.0043437499999999995 0.01897222222222222
2 0.25002083333333336 0.4093148148148148 0.005296875 0.018518518518518517
2 0.23748958333333334 0.4111944444444444 0.0033802083333333336 0.015416666666666665
2 0.365953125 0.4412037037037037 0.005380208333333333 0.02115740740740741
2 0.37686458333333334 0.4834629629629629 0.0040572916666666665 0.021074074074074075
2 0.3409583333333333 0.5423425925925927 0.006822916666666666 0.025675925925925925
2 0.35128645833333333 0.5416111111111112 0.005619791666666666 0.02421296296296296
2 0.6502239583333334 0.4529537037037037 0.005557291666666667 0.022351851851851852
2 0.6064427083333332 0.4378888888888889 0.00671875 0.019666666666666666
2 0.6209895833333333 0.4402685185185185 0.004630208333333333 0.020990740740740744
2 0.6600677083333333 0.434462962962963 0.0040260416666666665 0.017953703703703704
2 0.6608697916666666 0.4510925925925926 0.0053124999999999995 0.019203703703703702
2 0.6760416666666667 0.4515648148148148 0.005760416666666667 0.02014814814814815
2 0.6767083333333334 0.5733240740740742 0.006447916666666667 0.02535185185185185
2 0.6759531249999999 0.4357962962962963 0.005583333333333333 0.020055555555555556
2 0.6240833333333333 0.4906203703703704 0.004713541666666667 0.021111111111111112
2 0.6330260416666668 0.4933888888888889 0.005557291666666667 0.023787037037037037
2 0.6348489583333333 0.4889907407407407 0.005020833333333334 0.023564814814814813