2 0.6057916666666666 0.6617314814814814 0.008911458333333334 0.025175925925925928
2 0.5071458333333333 0.6098055555555556 0.008354166666666666 0.023472222222222224
1 0.17008333333333334 0.5131851851851852 0.009390625000000001 0.026064814814814815
2 0.6929427083333334 0.5181666666666667 0.011286458333333334 0.020555555555555556
2 0.6827708333333333 0.5729074074074074 0.009250000000000001 0.021435185185185186
2 0.6107760416666667 0.4412962962962963 0.004708333333333333 0.01875925925925926
2 0.708203125 0.589925925925926 0.007729166666666666 0.02900925925925926
2 0.6451354166666667 0.4431759259259259 0.006604166666666666 0.01862037037037037
2 0.19151041666666666 0.5122962962962962 0.008276041666666668 0.02575
2 0.37169270833333334 0.5078055555555555 0.007619791666666667 0.02089814814814815
2 0.18425520833333334 0.7140462962962962 0.010260416666666666 0.02997222222222222
2 0.3586927083333334 0.42716666666666664 0.006541666666666667 0.019398148148148147
2 0.6316354166666667 0.49137962962962967 0.006291666666666667 0.021416666666666667
2 0.3310416666666667 0.4768981481481481 0.007182291666666666 0.01675
2 0.6922135416666666 0.6026203703703704 0.009671875 0.025944444444444444
1 0.8309947916666667 0.5125648148148149 0.007916666666666666 0.02262962962962963
2 0.3080104166666667 0.5198148148148148 0.009890624999999998 0.027138888888888886
2 0.6441874999999999 0.49525925925925923 0.0049375 0.019342592592592592
2 0.5994947916666666 0.5600740740740741 0.010802083333333332 0.023370370370370368
2 0.7410885416666667 0.559962962962963 0.007197916666666667 0.026796296296296297
2 0.38910937500000004 0.48143518518518524 0.006609375 0.02210185185185185
2 0.6718020833333332 0.5848703703703704 0.007984375 0.030842592592592595
2 0.30286979166666667 0.49632407407407403 0.006760416666666667 0.018842592592592595
2 0.620046875 0.46902777777777777 0.006932291666666667 0.019435185185185184
2 0.7020208333333334 0.4543240740740741 0.005213541666666667 0.021
2 0.340375 0.6065462962962963 0.0072656249999999995 0.02722222222222222
2 0.350796875 0.5308888888888889 0.007208333333333333 0.02335185185185185
2 0.36110416666666667 0.48021296296296295 0.005005208333333333 0.0202962962962963
2 0.3848958333333333 0.5249814814814815 0.0066145833333333326 0.025824074074074076
2 0.42146354166666666 0.4927777777777778 0.005171875 0.022564814814814815
2 0.4278385416666667 0.4907314814814815 0.005380208333333333 0.020185185185185184
2 0.31561458333333337 0.4940555555555556 0.007572916666666666 0.022833333333333334
2 0.299640625 0.5269351851851852 0.006166666666666667 0.02515740740740741
2 0.22291145833333334 0.5219074074074074 0.007015625 0.027675925925925927
0 0.11641666666666667 0.5829444444444445 0.003625 0.00687037037037037
2 0.31499479166666666 0.4448148148148148 0.006651041666666666 0.019222222222222224
2 0.361453125 0.4170185185185185 0.0050625 0.017925925925925925
2 0.3769635416666667 0.4267962962962963 0.004895833333333334 0.01749074074074074
2 0.3905208333333333 0.4265648148148148 0.0050104166666666665 0.01873148148148148
2 0.3969166666666667 0.42362962962962963 0.003973958333333334 0.015712962962962963
2 0.3990572916666667 0.41212037037037036 0.0050416666666666665 0.017277777777777777
2 0.3946979166666667 0.41003703703703703 0.0037135416666666666 0.01425
2 0.36903125 0.4081759259259259 0.005098958333333333 0.017953703703703704
2 0.36361979166666664 0.4102777777777778 0.003932291666666666 0.015296296296296296
2 0.526734375 0.5945925925925926 0.008687499999999999 0.027314814814814816
2 0.5723333333333334 0.4195185185185185 0.005046875 0.016638888888888887
2 0.5740520833333334 0.42353703703703705 0.0052656249999999995 0.016675925925925927
2 0.5739010416666667 0.41500925925925924 0.002078125 0.016203703703703703
2 0.6009375 0.4606759259259259 0.003427083333333333 0.01837037037037037
2 0.6270416666666667 0.4398333333333333 0.0038802083333333336 0.01897222222222222
2 0.6565989583333334 0.4409259259259259 0.004479166666666667 0.016009259259259258
2 0.6733958333333334 0.442462962962963 0.00528125 0.015675925925925926
2 0.6751979166666667 0.4674537037037037 0.005348958333333333 0.022212962962962962
2 0.68540625 0.4667777777777778 0.004234375 0.02085185185185185
2 0.689984375 0.4777962962962963 0.006 0.02175925925925926
2 0.6521875 0.4656666666666667 0.007875 0.019777777777777776
2 0.6358750000000001 0.4644259259259259 0.004505208333333333 0.01958333333333333
2 0.6420989583333333 0.490962962962963 0.0036145833333333334 0.020925925925925928
0 0.6873229166666667 0.5638981481481481 0.0025989583333333333 0.007648148148148148
0 0.7047395833333333 0.528888888888889 0.004640625 0.007907407407407406
0 0.6828645833333333 0.4726018518518519 0.0026875000000000002 0.006796296296296296
0 0.6711875 0.4738888888888889 0.0024739583333333332 0.006518518518518519
0 0.6097395833333333 0.570861111111111 0.0027031250000000002 0.007277777777777778
0 0.6559114583333333 0.6123981481481481 0.0031093749999999997 0.005777777777777778
0 0.6685 0.608175925925926 0.0019270833333333334 0.006472222222222222
0 0.5090677083333334 0.614712962962963 0.004213541666666667 0.005268518518518519
0 0.3295416666666667 0.6293333333333333 0.0023177083333333335 0.005351851851851852
0 0.3216875 0.5013518518518519 0.003 0.006555555555555556
0 0.36754166666666666 0.5163888888888889 0.002125 0.0052037037037037034
0 0.334703125 0.5326296296296297 0.003635416666666667 0.0051111111111111105
0 0.0315625 0.7047962962962963 0.003015625 0.0053981481481481484
0 0.07144791666666667 0.7238240740740741 0.005630208333333333 0.008027777777777778
0 0.16692708333333334 0.6789166666666667 0.004984375 0.0073518518518518525
0 0.20560937499999998 0.7067407407407407 0.004234375 0.008138888888888888
0 0.31693229166666664 0.4423148148148148 0.002494791666666667 0.003944444444444444
0 0.32021354166666666 0.499712962962963 0.0016614583333333334 0.0044444444444444444
0 0.420828125 0.50025 0.002614583333333333 0.006083333333333334
0 0.6471770833333333 0.45013888888888887 0.002677083333333333 0.005287037037037037
0 0.6174583333333333 0.47410185185185183 0.00271875 0.004638888888888889
2 0.6190677083333332 0.4765277777777778 0.007984375 0.023398148148148147
0 0.7066250000000001 0.5112407407407408 0.0023072916666666667 0.005759259259259259
0 0.707796875 0.5141388888888889 0.002078125 0.004703703703703704
0 0.7556197916666666 0.5565740740740741 0.004177083333333333 0.008416666666666666