2 0.30793622985283814 0.2674142480211082 0.009779257182901192 0.039894459102902374
2 0.3811107217939734 0.3555870712401056 0.01313594954449895 0.05418865435356201
2 0.576489138051857 0.4059036939313984 0.014071478626489137 0.06178759894459103
2 0.48787316047652424 0.33903693931398415 0.011657323055360899 0.05222295514511874
2 0.4312228451296426 0.2670910290237467 0.008637000700770848 0.045224274406332456
3 0.5494148563419762 0.3470514511873351 0.014166082690960057 0.05182058047493404
1 0.7426138752627891 0.28025725593667544 0.009877365101611774 0.05093007915567282
3 0.07376313945339874 0.24878627968337733 0.010028030833917309 0.043344327176781
2 0.2744288717589348 0.28315303430079153 0.009225648213034338 0.04695250659630607
2 0.5001226348983882 0.2470910290237467 0.008321653819201122 0.03995382585751979
2 0.551478626489138 0.2850593667546174 0.006387526278906798 0.04425461741424802
2 0.5523195515066573 0.2725263852242744 0.008941836019621584 0.041985488126649075
2 0.5882515767344078 0.3121042216358839 0.009025928521373511 0.04786939313984168
2 0.6076243868255081 0.3582585751978892 0.0105781359495445 0.05227572559366755
2 0.6151086194814296 0.3478891820580475 0.0108479327259986 0.049432717678100264
2 0.6282445690259285 0.3316820580474934 0.00944989488437281 0.05773087071240105
2 0.6474246671338473 0.3470184696569921 0.009751226348983882 0.050956464379947226
2 0.6538016818500351 0.35162928759894463 0.011268395234758232 0.05366754617414248
2 0.6659635599159075 0.3538456464379947 0.01223896285914506 0.05647097625329815
2 0.662249474421864 0.37905672823218994 0.011730903994393832 0.058040897097625326
2 0.6989558514365802 0.37864116094986805 0.009905395935529082 0.05883905013192613
2 0.7123686054660125 0.40023746701846963 0.014246671338472319 0.059703166226912935
0 0.841166783461808 0.2744854881266491 0.004032936229852838 0.007697889182058048
0 0.320802382620883 0.2900461741424802 0.006086194814295726 0.011734828496042215