0 0.8796875 0.4015625 0.00625 0.009375
1 0.179140625 0.512640625 0.047625 0.07859374999999999
2 0.22196875 0.500875 0.0376875 0.058734375000000005
2 0.3679375 0.48949999999999994 0.026328125 0.083765625
2 0.40642187500000004 0.54603125 0.0389375 0.106765625
2 0.44309374999999995 0.51915625 0.029578125 0.09712499999999999
2 0.43775000000000003 0.48978124999999995 0.018875 0.08065625
2 0.47787499999999994 0.511734375 0.031109375 0.1006875
2 0.48540625000000004 0.55765625 0.036984375 0.100609375
2 0.563828125 0.4859375 0.02840625 0.085859375
2 0.8824062500000001 0.408015625 0.024015625 0.045796875
3 0.9450468750000001 0.40328125000000004 0.020609375 0.052890625000000004
3 0.9303593749999999 0.532 0.059250000000000004 0.10259375