2 0.3310416666666667 0.5943333333333334 0.007588541666666667 0.02089814814814815
2 0.489375 0.6764907407407408 0.011979166666666667 0.0295
2 0.40477604166666664 0.6856759259259259 0.009041666666666667 0.028296296296296295
2 0.11966145833333333 0.7005277777777779 0.008713541666666666 0.028972222222222222
2 0.21957291666666665 0.5083240740740741 0.007083333333333333 0.02051851851851852
2 0.24556770833333333 0.6893796296296296 0.009692708333333333 0.029092592592592594
2 0.6698020833333334 0.5390740740740741 0.007119791666666667 0.018768518518518518
2 0.48170833333333335 0.4761944444444444 0.006598958333333333 0.019685185185185188
2 0.6708385416666667 0.6124722222222222 0.007776041666666666 0.020333333333333335
2 0.14570833333333333 0.5784907407407407 0.008244791666666666 0.021703703703703704
2 0.6112864583333334 0.6563333333333333 0.01296875 0.023333333333333334
2 0.6871875000000001 0.6425185185185185 0.009015625 0.02236111111111111
2 0.35292708333333334 0.59175 0.009197916666666667 0.022175925925925925
2 0.40702083333333333 0.5801296296296296 0.007182291666666666 0.025055555555555553
2 0.731890625 0.5088425925925926 0.008427083333333333 0.02014814814814815
2 0.66978125 0.4575925925925926 0.0076302083333333335 0.015935185185185188
1 0.17761979166666667 0.5478888888888889 0.008901041666666666 0.023435185185185184
2 0.6480416666666666 0.5821666666666667 0.007921875 0.022824074074074073
2 0.41434374999999996 0.6426018518518518 0.008083333333333333 0.026805555555555555
2 0.32993229166666665 0.5146851851851852 0.008354166666666666 0.021657407407407406
2 0.25516666666666665 0.49400925925925926 0.008817708333333334 0.015583333333333331
2 0.6316770833333333 0.5686666666666667 0.00778125 0.023731481481481482
2 0.37895833333333334 0.5838148148148148 0.008781249999999999 0.022083333333333333
2 0.5853489583333332 0.4860740740740741 0.007494791666666667 0.018231481481481484
2 0.5916979166666666 0.5682592592592592 0.007411458333333333 0.020805555555555553
2 0.27329166666666665 0.6089722222222222 0.007036458333333333 0.028657407407407406
2 0.2745885416666667 0.5774444444444444 0.006958333333333333 0.029648148148148153
2 0.25417708333333333 0.5506666666666666 0.008453125 0.026555555555555554
2 0.31279687500000003 0.5482777777777778 0.009343750000000001 0.02573148148148148
2 0.3246354166666666 0.5694722222222222 0.009088541666666667 0.024574074074074075
2 0.35176562499999997 0.5399814814814814 0.007666666666666667 0.024981481481481483
2 0.37819791666666663 0.5621574074074074 0.010994791666666667 0.02578703703703704
2 0.3994739583333333 0.5475925925925925 0.009015625 0.027333333333333334
2 0.37881770833333334 0.5102037037037037 0.007776041666666666 0.01887037037037037
2 0.3354635416666667 0.6220925925925926 0.008473958333333333 0.02887962962962963
2 0.374328125 0.6108240740740741 0.009375 0.034055555555555554
2 0.45398958333333334 0.5135000000000001 0.00559375 0.0215
2 0.5480625 0.5778796296296297 0.0066927083333333335 0.025564814814814815
2 0.55153125 0.6037222222222222 0.006953125 0.029740740740740738
2 0.6018125 0.6311759259259259 0.007302083333333333 0.025277777777777777
2 0.6239114583333334 0.5298981481481481 0.005854166666666666 0.02262037037037037
2 0.628046875 0.5371944444444444 0.005776041666666666 0.02138888888888889
2 0.6361041666666666 0.5556018518518518 0.0062968749999999995 0.023564814814814813
2 0.6507968749999999 0.5514351851851852 0.008411458333333333 0.027111111111111114
2 0.6550052083333333 0.5519537037037037 0.00625 0.027148148148148147
2 0.6856875 0.6018981481481481 0.010828125 0.033018518518518516
2 0.7996302083333333 0.4665277777777778 0.0076927083333333335 0.01562962962962963
1 0.8107291666666666 0.5283611111111111 0.007067708333333334 0.02350925925925926
0 0.3208697916666667 0.633611111111111 0.00378125 0.011333333333333334
0 0.32416666666666666 0.633824074074074 0.0031354166666666666 0.009787037037037037
0 0.12271354166666668 0.5629351851851853 0.0027135416666666666 0.006555555555555556
0 0.2821927083333333 0.5033703703703704 0.003239583333333333 0.007175925925925926
0 0.28631770833333337 0.5037499999999999 0.0035052083333333337 0.008
0 0.28528125 0.49240740740740735 0.0016302083333333333 0.004055555555555555
0 0.48333333333333334 0.5883981481481482 0.004151041666666667 0.007009259259259259
0 0.622234375 0.665787037037037 0.003057291666666667 0.006407407407407408
0 0.6530468749999999 0.6147592592592593 0.004005208333333334 0.01025925925925926
0 0.6478541666666667 0.5945370370370371 0.0025208333333333333 0.007407407407407408
0 0.681390625 0.6395925925925926 0.003911458333333334 0.006722222222222222
0 0.8103697916666667 0.5666574074074074 0.002453125 0.007083333333333334
0 0.8120052083333333 0.5706666666666668 0.0018229166666666667 0.004203703703703703
0 0.8136510416666667 0.5716759259259259 0.0017760416666666667 0.005240740740740741
0 0.8151354166666667 0.5753148148148148 0.001963541666666667 0.005592592592592593
0 0.804578125 0.528712962962963 0.0020052083333333332 0.006407407407407408
2 0.5750208333333333 0.48506481481481484 0.005494791666666667 0.024009259259259258
2 0.57890625 0.4804259259259259 0.004921875 0.019675925925925927
2 0.5805677083333334 0.4950185185185185 0.004895833333333334 0.023138888888888886
2 0.47673437500000004 0.47525 0.005984375 0.021203703703703704
0 0.33116666666666666 0.6326574074074074 0.0032239583333333335 0.006462962962962964
0 0.24461979166666667 0.7000648148148149 0.0038125000000000004 0.005685185185185185