2 0.8090104166666666 0.5760277777777778 0.011343750000000001 0.040546296296296296
2 0.7222552083333333 0.5501666666666666 0.013432291666666667 0.036833333333333336
2 0.9210208333333333 0.6168703703703704 0.014750000000000001 0.038935185185185184
2 0.356 0.45799074074074075 0.010244791666666668 0.03687037037037037
2 0.79415625 0.6068611111111111 0.012 0.03991666666666666
2 0.5350729166666667 0.33144444444444443 0.00746875 0.03096296296296296
2 0.45731249999999996 0.6128611111111111 0.010692708333333334 0.038685185185185184
2 0.6825104166666667 0.29109259259259257 0.009276041666666667 0.028203703703703703
2 0.30280729166666664 0.72175 0.022036458333333335 0.0424537037037037
1 0.7385572916666666 0.35461111111111115 0.009125 0.03673148148148148
2 0.8874427083333334 0.6509907407407408 0.019380208333333333 0.027722222222222224
2 0.8469218749999999 0.6112870370370371 0.013161458333333332 0.04098148148148148
2 0.6643749999999999 0.5213796296296297 0.010838541666666666 0.03949999999999999
2 0.8938020833333333 0.6187592592592592 0.011755208333333333 0.03384259259259259
2 0.513359375 0.6176851851851852 0.011973958333333333 0.040768518518518516
2 0.8652291666666667 0.6147870370370371 0.011098958333333332 0.038203703703703705
2 0.8806562499999999 0.6147870370370371 0.013348958333333332 0.03837962962962963
2 0.3783229166666667 0.6078240740740741 0.009432291666666667 0.042916666666666665
2 0.42517708333333337 0.3733518518518519 0.0100625 0.03235185185185185
2 0.743703125 0.45004629629629633 0.007791666666666667 0.032231481481481486
0 0.058020833333333334 0.6279722222222223 0.008197916666666668 0.013703703703703704
0 0.29121874999999997 0.7250648148148149 0.005609375 0.010416666666666666
0 0.4958072916666667 0.6964814814814815 0.006557291666666667 0.013194444444444444
0 0.5112083333333334 0.6484722222222222 0.007260416666666667 0.013509259259259259
0 0.37978645833333335 0.6230277777777777 0.006932291666666667 0.010796296296296297
0 0.53434375 0.38682407407407404 0.005958333333333333 0.00937037037037037
0 0.6699270833333333 0.30545370370370367 0.004968749999999999 0.012546296296296297
0 0.6200625 0.2447962962962963 0.004588541666666667 0.008972222222222222
0 0.6878854166666667 0.30247222222222225 0.005369791666666667 0.01300925925925926
0 0.6455572916666666 0.5147499999999999 0.005005208333333333 0.011518518518518518
2 0.29980729166666664 0.5216296296296297 0.010755208333333332 0.04777777777777778
2 0.5015364583333334 0.566675925925926 0.008989583333333334 0.03938888888888889
0 0.46002604166666666 0.6246111111111111 0.00484375 0.009675925925925925
2 0.5014322916666667 0.38712962962962966 0.008781249999999999 0.03674074074074074