2 0.4211875 0.6735092592592592 0.011770833333333335 0.03642592592592593
2 0.7952447916666666 0.670462962962963 0.0125 0.03359259259259259
2 0.5569739583333334 0.3551388888888889 0.008057291666666667 0.026296296296296293
2 0.51621875 0.3297314814814815 0.009239583333333332 0.02330555555555556
2 0.530640625 0.5893518518518519 0.009395833333333332 0.03814814814814815
2 0.5981354166666667 0.6019722222222222 0.009078125 0.03436111111111111
2 0.432140625 0.5552685185185186 0.0120625 0.03395370370370371
2 0.8274010416666666 0.6191018518518518 0.011536458333333333 0.03540740740740741
2 0.8590052083333333 0.6765648148148149 0.011088541666666667 0.03816666666666667
2 0.9049010416666667 0.6242685185185185 0.012317708333333333 0.032259259259259265
2 0.6568697916666667 0.4004259259259259 0.010635416666666668 0.028972222222222222
2 0.8635364583333334 0.6772499999999999 0.01096875 0.03847222222222222
2 0.7914218749999999 0.6159814814814815 0.01025 0.03222222222222222
2 0.8338385416666667 0.6717407407407407 0.009192708333333332 0.034870370370370364
2 0.614984375 0.674212962962963 0.010213541666666666 0.038592592592592595
2 0.6016302083333334 0.6966481481481481 0.0131875 0.040629629629629634
0 0.4345416666666667 0.6123981481481481 0.0042656249999999995 0.010314814814814815
0 0.5607760416666667 0.6994259259259259 0.004609375 0.008046296296296296
0 0.57003125 0.7162777777777778 0.004578125 0.010453703703703703
0 0.663921875 0.4105092592592593 0.004229166666666667 0.008925925925925926
0 0.7033645833333334 0.43153703703703705 0.0029791666666666664 0.0061574074074074074
0 0.741703125 0.44452777777777774 0.004932291666666667 0.008694444444444446
0 0.7675104166666666 0.447 0.005182291666666667 0.00887037037037037
0 0.7949114583333333 0.35930555555555554 0.004255208333333333 0.008499999999999999
0 0.861859375 0.42175 0.003510416666666667 0.010444444444444444
0 0.7531041666666667 0.28487962962962965 0.0032083333333333334 0.004268518518518519
0 0.7003125 0.2725648148148148 0.002572916666666667 0.006388888888888889
0 0.4864322916666667 0.3294259259259259 0.005166666666666667 0.008018518518518519
2 0.7997864583333333 0.6280740740740741 0.01415625 0.046814814814814816
2 0.7021770833333334 0.6585555555555556 0.010239583333333333 0.04450925925925926
2 0.8128489583333334 0.6396666666666667 0.010791666666666666 0.042138888888888885
2 0.8225989583333334 0.6635648148148148 0.010927083333333334 0.044055555555555556
2 0.839546875 0.6543333333333333 0.01440625 0.03705555555555556
2 0.8485885416666666 0.6212037037037037 0.012213541666666666 0.04616666666666667
2 0.45161979166666666 0.5308148148148147 0.008213541666666666 0.042379629629629635