2 0.544176594253679 0.3292480211081794 0.015234758234057462 0.04636543535620053
2 0.4920217238962859 0.39682058047493407 0.015557112824106517 0.04812005277044855
2 0.4108969866853539 0.4581662269129288 0.014306236860546601 0.06026385224274406
2 0.25438682550805886 0.2789313984168866 0.009611072179397337 0.04220976253298153
3 0.48802382620882967 0.2965303430079156 0.010164681149264191 0.041761213720316624
2 0.6274842326559215 0.32725593667546177 0.01350385423966363 0.04470316622691293
2 0.31158724597056764 0.283957783641161 0.011044148563419762 0.04096306068601583
2 0.513083391730904 0.26434696569920846 0.00819551506657323 0.04237467018469657
2 0.46361948142957254 0.24078496042216357 0.008665031534688157 0.02808047493403694
2 0.6064085494043447 0.385778364116095 0.012974772249474423 0.051649076517150394
2 0.6062824106517168 0.31335751978891824 0.00855290819901892 0.04526385224274407
2 0.44236510161177295 0.23817941952506597 0.007512263489838823 0.024076517150395778
3 0.9227224947442185 0.8556926121372032 0.022515767344078487 0.10591688654353562
2 0.49854940434477923 0.36744063324538256 0.011009110021023127 0.04863456464379948
1 0.9445655220742817 0.3271437994722955 0.012655921513665031 0.04991424802110818
0 0.11777505255781359 0.30802770448548816 0.00652417659425368 0.011226912928759894
2 0.5883531885073581 0.27825857519788916 0.010364400840925016 0.04012532981530343
2 0.30955501051156276 0.3546174142480211 0.009011913104414855 0.05073878627968338
2 0.6232971268395235 0.365131926121372 0.01074281709880869 0.04912269129287599
3 0.25563419761737916 0.21885883905013193 0.010112123335669236 0.03299472295514512
1 0.08625087596355992 0.29571240105540897 0.010921513665031536 0.043581794195250656
2 0.25715136650315346 0.3718073878627968 0.016587245970567627 0.05344986807387863
2 0.4101331464611072 0.31384564643799473 0.011082690960056062 0.04467018469656992
2 0.4820322354590049 0.28972295514511875 0.010683251576734408 0.04058047493403694
2 0.5812578836720392 0.25515171503957784 0.009190609670637702 0.03587071240105541
2 0.5892571829011913 0.2564511873350923 0.0067238962859145065 0.034116094986807385