2 0.42179687499999996 0.33964062500000003 0.015515625 0.050578124999999995
2 0.3661875 0.356265625 0.016234375000000002 0.047359374999999995
2 0.636140625 0.266390625 0.025046875000000003 0.0438125
2 0.324453125 0.5145 0.021859375 0.082203125
3 0.3381875 0.322640625 0.015312500000000001 0.04875
2 0.60784375 0.34653125 0.014703125000000001 0.04975
2 0.884390625 0.43893750000000004 0.017499999999999998 0.07418749999999999
2 0.221 0.2650625 0.012656249999999999 0.041546875
2 0.487625 0.256921875 0.017203125 0.0450625
2 0.650203125 0.35971875 0.017578125 0.066484375
2 0.28696875 0.283734375 0.015515625 0.051875000000000004
1 0.9497500000000001 0.3148125 0.02303125 0.05646875
2 0.47009375000000003 0.26187499999999997 0.01603125 0.0463125
2 0.16698437500000002 0.3266875 0.013890625 0.050546875000000005
2 0.60028125 0.43354687500000005 0.020421875 0.06415625
2 0.193796875 0.501453125 0.031171874999999998 0.085578125
2 0.331015625 0.73428125 0.04546875 0.116625
2 0.442765625 0.41801562499999995 0.032859375 0.0675625
2 0.444328125 0.253140625 0.020953125 0.038593749999999996
2 0.386625 0.239640625 0.025828125 0.04315625
2 0.155796875 0.3270625 0.01984375 0.064640625
3 0.154015625 0.242296875 0.0238125 0.04696875
2 0.6187343750000001 0.26478125 0.01784375 0.04984375