2 0.8902897526501766 0.5345790155440414 0.04428268551236749 0.13553108808290154
0 0.41815194346289747 0.6294235751295337 0.016031802120141343 0.030913212435233157
0 0.5512120141342757 0.2612370466321244 0.013296819787985867 0.01941062176165803
2 0.9346749116607774 0.3977979274611399 0.036713780918727915 0.11952720207253886
2 0.7104098939929329 0.4675518134715026 0.03690106007067138 0.12595854922279792
2 0.5640918727915195 0.5556541450777202 0.0593922261484099 0.13979274611398965
2 0.5268127208480565 0.5304145077720207 0.053081272084805654 0.1318976683937824
2 0.6077385159010601 0.3640867875647668 0.04793286219081272 0.10799870466321243
2 0.533243816254417 0.41178756476683936 0.04996819787985866 0.10492227979274611
2 0.4560353356890459 0.5773316062176166 0.05529328621908127 0.14322538860103626
2 0.15161484098939929 0.44628238341968907 0.0505547703180212 0.11269430051813471
3 0.45124734982332154 0.24919689119170985 0.032646643109540636 0.08051165803108809