2 0.7086041666666667 0.37796296296296295 0.007880208333333335 0.024398148148148148
2 0.7288072916666667 0.5433611111111112 0.009333333333333334 0.031018518518518518
3 0.9574010416666667 0.42946296296296294 0.007380208333333333 0.02375
2 0.6797708333333333 0.3609907407407407 0.0067083333333333335 0.022194444444444444
2 0.6331510416666667 0.4609814814814815 0.009234375 0.016944444444444446
2 0.60321875 0.5523981481481481 0.008776041666666668 0.03001851851851852
2 0.46971875 0.4262037037037037 0.0060416666666666665 0.02387962962962963
2 0.6489322916666667 0.41257407407407404 0.00875 0.01986111111111111
2 0.5557083333333334 0.4348611111111111 0.0070572916666666674 0.02416666666666667
2 0.4431614583333333 0.4282685185185185 0.006197916666666667 0.02875925925925926
2 0.43918229166666667 0.42144444444444445 0.007348958333333333 0.02950925925925926
2 0.4552864583333333 0.4356388888888889 0.00665625 0.034499999999999996
2 0.449546875 0.42497222222222225 0.005296875 0.026657407407407407
2 0.459359375 0.4179074074074074 0.0046770833333333334 0.02603703703703704
2 0.4644270833333334 0.4223611111111111 0.005197916666666667 0.026851851851851852
2 0.454859375 0.41711111111111115 0.004786458333333333 0.028046296296296295
2 0.4509270833333333 0.41758333333333336 0.00553125 0.02899074074074074
2 0.5539322916666667 0.42424074074074075 0.007072916666666667 0.028805555555555556
3 0.5640208333333334 0.4334351851851852 0.008526041666666668 0.028305555555555556
2 0.5892552083333332 0.3718240740740741 0.006354166666666666 0.02564814814814815
1 0.9116354166666666 0.4024259259259259 0.009875 0.02836111111111111
2 0.8983645833333332 0.44401851851851853 0.012182291666666668 0.02967592592592592
3 0.13557291666666668 0.4243333333333333 0.007458333333333333 0.027194444444444445