2 0.8126718749999999 0.6910648148148149 0.026697916666666665 0.05761111111111111
2 0.32430729166666666 0.3778611111111111 0.016104166666666666 0.05202777777777778
2 0.39159375 0.3928981481481481 0.018291666666666664 0.04518518518518518
2 0.17498437500000003 0.8303611111111111 0.019348958333333333 0.06238888888888888
2 0.875234375 0.28099074074074076 0.017354166666666667 0.04707407407407408
2 0.5723541666666667 0.30574999999999997 0.018328124999999997 0.039481481481481485
3 0.265546875 0.13327777777777777 0.016369791666666668 0.03355555555555556
2 0.8181145833333333 0.4562685185185185 0.021223958333333334 0.051537037037037034
2 0.23545833333333333 0.6703796296296296 0.021911458333333335 0.056027777777777774
2 0.7677604166666666 0.2627962962962963 0.018786458333333332 0.04376851851851852
2 0.22228124999999999 0.36975925925925923 0.018046875 0.0492037037037037
2 0.586234375 0.4392037037037037 0.020182291666666668 0.04527777777777778
2 0.264046875 0.521287037037037 0.016979166666666667 0.05100925925925926
2 0.28870312499999995 0.40052777777777776 0.019953125000000002 0.0510462962962963
2 0.29343749999999996 0.3218981481481481 0.01932291666666667 0.04826851851851852
2 0.6110104166666667 0.4362314814814815 0.015671875 0.04799074074074074
2 0.38691145833333335 0.6416111111111111 0.014682291666666668 0.05737037037037037
2 0.37515104166666663 0.21416666666666667 0.013927083333333333 0.0405925925925926
2 0.7888489583333332 0.4560648148148148 0.019588541666666667 0.04705555555555556
2 0.5503229166666667 0.30021296296296296 0.01328125 0.044564814814814814