2 0.45334375 0.22143518518518518 0.014484374999999999 0.042499999999999996
2 0.536203125 0.42153703703703704 0.014255208333333333 0.04652777777777778
2 0.4473125 0.14732407407407408 0.012598958333333334 0.036703703703703704
3 0.17660937499999999 0.14723148148148146 0.013880208333333333 0.035583333333333335
2 0.18239583333333334 0.4169259259259259 0.013708333333333333 0.04961111111111111
2 0.5700416666666667 0.2018425925925926 0.009875 0.0415
2 0.33616666666666667 0.30095370370370367 0.012854166666666667 0.04349074074074074
2 0.20880208333333333 0.26462962962962966 0.015598958333333333 0.04437037037037037
2 0.16901041666666666 0.34105555555555556 0.012619791666666666 0.05165740740740741
2 0.2737864583333333 0.22817592592592592 0.016947916666666667 0.03933333333333333
2 0.23286458333333335 0.28102777777777777 0.011890624999999998 0.04548148148148148
2 0.42727604166666666 0.2769537037037037 0.012520833333333333 0.04423148148148148
2 0.5064791666666667 0.3352962962962963 0.012479166666666668 0.048018518518518516
2 0.47747395833333334 0.31126851851851856 0.01265625 0.04632407407407407
2 0.17452083333333332 0.8186944444444445 0.015838541666666667 0.0689074074074074
2 0.1462760416666667 0.4623981481481481 0.012390624999999999 0.05273148148148148
2 0.14246875 0.6514259259259259 0.018020833333333333 0.06194444444444445
2 0.36685416666666665 0.21571296296296297 0.01025 0.038425925925925926
2 0.6628697916666667 0.34575925925925927 0.011776041666666666 0.0495
2 0.247109375 0.2075648148148148 0.011083333333333334 0.04186111111111111
2 0.6290781249999999 0.6171296296296296 0.013140625 0.058879629629629636
1 0.8980989583333333 0.34496296296296297 0.016682291666666668 0.06337037037037037
0 0.4887552083333333 0.18269444444444444 0.00703125 0.019722222222222224
3 0.30263541666666666 0.3544074074074074 0.015000000000000001 0.057583333333333334