3 0.721453125 0.67665625 0.095828125 0.21859375
2 0.050328125 0.54525 0.060687500000000005 0.180078125
2 0.797921875 0.621 0.088734375 0.17645312500000002
2 0.43256249999999996 0.52215625 0.08453125 0.164875
2 0.18971875 0.49309375 0.125515625 0.170671875
2 0.29621875000000003 0.54525 0.08065625 0.18846875000000002
2 0.362515625 0.515765625 0.07796875 0.169390625
2 0.577125 0.50484375 0.11382812499999999 0.189828125
1 0.619921875 0.459359375 0.10379687500000001 0.14296875
0 0.516 0.4649375 0.024656249999999998 0.027296874999999998
2 0.68171875 0.515625 0.058296875000000005 0.20037500000000003
2 0.7275625 0.49251562499999996 0.061750000000000006 0.205625
2 0.7713281249999999 0.48428125 0.07759374999999999 0.214875
2 0.831046875 0.505078125 0.06834375000000001 0.199484375
2 0.2705 0.50884375 0.120046875 0.183125