0 0.759375 0.728125 0.0328125 0.021875
0 0.5125 0.684375 0.01875 0.025
0 0.2171875 0.6703125 0.01875 0.0234375
2 0.46870312500000005 0.680265625 0.040359374999999996 0.081109375
2 0.6972343750000001 0.687328125 0.032328125 0.097078125
2 0.9476093750000001 0.791875 0.10478125 0.28228125
2 0.07378124999999999 0.684796875 0.042796875 0.110390625
2 0.464046875 0.61853125 0.020015625000000002 0.045890625000000004
2 0.50440625 0.6155781250000001 0.018 0.039984375
2 0.521484375 0.62153125 0.02090625 0.04821875
2 0.647609375 0.614078125 0.017640625 0.040671875
2 0.81484375 0.620390625 0.026750000000000003 0.045921875
2 0.566296875 0.6643749999999999 0.038828125000000005 0.0750625
0 0.48473437500000005 0.62828125 0.011734375 0.01390625
0 0.48107812499999997 0.635703125 0.011796875 0.01221875
0 0.44954687499999996 0.64015625 0.009375 0.013765625
0 0.736984375 0.62384375 0.01075 0.012390624999999999
0 0.188984375 0.60071875 0.010312499999999999 0.013953125
0 0.09015625000000001 0.660359375 0.016125 0.022421875