2 0.48250000000000004 0.36809375 0.011671875 0.040796874999999996
2 0.69596875 0.3545 0.012265624999999999 0.042140625
2 0.5781562499999999 0.31253125000000004 0.010640624999999999 0.027718749999999997
2 0.32829687500000004 0.506328125 0.01928125 0.060640625000000004
2 0.313640625 0.42453124999999997 0.0174375 0.058296875000000005
2 0.404453125 0.323234375 0.010843750000000001 0.040421875
2 0.017453125 0.36609375 0.013546875 0.044687500000000005
2 0.484078125 0.299171875 0.01353125 0.031125000000000003
2 0.585140625 0.415890625 0.015765625 0.051984375000000006
2 0.352796875 0.44920312500000004 0.013750000000000002 0.052953125000000004
3 0.126703125 0.771625 0.028078125 0.106859375
3 0.520921875 0.356453125 0.013875000000000002 0.044421875
2 0.562828125 0.364359375 0.01203125 0.031796875
2 0.56796875 0.40679687500000006 0.014078125 0.054171875
2 0.730015625 0.595 0.026859375 0.0846875
2 0.170671875 0.69321875 0.0330625 0.10065625
2 0.793109375 0.43285937499999994 0.023734375 0.062671875
2 0.809359375 0.36278125 0.018640625 0.053328125000000004
2 0.59803125 0.336703125 0.017046875 0.040296874999999996
2 0.4270625 0.325296875 0.0165 0.043046875
2 0.610375 0.31596875 0.014656250000000001 0.037921875
2 0.600234375 0.314875 0.012421875 0.03571875
2 0.507984375 0.296234375 0.014390625 0.039078125000000005
0 0.58815625 0.30525 0.0063281249999999995 0.01046875
3 0.7131406250000001 0.292578125 0.012656249999999999 0.040749999999999995