0 0.4921875 0.5609375 0.0625 0.065625
2 0.840484375 0.52978125 0.116625 0.3095625
2 0.7228125000000001 0.53609375 0.11473437500000001 0.28909375000000004
2 0.612140625 0.54325 0.11950000000000001 0.30525
2 0.5039687500000001 0.5548437500000001 0.105375 0.295359375
2 0.417078125 0.5423281249999999 0.09701562500000001 0.286875
2 0.31584375 0.54525 0.1133125 0.290875
2 0.192703125 0.552921875 0.13540625 0.28965625
2 0.0636875 0.570015625 0.12185937499999999 0.257671875
2 0.172140625 0.43909374999999995 0.105328125 0.249515625
2 0.28525 0.44204687500000006 0.123796875 0.29034375
2 0.3903125 0.423328125 0.10600000000000001 0.256578125
2 0.48839062499999997 0.372640625 0.10914062499999999 0.21404687500000003
2 0.5775781249999999 0.384265625 0.0853125 0.1858125
2 0.6569375 0.375484375 0.0859375 0.188453125
2 0.73771875 0.36728125 0.083875 0.17021875
2 0.82128125 0.379484375 0.100296875 0.159703125