2 0.616125 0.48053125 0.06887499999999999 0.14942187499999998
2 0.9214062500000001 0.44448437500000004 0.041234375000000004 0.110390625
2 0.73090625 0.481046875 0.09907812499999999 0.150140625
2 0.191546875 0.460359375 0.052828125000000004 0.13543750000000002
2 0.2561875 0.44349999999999995 0.04453125 0.10704687500000001
2 0.09418750000000001 0.531734375 0.094859375 0.186953125
2 0.284 0.47564062500000004 0.068953125 0.14046875
2 0.03121875 0.5397031250000001 0.0624375 0.213625
0 0.6368125 0.543640625 0.025109375 0.023203124999999998
2 0.114140625 0.42642187500000006 0.026437500000000003 0.06796875
2 0.671578125 0.489421875 0.060046875 0.13025
1 0.58528125 0.408578125 0.02865625 0.06576562500000001
2 0.7150937500000001 0.42634375 0.039546874999999995 0.08965625