2 0.782203125 0.518 0.03353125 0.100765625
2 0.10495312500000001 0.588 0.061328125 0.144890625
2 0.558015625 0.557015625 0.0433125 0.129328125
2 0.334859375 0.5699375 0.059750000000000004 0.14170312499999999
2 0.593421875 0.5431874999999999 0.04775 0.137578125
2 0.8733906250000001 0.5146875 0.054671875 0.11628125
2 0.656640625 0.535328125 0.0486875 0.13289062499999998
2 0.23459375 0.503109375 0.03503125 0.078046875
2 0.1964375 0.5462343749999999 0.04109375 0.094
2 0.8305781250000001 0.523609375 0.031453125 0.092515625
2 0.413015625 0.552078125 0.03996875 0.129375
3 0.7356874999999999 0.48034375 0.024656249999999998 0.085640625
2 0.9499531250000001 0.504875 0.03259375 0.100171875
2 0.9260468749999999 0.487625 0.028203125000000002 0.090625
2 0.496125 0.5414375 0.050734375 0.119703125
2 0.8868124999999999 0.490421875 0.029671874999999997 0.08228125
2 0.472125 0.561609375 0.049 0.129328125
2 0.8366562500000001 0.45710937500000004 0.029921874999999997 0.052078124999999996
2 0.86071875 0.523578125 0.033921875000000004 0.117015625