2 0.46096875 0.5118611111111111 0.0330625 0.08386111111111111
2 0.40028125000000003 0.5219444444444444 0.025343749999999998 0.08558333333333333
2 0.5764843749999999 0.47933333333333333 0.027187499999999996 0.08361111111111111
1 0.132625 0.49494444444444446 0.031953125 0.08172222222222222
3 0.87784375 0.43724999999999997 0.025671875 0.08397222222222223
2 0.337640625 0.31283333333333335 0.01575 0.06425
2 0.445375 0.3422777777777778 0.0223125 0.0763611111111111
2 0.809609375 0.4512777777777778 0.025484374999999997 0.09847222222222222
2 0.34740625 0.3001111111111111 0.030328125 0.041749999999999995
0 0.310078125 0.3658888888888889 0.008296874999999999 0.018333333333333333
3 0.38384375 0.2649166666666667 0.02096875 0.059083333333333335