2 0.6089140625 0.6089166666666667 0.033328125 0.13527777777777777
2 0.5582421875 0.737875 0.0431484375 0.14598611111111112
2 0.098 0.6287222222222222 0.0345625 0.15656944444444446
2 0.22546875000000002 0.2944305555555556 0.0296015625 0.12688888888888888
2 0.1511484375 0.25177777777777777 0.027718749999999997 0.10437500000000001
2 0.0651015625 0.34569444444444447 0.040734375 0.12376388888888888
2 0.2649765625 0.5525416666666666 0.045453125 0.13090277777777778
2 0.0149140625 0.1937777777777778 0.029828125 0.10398611111111111
2 0.3140625 0.3652638888888889 0.030898437499999997 0.11941666666666667
2 0.3346171875 0.31093055555555554 0.025140625 0.10951388888888888
2 0.3672734375 0.3822361111111111 0.05225 0.10398611111111111
2 0.3884921875 0.4494305555555555 0.023515625000000002 0.12418055555555554
2 0.42555468750000003 0.4251111111111111 0.03340625 0.12491666666666666
0 0.5819296875 0.725 0.014546875 0.06111111111111111
1 0.68190625 0.2940138888888889 0.034375 0.09184722222222222