2 0.0231015625 0.23354166666666668 0.0386875 0.118125
2 0.52240625 0.8211527777777778 0.0503203125 0.18309722222222224
2 0.2543359375 0.6025416666666666 0.032046875 0.15359722222222222
2 0.044351562500000004 0.7021805555555556 0.0440546875 0.17006944444444444
2 0.0826796875 0.38322222222222224 0.0365703125 0.1314861111111111
2 0.61075 0.7039305555555555 0.0424296875 0.16055555555555553
2 0.3717265625 0.46463888888888893 0.029031249999999998 0.11880555555555557
2 0.4129296875 0.399125 0.06443750000000001 0.09668055555555556
2 0.25353125 0.29859722222222224 0.035171875000000005 0.11227777777777778
2 0.278296875 0.3129444444444444 0.03421875 0.11566666666666667
2 0.36014843750000003 0.3504166666666667 0.03409375 0.11702777777777779
0 0.41778125 0.23719444444444446 0.016125 0.02686111111111111
2 0.4547890625 0.4170138888888889 0.031109375 0.13031944444444443
2 0.4681640625 0.39037499999999997 0.0456953125 0.12025
1 0.6503984375 0.3202916666666667 0.028234375 0.11280555555555555