2 0.5213828125 0.8547638888888888 0.0547421875 0.19543055555555558
2 0.2468515625 0.624625 0.0377265625 0.16527777777777777
2 0.362890625 0.46940277777777784 0.0348203125 0.135375
2 0.0351875 0.7283333333333333 0.048421874999999996 0.1837638888888889
2 0.2704375 0.3080833333333333 0.033546875 0.14425
2 0.4146484375 0.4432916666666667 0.06925 0.06675
2 0.0808828125 0.3935416666666667 0.0344765625 0.134
2 0.027015624999999998 0.23593055555555556 0.029429687500000003 0.12131944444444444
2 0.3640390625 0.3576388888888889 0.0387578125 0.1312361111111111
2 0.6053359375 0.7331805555555555 0.039171875 0.16691666666666669
2 0.465984375 0.4268611111111111 0.0413515625 0.13766666666666666
2 0.48313281249999995 0.39509722222222227 0.0443828125 0.11737500000000001
0 0.369390625 0.27252777777777776 0.020023437499999998 0.029638888888888888
1 0.6581875 0.3332777777777778 0.0281796875 0.12333333333333332