2 0.5395291637385805 0.6220705128205127 0.056886858749121576 0.12142307692307691
2 0.7815881939564301 0.42330769230769233 0.033524244553759665 0.10001282051282052
2 0.4485945186226283 0.48464743589743586 0.045628952916373866 0.10722435897435897
2 0.6110681658468025 0.7579679487179488 0.03669009135628953 0.1571153846153846
2 0.9596591707659874 0.46937820512820516 0.029606465214335912 0.1276025641025641
2 0.5339458889669711 0.500275641025641 0.04365425158116655 0.12321153846153847
2 0.8882712579058327 0.48345512820512826 0.03291286015460295 0.11067307692307693
2 0.34278988053408294 0.5254807692307693 0.04073085031623331 0.12182051282051282
2 0.42578706957132817 0.45535256410256414 0.02818341531974701 0.10807051282051282
2 0.008042867182009838 0.5907948717948718 0.016085734364019676 0.12456410256410257
3 0.6948137737174983 0.5113589743589744 0.028914265635980325 0.11622435897435898
2 0.8134504567814477 0.4079551282051282 0.026359803232607167 0.10432051282051283
3 0.7120730850316234 0.3512307692307692 0.017659873506676037 0.08890384615384615
0 0.640319747013352 0.4882820512820513 0.01269852424455376 0.024185897435897434