3 0.37734375 0.6064814814814815 0.018229166666666668 0.07592592592592592
2 0.4427083333333333 0.7898148148148149 0.01875 0.08888888888888889
2 0.7052083333333333 0.43796296296296294 0.014583333333333334 0.07592592592592592
2 0.2830729166666667 0.7129629629629629 0.0203125 0.08148148148148149
2 0.5145677083333333 0.15373148148148147 0.013510416666666667 0.06116666666666667
2 0.784359375 0.41406481481481483 0.022942708333333332 0.07443518518518519
2 0.8057864583333333 0.5663518518518518 0.017822916666666667 0.0864074074074074
2 0.7321354166666667 0.7475277777777778 0.0184375 0.09136111111111112
2 0.5683802083333334 0.5436481481481481 0.019046875 0.07432407407407407
0 0.609140625 0.628212962962963 0.007859375 0.015694444444444445
2 0.495703125 0.6350370370370371 0.018489583333333334 0.06637037037037037
2 0.4344166666666667 0.5924814814814815 0.015708333333333335 0.07755555555555556
2 0.3921927083333333 0.5216574074074074 0.01665625 0.07293518518518519
2 0.3709895833333333 0.4070462962962963 0.015942708333333333 0.07334259259259258
2 0.32071875 0.26955555555555555 0.013307291666666667 0.06318518518518518
2 0.2664479166666667 0.3538703703703704 0.015182291666666665 0.06699074074074074
2 0.23455729166666667 0.48673148148148143 0.01703125 0.07717592592592593
2 0.18373437499999998 0.49998148148148147 0.021630208333333335 0.07588888888888888
2 0.18363020833333332 0.5725 0.020390625 0.07278703703703704
2 0.33327083333333335 0.3092037037037037 0.017838541666666666 0.06841666666666667
3 0.3871614583333333 0.10737962962962963 0.012869791666666667 0.05921296296296297
2 0.5457552083333332 0.5261666666666667 0.019630208333333333 0.08196296296296296
2 0.37757812500000004 0.49433333333333335 0.016723958333333334 0.06275