2 0.21770833333333334 0.8537037037037037 0.027083333333333334 0.08703703703703704
2 0.15494791666666666 0.48194444444444445 0.0234375 0.06944444444444445
2 0.809375 0.37824074074074077 0.013541666666666667 0.0712962962962963
2 0.209375 0.31574074074074077 0.015625 0.07037037037037037
2 0.14394791666666668 0.7646388888888889 0.030859375 0.06262037037037037
2 0.43239583333333337 0.6396574074074074 0.020625 0.07375925925925926
2 0.40840624999999997 0.6034166666666667 0.018901041666666667 0.0735
0 0.3648489583333333 0.7379166666666667 0.008864583333333334 0.022129629629629628
2 0.23981770833333332 0.290425925925926 0.015046875 0.06418518518518518
2 0.2500625 0.2035648148148148 0.017833333333333333 0.05897222222222222
2 0.31552604166666665 0.11552777777777777 0.01334375 0.049574074074074076
2 0.6886197916666668 0.1784259259259259 0.014739583333333334 0.0605462962962963
2 0.486828125 0.31630555555555556 0.013843749999999998 0.06038888888888889
2 0.32365625 0.1583148148148148 0.017270833333333332 0.061074074074074065
2 0.37696874999999996 0.3286203703703704 0.016432291666666668 0.05909259259259259
2 0.64478125 0.7201481481481481 0.017734375 0.07734259259259259
2 0.48959375 0.5260092592592593 0.0145625 0.059416666666666666
2 0.40903645833333335 0.43586111111111114 0.02328125 0.06617592592592593
2 0.42170312499999996 0.423787037037037 0.017364583333333336 0.06794444444444445
3 0.4081354166666667 0.368 0.01834895833333333 0.05637037037037037
3 0.8269427083333334 0.9597222222222223 0.02216145833333333 0.08055555555555556
2 0.8022760416666667 0.19142592592592594 0.017328125000000003 0.06433333333333334
2 0.5164270833333333 0.026555555555555554 0.014026041666666666 0.05126851851851852