2 0.4181254379817799 0.3362071240105541 0.015381920112123335 0.04277704485488126
2 0.23243868255080588 0.30928100263852243 0.01388927820602663 0.04307387862796833
2 0.6388752627890679 0.35316622691292876 0.013002803083391731 0.05218997361477573
2 0.7098493342676945 0.5521174142480211 0.019106517168885773 0.0729617414248021
2 0.5645269796776454 0.22596306068601582 0.010529081990189208 0.03420184696569921
2 0.44286615276804486 0.2604551451187335 0.01128241065171689 0.037856200527704484
2 0.7004590049053959 0.3579221635883905 0.010669236159775754 0.051754617414248014
2 0.26336720392431673 0.4576912928759895 0.01632095304835319 0.0583509234828496
2 0.4042922214435879 0.2629617414248021 0.010374912403644009 0.03911609498680738
2 0.5807358093903294 0.32515831134564643 0.013987386124737211 0.04711081794195251
2 0.5796951646811492 0.24135883905013192 0.009470918009810793 0.038463060686015835
2 0.7359810791871058 0.4005145118733509 0.01258584442887176 0.05757915567282322
2 0.46791520672740017 0.2361279683377309 0.012932725998598456 0.030996042216358842
1 0.8797477224947443 0.2990831134564644 0.012133847231955151 0.0471042216358839
2 0.48168185003503855 0.23428759894459103 0.013016818500350386 0.03025725593667546
2 0.5060196215837421 0.4214445910290237 0.015430974071478627 0.0645580474934037
2 0.3803083391730904 0.6750461741424802 0.019600560616678347 0.09116754617414248
2 0.3547617379117029 0.4319986807387863 0.013220042046250874 0.059934036939313984
3 0.5077505255781359 0.2887005277044855 0.008135949544498948 0.0437401055408971
3 0.21982831114225648 0.22554089709762534 0.00874562018220042 0.03383245382585752
2 0.40241065171688856 0.3008377308707124 0.009586545199719692 0.044742744063324534
2 0.7067519271198318 0.3235620052770448 0.017088297126839524 0.052579155672823216
2 0.5240154169586545 0.27407651715039577 0.009281709880868955 0.04494722955145119
0 0.4576033637000701 0.24884564643799473 0.005826909600560616 0.010600263852242744