2 0.5783415319747014 0.9176217948717948 0.04465214335910049 0.16143589743589745
2 0.32166900913562896 0.7767371794871795 0.032926914968376665 0.1844102564102564
2 0.9725017568517217 0.628525641025641 0.04894237526352776 0.14728205128205127
2 0.7701194659170767 0.6021217948717948 0.037972593113141245 0.1488974358974359
2 0.7282290934645116 0.5605 0.027326071679550243 0.14501923076923076
2 0.9018482080112438 0.690974358974359 0.030938158819395642 0.1498076923076923
2 0.832659873506676 0.542775641025641 0.052027406886858744 0.12929487179487179
2 0.3798875614898103 0.6815064102564103 0.036458186929023195 0.15471153846153846
2 0.5225579761068166 0.4243141025641025 0.03337666900913563 0.0995
2 0.28099789177793394 0.5038782051282051 0.040291637385804636 0.11172435897435896
2 0.8615846802529867 0.6590192307692307 0.038271257905832745 0.1494551282051282
2 0.2800562192550949 0.5509807692307692 0.0388158819395643 0.1299423076923077
2 0.5625790583274771 0.4316474358974359 0.04539002108222066 0.09469230769230769
2 0.8162579058327478 0.5712179487179487 0.040365425158116655 0.12841666666666668
2 0.9401264933239635 0.5687628205128205 0.027687983134223472 0.14176923076923076
2 0.9591145467322557 0.5725961538461538 0.031612789880534085 0.1506602564102564
0 0.4948067463106114 0.46837179487179487 0.011781447645818694 0.020173076923076922
3 0.335597329585383 0.501198717948718 0.03191145467322558 0.12603205128205128