3 0.6313211524947294 0.5152948717948718 0.03369992972593113 0.12980128205128205
2 0.1257659873506676 0.5230705128205129 0.044093464511595216 0.13273717948717947
2 0.49479971890372454 0.42869871794871794 0.029947294448348562 0.09658974358974359
2 0.46312719606465214 0.7310448717948719 0.04269501054111033 0.16441025641025642
0 0.5527617709065356 0.4468461538461539 0.011739283204497538 0.020756410256410257
2 0.7932396345748418 0.40620512820512816 0.03351018973998595 0.10002564102564102
2 0.024687280393534787 0.5946666666666667 0.049374560787069574 0.1405448717948718
2 0.8298735066760367 0.40980769230769226 0.037143359100491914 0.09568589743589745
2 0.9349789177793394 0.5662115384615385 0.039472944483485595 0.13132051282051282
2 0.4667463106113844 0.5258012820512821 0.049490513000702736 0.12308333333333332
2 0.16291286015460293 0.5175512820512821 0.03713984539704849 0.11540384615384615
2 0.31847153900210823 0.5321410256410256 0.03735066760365425 0.1231025641025641
3 0.6411560084328882 0.3662628205128205 0.028770203794799717 0.09954487179487179
2 0.590646521433591 0.6129551282051282 0.038243148278285316 0.13782051282051283
2 0.6134820801124385 0.4459358974358974 0.04356640899508081 0.08846794871794872
2 0.18790231904427265 0.4871858974358974 0.03306043569922699 0.11730769230769231
2 0.7340056219255094 0.46392307692307694 0.04547083626141953 0.11409615384615385