2 0.4786458333333333 0.375 0.019791666666666666 0.07037037037037037
2 0.534375 0.10277777777777777 0.0125 0.06666666666666667
2 0.9036458333333334 0.3106481481481482 0.015625 0.075
3 0.3419270833333333 0.2037037037037037 0.015104166666666667 0.07222222222222222
2 0.37921875 0.562037037037037 0.017812500000000002 0.08149074074074074
2 0.3153020833333333 0.6489444444444444 0.028515625 0.08676851851851851
2 0.7774114583333334 0.6763148148148148 0.016276041666666668 0.0859537037037037
2 0.7002135416666667 0.3438796296296296 0.02334375 0.06183333333333334
2 0.748625 0.16041666666666668 0.014208333333333333 0.06342592592592593
2 0.6404375000000001 0.25277777777777777 0.01941666666666667 0.06111111111111111
2 0.606328125 0.03526851851851852 0.013697916666666667 0.057574074074074076
2 0.20882291666666666 0.1874074074074074 0.014520833333333334 0.07110185185185186
2 0.22493749999999998 0.29662037037037037 0.019671875000000002 0.07657407407407407
2 0.20995833333333333 0.5419166666666666 0.027203124999999998 0.06900925925925926
2 0.23292708333333334 0.8842407407407408 0.024187499999999997 0.0944074074074074
2 0.3750208333333333 0.2492685185185185 0.011505208333333333 0.06519444444444444
2 0.4618333333333334 0.21197222222222223 0.01696354166666667 0.06468518518518518
2 0.48195312500000004 0.24131481481481482 0.019114583333333334 0.06410185185185185
2 0.2991979166666667 0.09135185185185185 0.012973958333333334 0.03456481481481481
2 0.3027239583333333 0.12863888888888889 0.02003125 0.053564814814814815
3 0.383359375 0.41758333333333336 0.019848958333333333 0.07405555555555556
0 0.6263854166666667 0.2724722222222222 0.006942708333333334 0.01715740740740741