2 0.2890833333333333 0.49121296296296296 0.01834895833333333 0.06223148148148148
2 0.4976145833333333 0.5276388888888889 0.014984375 0.05649074074074074
3 0.4752708333333333 0.04172222222222222 0.017885416666666668 0.049990740740740745
2 0.8694375 0.27809259259259256 0.014692708333333334 0.058694444444444445
2 0.66690625 0.42425 0.015354166666666667 0.0526574074074074
2 0.3739739583333333 0.3656388888888889 0.014526041666666666 0.05525925925925926
2 0.44066145833333337 0.24514814814814814 0.015458333333333333 0.0534537037037037
2 0.5579947916666667 0.621787037037037 0.016911458333333334 0.07287962962962963
2 0.5729322916666667 0.07378703703703704 0.013328125 0.04673148148148148
2 0.48586979166666666 0.7601388888888889 0.014671875000000001 0.07275925925925926
2 0.44674479166666664 0.18066666666666667 0.01309375 0.047796296296296295
2 0.22579166666666667 0.7196851851851852 0.018817708333333336 0.07217592592592594
2 0.4925833333333333 0.34251851851851856 0.014484374999999999 0.053361111111111116
2 0.7199635416666667 0.20780555555555555 0.012989583333333334 0.05262962962962963
2 0.6029635416666667 0.24697222222222223 0.014380208333333333 0.049824074074074076
2 0.30872916666666667 0.3544259259259259 0.014489583333333333 0.06217592592592593
2 0.5797291666666666 0.2499351851851852 0.014645833333333334 0.05188888888888889
2 0.41251041666666666 0.25524074074074077 0.02020833333333333 0.057824074074074076
2 0.6623541666666667 0.3523703703703704 0.014906250000000001 0.05551851851851852
3 0.858703125 0.9884907407407407 0.021359375 0.022157407407407407
2 0.7518802083333332 0.5157962962962962 0.018046875 0.062101851851851846
3 0.59865625 0.40082407407407405 0.015875 0.0640462962962963
0 0.74015625 0.550611111111111 0.008197916666666668 0.024814814814814814
2 0.2871875 0.6582777777777779 0.024057291666666664 0.07867592592592593