2 0.17355938158819395 0.5518141025641026 0.045920590302178495 0.15175
2 0.4196556570625439 0.49692307692307697 0.051064652143359104 0.14090384615384616
2 0.9307519325368939 0.8995128205128206 0.05132817990161631 0.20097435897435897
2 0.14616654954321856 0.43719871794871795 0.04028109627547435 0.1322628205128205
3 0.5573541813070977 0.271724358974359 0.035147575544624034 0.10908974358974359
2 0.6354673225579761 0.2946217948717949 0.03373858046380886 0.09732692307692309
2 0.836816584680253 0.4273397435897436 0.04079409697821504 0.15621794871794872
0 0.35480323260716795 0.4091794871794872 0.011950105411103302 0.019967948717948717
2 0.903060435699227 0.3358333333333333 0.033503162333099086 0.12892948717948718
3 0.6616830639494027 0.46242307692307694 0.048436401967673924 0.14694230769230768
2 0.5962649332396346 0.3706282051282051 0.037336612789880534 0.12989743589743588
2 0.29239634574841883 0.4114551282051282 0.035955727336612786 0.13632051282051283
2 0.4494869992972593 0.3756474358974359 0.05217498243148279 0.09744230769230769
2 0.48337315530569225 0.3697307692307692 0.058457484188334505 0.10804487179487181
2 0.48827828531271966 0.32025 0.040154602951510895 0.10203846153846154