2 0.4910833333333333 0.2481574074074074 0.014234374999999999 0.04899074074074074
2 0.2991145833333333 0.44149074074074074 0.016052083333333335 0.049296296296296296
2 0.7089583333333334 0.25885185185185183 0.012510416666666666 0.04665740740740741
2 0.26494270833333333 0.26291666666666663 0.014744791666666666 0.04512962962962963
2 0.3247708333333333 0.5771018518518518 0.014510416666666666 0.060916666666666675
2 0.07086458333333333 0.4490092592592593 0.009901041666666667 0.03075
2 0.14916145833333333 0.43757407407407406 0.013390625 0.05675
2 0.59053125 0.4592962962962963 0.01334375 0.046953703703703706
3 0.6030208333333333 0.27494444444444444 0.014317708333333333 0.048907407407407406
2 0.5465989583333334 0.409462962962963 0.015671875 0.04515740740740741
2 0.8330625 0.3436203703703704 0.015510416666666667 0.05588888888888889
2 0.6805677083333334 0.35391666666666666 0.012572916666666666 0.049601851851851855
2 0.7612656250000001 0.4143981481481482 0.016791666666666667 0.05985185185185185
2 0.43677083333333333 0.31030555555555556 0.01718229166666667 0.04953703703703704
2 0.5425520833333334 0.3769259259259259 0.012520833333333333 0.03834259259259259
2 0.8027031250000001 0.5708703703703704 0.0159375 0.0582037037037037
2 0.0956875 0.5836574074074075 0.013828125 0.06202777777777777
2 0.06981770833333334 0.42615740740740743 0.012437499999999999 0.04173148148148148
2 0.562171875 0.19668518518518519 0.011088541666666667 0.045
2 0.16580208333333332 0.7555277777777778 0.020432291666666665 0.07943518518518519
2 0.16479166666666664 0.7327592592592592 0.014489583333333333 0.06085185185185185
2 0.7043802083333334 0.2548425925925926 0.013182291666666667 0.04508333333333333