2 0.15518973998594518 0.4430192307692308 0.044339423752635276 0.1361474358974359
2 0.9419536191145468 0.2555897435897436 0.025639494026704145 0.1102628205128205
2 0.8070520028109627 0.3758910256410256 0.028699929725931134 0.13094871794871796
2 0.5226528460997892 0.3633333333333333 0.028222066057624735 0.13867307692307693
2 0.7047399859451863 0.3561666666666667 0.028453970484891077 0.1308653846153846
1 0.3765952213633169 0.29656410256410254 0.03463457484188334 0.14760897435897435
0 0.09173225579761068 0.34068589743589744 0.011296556570625439 0.021121794871794875
0 0.12039704848910751 0.5067564102564103 0.017670414617006323 0.029538461538461538
2 0.4638439915671117 0.3999102564102564 0.03696416022487702 0.13956410256410257
2 0.6037104708362615 0.32283333333333336 0.026816584680252983 0.12964102564102564
2 0.7935137034434294 0.3008461538461538 0.04451510892480674 0.13374358974358974
2 0.8501721714687281 0.2945128205128205 0.027825017568517216 0.13710897435897434
2 0.9906008432888265 0.1833525641025641 0.018798313422347154 0.09426282051282052