2 0.5050625 0.41162037037037036 0.014015625 0.045518518518518514
2 0.8125885416666667 0.498212962962963 0.015958333333333335 0.05077777777777778
3 0.29719270833333333 0.15346296296296297 0.014895833333333334 0.038064814814814815
2 0.8106666666666666 0.40332407407407406 0.017109375 0.04936111111111111
2 0.7142291666666666 0.5621944444444444 0.018635416666666668 0.0512962962962963
2 0.6789166666666666 0.3161574074074074 0.013161458333333332 0.042944444444444445
2 0.11882291666666665 0.45310185185185187 0.012630208333333334 0.04837037037037037
2 0.8248229166666667 0.6482314814814815 0.019921875 0.057129629629629634
2 0.23030208333333332 0.3353425925925926 0.01615625 0.03650925925925926
2 0.517734375 0.547787037037037 0.013583333333333333 0.05549074074074074
2 0.7759531249999999 0.37471296296296297 0.01786979166666667 0.04601851851851852
2 0.19091145833333334 0.3339814814814815 0.012317708333333333 0.04273148148148148
2 0.297453125 0.45495370370370375 0.012187499999999999 0.0390462962962963
2 0.48156770833333334 0.45567592592592593 0.013947916666666667 0.045092592592592594
2 0.220359375 0.30862962962962964 0.011635416666666667 0.042111111111111106
2 0.12256249999999999 0.3812685185185185 0.012859375000000001 0.0417962962962963
2 0.5728541666666668 0.6396018518518518 0.019359375 0.05082407407407408
2 0.14365104166666667 0.3731574074074074 0.015130208333333334 0.04329629629629629
2 0.16204166666666667 0.3224351851851852 0.017817708333333335 0.04796296296296296
3 0.8845677083333333 0.9848888888888889 0.013651041666666667 0.030222222222222223
2 0.2745520833333333 0.29344444444444445 0.012609375 0.04439814814814815
1 0.13744270833333333 0.3599907407407408 0.016192708333333333 0.04842592592592592
3 0.32259895833333335 0.4362407407407407 0.013609375 0.06388888888888888
0 0.102765625 0.3574074074074074 0.004395833333333333 0.013212962962962963