2 0.269353478566409 0.7691089743589743 0.056897399859451865 0.1328525641025641
3 0.5643253689388615 0.8085576923076923 0.059030217849613494 0.15157692307692308
0 0.3763984539704849 0.7869423076923078 0.017730147575544624 0.024916666666666663
2 0.46672874209416726 0.7319102564102564 0.061718200983836964 0.10847435897435898
2 0.9812754743499649 0.749173076923077 0.03744905130007027 0.14709615384615385
1 0.4041250878425861 0.6332820512820513 0.04612789880534083 0.10513461538461538
2 0.9403056921995784 0.5888141025641025 0.040586788475052704 0.11037179487179488
2 0.7812895291637386 0.6111666666666666 0.03732255797610682 0.13107051282051282
2 0.7478074490513001 0.6627435897435898 0.037157413914265636 0.1308269230769231
2 0.6895221363316937 0.6243141025641026 0.027874209416725228 0.12044230769230768
2 0.6571574139142656 0.6479358974358974 0.025892480674631062 0.13814102564102565
2 0.626767392832045 0.724448717948718 0.02786366830639494 0.1379102564102564
2 0.597586085734364 0.6910641025641026 0.041363316936050595 0.13577564102564102
2 0.5576774420238932 0.7131153846153846 0.029353478566409 0.14848076923076922
2 0.49416022487702044 0.7003012820512821 0.045031623330990866 0.12838461538461537
0 0.0448208011243851 0.6566025641025641 0.011707659873506675 0.01883974358974359