2 0.5218165846802529 0.5629423076923077 0.031335207308503164 0.12063461538461538
2 0.38605411103302884 0.5816858974358974 0.04704146170063247 0.12732051282051282
2 0.42676739283204496 0.7095961538461538 0.07358749121574139 0.1742692307692308
2 0.2986929023190443 0.5996538461538462 0.05213984539704848 0.06413461538461539
2 0.14294799718903725 0.679775641025641 0.03140196767392832 0.1346474358974359
2 0.5480428671820099 0.6245512820512821 0.032494729444834856 0.1772628205128205
0 0.357937456078707 0.6277307692307692 0.011430077301475756 0.019519230769230768
2 0.48202740688685874 0.5941730769230769 0.025653548840477866 0.11039102564102565
3 0.7452916373858046 0.6275961538461539 0.04489107519325369 0.14462179487179488
1 0.466964160224877 0.5911153846153846 0.043158819395643006 0.11025641025641025
2 0.12092761770906536 0.5763397435897436 0.02184820801124385 0.12721153846153846