2 0.8160364583333333 0.43299074074074073 0.020166666666666666 0.06336111111111112
2 0.5746041666666667 0.701787037037037 0.024177083333333335 0.07559259259259259
2 0.7654114583333332 0.2196759259259259 0.021015625 0.05269444444444444
2 0.45202604166666666 0.31249074074074074 0.01865625 0.05737037037037037
2 0.27922395833333336 0.5137407407407407 0.020552083333333335 0.06991666666666667
2 0.7400364583333333 0.43245370370370373 0.022588541666666666 0.058333333333333334
2 0.562484375 0.43899074074074074 0.02346875 0.06427777777777778
2 0.6293177083333333 0.2745648148148148 0.017156249999999998 0.054592592592592595
2 0.500203125 0.18064814814814814 0.016125 0.05716666666666667
3 0.5375989583333334 0.255 0.014348958333333333 0.0552037037037037
2 0.6763177083333333 0.14625 0.023828125 0.04678703703703704
2 0.22321875 0.2578611111111111 0.021119791666666665 0.05371296296296296
2 0.19989583333333333 0.3966111111111111 0.022296875 0.07016666666666667
2 0.6638333333333333 0.2382685185185185 0.01621875 0.054287037037037036
2 0.6771041666666666 0.19406481481481483 0.018307291666666666 0.05237037037037037
2 0.23073958333333333 0.4216851851851852 0.016375 0.06787037037037037
2 0.6010624999999999 0.1365925925925926 0.01964583333333333 0.048
2 0.5119947916666666 0.7045092592592592 0.02158854166666667 0.07128703703703704
2 0.7877395833333334 0.26884259259259263 0.025838541666666666 0.06634259259259259
2 0.7889947916666666 0.2724351851851852 0.021427083333333333 0.06274074074074075
3 0.16055729166666666 0.08032407407407408 0.017291666666666667 0.055712962962962964
2 0.5871718749999999 0.12150925925925925 0.019395833333333334 0.05186111111111111