2 0.43203125 0.30287962962962967 0.0109375 0.049805555555555554
2 0.47890625 0.387037037037037 0.008854166666666666 0.05740740740740741
2 0.4952708333333333 0.3398148148148148 0.013630208333333334 0.05
2 0.6307291666666667 0.3375 0.0125 0.05462962962962963
3 0.15732812499999999 0.2915648148148148 0.012552083333333333 0.049055555555555554
3 0.350828125 0.05807407407407407 0.010984375 0.03927777777777778
1 0.19589583333333332 0.2545925925925926 0.012203125 0.04997222222222222
2 0.21165104166666668 0.27751851851851855 0.023109374999999998 0.021972222222222223
2 0.33613020833333335 0.2837314814814815 0.010229166666666668 0.04936111111111111
2 0.32118749999999996 0.3359074074074074 0.012343749999999999 0.05288888888888889
2 0.3878125 0.18475925925925926 0.010270833333333333 0.04708333333333333
2 0.3978854166666667 0.18147222222222223 0.007395833333333333 0.04549074074074074
2 0.47858854166666664 0.2939351851851852 0.009770833333333334 0.044814814814814814
2 0.43975000000000003 0.43725 0.015875 0.05391666666666666
2 0.52371875 0.21869444444444444 0.008052083333333333 0.04707407407407408
2 0.5210416666666666 0.24446296296296294 0.008880208333333334 0.04569444444444445
2 0.6881770833333333 0.2811018518518518 0.006802083333333334 0.0490925925925926
2 0.6642291666666666 0.3654351851851852 0.011125 0.04605555555555556
2 0.8544322916666667 0.3778518518518518 0.010927083333333334 0.0594074074074074
2 0.797125 0.5201944444444444 0.015088541666666667 0.06076851851851851
2 0.8188385416666667 0.25803703703703706 0.011630208333333333 0.05125925925925926
2 0.845421875 0.26708333333333334 0.012286458333333333 0.05084259259259259
2 0.8313385416666667 0.2358425925925926 0.013359375 0.04761111111111111
3 0.855078125 0.8656296296296296 0.01796875 0.07013888888888889