2 0.14467241379310344 0.28313492063492063 0.016413793103448274 0.0653968253968254
2 0.05623275862068966 0.24833333333333332 0.014672413793103448 0.06077380952380952
2 0.6255258620689655 0.18432539682539684 0.010379310344827586 0.06146825396825397
2 0.2380603448275862 0.1490873015873016 0.012655172413793103 0.05051587301587302
2 0.6447844827586208 0.24456349206349207 0.014301724137931035 0.05829365079365079
2 0.791103448275862 0.37906746031746036 0.017327586206896554 0.07176587301587302
3 0.33907758620689654 0.4239880952380952 0.016663793103448274 0.08422619047619048
1 0.8895775862068966 0.24890873015873016 0.013879310344827587 0.0669047619047619
0 0.9332327586206897 0.205515873015873 0.006629310344827587 0.015912698412698413
0 0.8318103448275862 0.14277777777777775 0.004586206896551724 0.012718253968253969
2 0.9709482758620689 0.5425198412698413 0.021801724137931033 0.09799603174603175
2 0.9447931034482759 0.695138888888889 0.02521551724137931 0.09910714285714287
2 0.9121551724137931 0.6507539682539683 0.03183620689655172 0.10873015873015872
0 0.6550862068965517 0.677420634920635 0.010689655172413793 0.023392857142857142
2 0.7300172413793103 0.40089285714285716 0.018681034482758624 0.08613095238095238
2 0.5561810344827586 0.4686904761904762 0.01821551724137931 0.09051587301587301
2 0.5118620689655172 0.49876984126984125 0.02092241379310345 0.08503968253968254
3 0.014689655172413793 0.13922619047619048 0.009948275862068964 0.05333333333333333
0 0.12966379310344828 0.12688492063492063 0.006810344827586207 0.016428571428571428
2 0.23549137931034483 0.5915277777777778 0.01946551724137931 0.09912698412698413
2 0.26198275862068965 0.6428968253968254 0.022568965517241378 0.10793650793650793
2 0.1359051724137931 0.7703571428571429 0.037956896551724136 0.09892857142857142
2 0.4145344827586207 0.8756349206349207 0.027732758620689656 0.1022420634920635
2 0.4644827586206896 0.8888095238095237 0.02593103448275862 0.11218253968253968
0 0.5544224137931034 0.05140873015873016 0.0036896551724137933 0.008869047619047618
0 0.41636206896551725 0.07293650793650794 0.005482758620689656 0.01017857142857143