2 0.6839270833333334 0.2676851851851852 0.018489583333333334 0.042916666666666665
3 0.8049739583333333 0.8633796296296297 0.018338541666666666 0.06348148148148149
2 0.33444270833333334 0.3451574074074074 0.014875 0.03857407407407407
2 0.24265104166666665 0.47237962962962965 0.01592708333333333 0.04747222222222223
2 0.39378124999999997 0.27972222222222226 0.014104166666666666 0.04206481481481481
2 0.32078124999999996 0.4078611111111111 0.0114375 0.03899074074074074
2 0.6243489583333334 0.20856481481481481 0.0156875 0.04436111111111111
2 0.629171875 0.4869444444444444 0.018281250000000002 0.04379629629629629
2 0.646640625 0.2521388888888889 0.015265625 0.041462962962962965
2 0.6690781250000001 0.5289351851851852 0.014661458333333332 0.05595370370370371
2 0.7953072916666667 0.4369444444444444 0.013817708333333335 0.05720370370370371
3 0.498 0.3551574074074074 0.010947916666666667 0.04346296296296296
2 0.390765625 0.17652777777777778 0.010005208333333333 0.039296296296296294
2 0.20307291666666666 0.45885185185185184 0.011354166666666667 0.0362962962962963
2 0.30466145833333336 0.3204074074074074 0.011307291666666667 0.04494444444444445
2 0.23658854166666668 0.3063333333333333 0.012859375000000001 0.04543518518518518
2 0.28513020833333336 0.26408333333333334 0.016755208333333334 0.05015740740740741
2 0.38649479166666667 0.37530555555555556 0.010072916666666666 0.04722222222222222
1 0.10541145833333333 0.3137592592592593 0.024369791666666665 0.03122222222222222
3 0.3732135416666667 0.08471296296296296 0.009973958333333333 0.039796296296296295
2 0.5492708333333333 0.3595555555555556 0.013119791666666667 0.05059259259259259
2 0.214 0.3932407407407407 0.014453125 0.05684259259259259
2 0.2250625 0.4040648148148148 0.011583333333333333 0.05628703703703704
0 0.11355729166666667 0.3184351851851852 0.005234375 0.010944444444444444