2 0.8291354166666667 0.26146296296296295 0.016046875 0.04532407407407408
2 0.3229166666666667 0.3694814814814815 0.015880208333333333 0.05071296296296297
2 0.7451041666666666 0.3188425925925926 0.013817708333333335 0.047064814814814816
2 0.8714166666666666 0.3200555555555556 0.014609375 0.042324074074074076
2 0.70246875 0.34505555555555556 0.021500000000000002 0.05160185185185185
2 0.5802812500000001 0.37050925925925926 0.01353125 0.05017592592592592
1 0.9318489583333334 0.2976666666666667 0.016625 0.05999074074074075
2 0.77096875 0.3285462962962963 0.012593749999999999 0.048101851851851854
2 0.6847864583333333 0.30789814814814814 0.012484374999999999 0.04524074074074074
2 0.3819427083333334 0.22516666666666668 0.014223958333333333 0.04050925925925926
2 0.6354739583333333 0.3353796296296296 0.015104166666666667 0.04505555555555555
2 0.7645156249999999 0.09767592592592592 0.015171875 0.043916666666666666
3 0.11384375000000001 0.14428703703703705 0.013734375 0.03997222222222222
2 0.6542864583333333 0.23517592592592593 0.011614583333333334 0.04530555555555556
2 0.8070208333333333 0.31636111111111115 0.015536458333333333 0.05173148148148148
2 0.82496875 0.31469444444444444 0.013854166666666667 0.05037962962962963
2 0.6535520833333333 0.3132222222222222 0.01078125 0.036944444444444446
2 0.8051979166666666 0.34173148148148147 0.015526041666666665 0.041296296296296296
2 0.3980052083333333 0.2159351851851852 0.013026041666666667 0.049157407407407414
3 0.6681197916666667 0.24271296296296296 0.015057291666666667 0.05332407407407408
2 0.7730937499999999 0.2821944444444444 0.013203125000000001 0.05512037037037037
2 0.6495677083333333 0.3022037037037037 0.015348958333333333 0.050722222222222224
0 0.7612187499999999 0.10916666666666668 0.006911458333333333 0.012361111111111111
2 0.6970989583333334 0.34202777777777776 0.020489583333333335 0.06116666666666667