2 0.17655896607431343 0.38489614243323444 0.012390953150242327 0.04590504451038576
2 0.6614135702746365 0.35032640949554894 0.01672859450726979 0.05408011869436202
2 0.6877705977382876 0.2641394658753709 0.009232633279483036 0.02765578635014837
2 0.13074313408723748 0.4066913946587537 0.012382875605815831 0.052789317507418394
2 0.5618901453957997 0.31430267062314543 0.01011308562197092 0.04888724035608309
2 0.011138933764135703 0.3708011869436202 0.021591276252019388 0.04001483679525222
3 0.286453957996769 0.3997774480712166 0.013441033925686591 0.05594955489614244
1 0.07030694668820679 0.3586053412462908 0.020016155088852988 0.04181008902077151
2 0.04098546042003231 0.35439169139465876 0.013150242326332795 0.05023738872403561
0 0.09496768982229402 0.36700296735905047 0.005751211631663975 0.010445103857566765
0 0.08878029079159935 0.2719436201780415 0.005169628432956382 0.009332344213649852
0 0.32176898222940226 0.17416913946587537 0.0031502423263327947 0.00642433234421365
0 0.5104442649434572 0.18182492581602375 0.004281098546042003 0.00728486646884273
0 0.702907915993538 0.19589020771513355 0.005565428109854604 0.012537091988130562
3 0.9603554119547658 0.9234718100890207 0.037600969305331175 0.11295252225519287
2 0.6812681744749596 0.5673590504451038 0.015557350565428112 0.07396142433234422
2 0.7527382875605816 0.38867952522255195 0.016195476575121163 0.05853115727002968
2 0.7870840064620355 0.37724035608308604 0.016219709208400646 0.05388724035608309
2 0.7886672051696284 0.3294213649851632 0.00862681744749596 0.05247774480712166
2 0.7919709208400646 0.2846884272997033 0.00778675282714055 0.0450593471810089
2 0.8642891760904685 0.36112759643916914 0.013424878836833604 0.05359050445103857
2 0.8829483037156703 0.3742433234421365 0.01351373182552504 0.06004451038575667
2 0.8340145395799676 0.4732344213649851 0.023206785137318255 0.07413946587537092
2 0.47075928917609045 0.4252522255192878 0.018166397415185782 0.06783382789317507
2 0.45731017770597737 0.5904747774480712 0.0185702746365105 0.07609792284866469
2 0.40665589660743134 0.3865430267062314 0.01737479806138934 0.06183976261127597
2 0.21232633279483037 0.315593471810089 0.01675282714054927 0.038486646884273
2 0.22616316639741518 0.30020771513353117 0.018780290791599354 0.039643916913946586
3 0.35421647819063 0.1727299703264095 0.005993537964458805 0.027833827893175078