2 0.546359375 0.703 0.02565625 0.059888888888888894
3 0.8418802083333333 0.8532222222222222 0.019375 0.06620370370370371
2 0.5650885416666667 0.7405925925925926 0.028916666666666667 0.05667592592592593
2 0.2025625 0.6025648148148148 0.021744791666666666 0.05982407407407407
2 0.802203125 0.5696481481481481 0.01708854166666667 0.052175925925925924
2 0.48082291666666666 0.6792314814814815 0.026348958333333335 0.05978703703703703
2 0.2727552083333334 0.3916759259259259 0.017437499999999998 0.05251851851851852
2 0.7849479166666666 0.5045092592592593 0.01521875 0.05843518518518519
2 0.5667291666666666 0.23441666666666666 0.015145833333333332 0.04619444444444445
2 0.6689062499999999 0.43575 0.016703125 0.04837962962962963
2 0.3029322916666667 0.2297962962962963 0.014557291666666666 0.044648148148148145
2 0.7086406249999999 0.5280092592592592 0.017307291666666665 0.056962962962962965
2 0.6508645833333334 0.2326851851851852 0.020317708333333333 0.04637037037037037
2 0.7872239583333334 0.39172222222222225 0.02285416666666667 0.04817592592592593
2 0.41446354166666666 0.5987777777777777 0.02109375 0.049185185185185186
3 0.5188229166666667 0.492037037037037 0.017598958333333335 0.050898148148148144
2 0.44005208333333334 0.7833518518518519 0.02434375 0.06644444444444444
2 0.5525572916666667 0.8124259259259259 0.021005208333333334 0.0678425925925926
2 0.4409427083333333 0.4226666666666667 0.019213541666666667 0.04913888888888889
3 0.34627083333333336 0.05932407407407407 0.013630208333333334 0.03498148148148148
2 0.4048489583333333 0.5464351851851852 0.02440625 0.051972222222222225
2 0.5866354166666666 0.8006296296296296 0.020432291666666665 0.07028703703703704
2 0.59384375 0.7963148148148148 0.026348958333333335 0.07293518518518519
0 0.5610833333333333 0.8290462962962963 0.008078125 0.02174074074074074