2 0.5984375 0.20092592592592592 0.015625 0.053703703703703705
2 0.17942708333333332 0.41712962962962963 0.0171875 0.06388888888888888
2 0.6354166666666666 0.4615740740740741 0.013541666666666667 0.06018518518518518
2 0.7247395833333333 0.750462962962963 0.019270833333333334 0.06944444444444445
2 0.70409375 0.2181574074074074 0.0105625 0.05299074074074074
2 0.7909427083333332 0.381462962962963 0.012098958333333333 0.059222222222222225
2 0.806109375 0.48559259259259263 0.01846354166666667 0.06192592592592592
2 0.6885989583333333 0.6006018518518518 0.012609375 0.06973148148148148
2 0.3565833333333333 0.19694444444444442 0.013166666666666667 0.051305555555555556
2 0.4556927083333333 0.40962037037037036 0.014515625 0.05441666666666667
2 0.515953125 0.5094814814814815 0.01940625 0.05970370370370371
2 0.8191666666666666 0.580462962962963 0.017505208333333334 0.06648148148148147
2 0.5888072916666667 0.7969166666666666 0.02550520833333333 0.06976851851851851
2 0.5265625 0.7236944444444445 0.016661458333333334 0.06775
2 0.38567708333333334 0.5078425925925926 0.015098958333333332 0.06383333333333333
2 0.341921875 0.6881574074074075 0.01821875 0.06705555555555556
2 0.07286458333333333 0.6996481481481481 0.0196875 0.07336111111111111
2 0.714921875 0.4022037037037037 0.016302083333333335 0.05997222222222222
2 0.330015625 0.8782592592592593 0.024609375 0.08244444444444445
3 0.9055 0.8162499999999999 0.023380208333333333 0.07139814814814814
3 0.61171875 0.5036944444444444 0.021354166666666667 0.05923148148148148
3 0.27838541666666666 0.034712962962962966 0.010932291666666667 0.041638888888888885
2 0.5479375 0.7199259259259259 0.015661458333333333 0.07133333333333335