2 0.29192708333333334 0.3824074074074074 0.016145833333333335 0.046296296296296294
2 0.3411458333333333 0.5064814814814815 0.015625 0.05555555555555555
2 0.08151041666666667 0.586574074074074 0.0171875 0.062037037037037036
2 0.15989583333333332 0.6256666666666667 0.01875 0.056074074074074075
2 0.23103645833333333 0.7352777777777778 0.02715625 0.06262962962962963
2 0.10686979166666667 0.37389814814814815 0.020197916666666666 0.05173148148148148
2 0.23530208333333333 0.3573888888888889 0.012135416666666668 0.052333333333333336
2 0.2969322916666667 0.46685185185185185 0.015463541666666667 0.05374074074074074
2 0.36008854166666665 0.4095277777777778 0.013942708333333333 0.051805555555555556
2 0.380484375 0.43466666666666665 0.02209895833333333 0.04671296296296296
0 0.3356145833333333 0.5311018518518519 0.005578125000000001 0.009888888888888888
2 0.549796875 0.5633148148148148 0.018072916666666668 0.056796296296296296
2 0.43706249999999996 0.412962962962963 0.015359375 0.04995370370370371
2 0.6879114583333333 0.5293703703703704 0.015359375 0.05549074074074074
2 0.585578125 0.5127962962962963 0.013026041666666667 0.05793518518518519
2 0.6459895833333333 0.44752777777777775 0.014890625 0.052500000000000005
2 0.6191458333333333 0.398037037037037 0.01627083333333333 0.051083333333333335
2 0.577765625 0.40397222222222223 0.013953125 0.05148148148148148
2 0.568375 0.3478333333333334 0.01777604166666667 0.04825
2 0.44316666666666665 0.2684259259259259 0.015307291666666667 0.04441666666666667
2 0.49092708333333335 0.25405555555555553 0.015911458333333333 0.045518518518518514
3 0.38576041666666666 0.3357037037037037 0.012197916666666668 0.04237037037037037
1 0.85875 0.3653888888888889 0.0139375 0.05913888888888889
3 0.8715468749999999 0.8581666666666667 0.017 0.06276851851851853
3 0.04191666666666667 0.20453703703703704 0.013885416666666667 0.04181481481481481