2 0.5036458333333333 0.21296296296296297 0.013541666666666667 0.05555555555555555
2 0.47317708333333336 0.28935185185185186 0.0171875 0.05092592592592592
2 0.25364583333333335 0.15231481481481482 0.015625 0.05277777777777778
2 0.19108333333333333 0.8148148148148148 0.019791666666666666 0.07592592592592592
2 0.15701562500000002 0.4281018518518519 0.016114583333333335 0.06547222222222222
2 0.17502604166666666 0.4474074074074074 0.014635416666666668 0.06703703703703705
2 0.22996875 0.5691574074074075 0.022432291666666666 0.06794444444444445
2 0.22670312499999998 0.35833333333333334 0.016947916666666667 0.061120370370370374
2 0.28514062500000004 0.24981481481481482 0.015072916666666667 0.06260185185185185
2 0.29596875 0.08952777777777778 0.009645833333333333 0.05313888888888889
2 0.34094270833333334 0.24037962962962964 0.013135416666666667 0.054824074074074074
2 0.46332812500000004 0.13994444444444443 0.014161458333333333 0.05210185185185186
2 0.52440625 0.36280555555555555 0.018609374999999997 0.06264814814814815
2 0.55440625 0.2919074074074074 0.016109375 0.05232407407407407
2 0.6629322916666667 0.28202777777777777 0.012322916666666666 0.05480555555555555
2 0.6817291666666667 0.2603796296296296 0.015541666666666667 0.05778703703703703
2 0.7465104166666666 0.4844074074074074 0.018026041666666666 0.07066666666666666
2 0.49861458333333336 0.49650000000000005 0.0180625 0.06707407407407408
2 0.489921875 0.36589814814814814 0.018385416666666664 0.05587962962962963
2 0.31125520833333337 0.4606388888888889 0.016260416666666666 0.06757407407407408
3 0.7910052083333333 0.9512592592592591 0.016380208333333333 0.07659259259259259
3 0.365171875 0.39725 0.013671875 0.05561111111111111
3 0.2735 0.0650462962962963 0.013661458333333333 0.04675925925925926
0 0.5477552083333334 0.35174074074074074 0.005921874999999999 0.014592592592592593