2 0.27959895833333337 0.36233333333333334 0.011171875 0.0374074074074074
2 0.3840677083333333 0.481537037037037 0.014171875 0.042694444444444445
2 0.39233854166666665 0.44608333333333333 0.011817708333333335 0.03697222222222222
2 0.294515625 0.44278703703703703 0.012552083333333333 0.038064814814814815
3 0.48040625 0.37528703703703703 0.010640624999999999 0.03639814814814815
2 0.5562291666666667 0.5307222222222222 0.012343749999999999 0.04443518518518519
2 0.5819010416666667 0.350962962962963 0.012875 0.03704629629629629
2 0.529765625 0.4943518518518518 0.010744791666666666 0.04069444444444445
3 0.49582291666666667 0.15960185185185186 0.008838541666666666 0.025953703703703705
2 0.442578125 0.395712962962963 0.011203125000000001 0.035194444444444445
2 0.29755208333333333 0.3909814814814815 0.011526041666666665 0.038768518518518515
2 0.427875 0.3678518518518518 0.010666666666666666 0.03520370370370371
3 0.9106979166666667 0.8094814814814815 0.011927083333333333 0.04747222222222223
2 0.44201041666666663 0.4350833333333333 0.014046874999999999 0.03894444444444445
2 0.35077083333333337 0.3429351851851852 0.016255208333333333 0.03996296296296296
2 0.42838020833333335 0.4434166666666667 0.014729166666666666 0.04582407407407407
1 0.24960416666666668 0.3290370370370371 0.012380208333333333 0.03774074074074074
2 0.28473437500000004 0.31039814814814815 0.012552083333333333 0.0424537037037037
2 0.35001041666666666 0.27162962962962967 0.014343749999999999 0.040777777777777774
2 0.3628072916666667 0.3308611111111111 0.009463541666666667 0.04275925925925926
2 0.4296979166666667 0.44389814814814815 0.024197916666666666 0.024583333333333336
2 0.379609375 0.47988888888888886 0.010302083333333333 0.0428425925925926