2 0.42333216538192014 0.32137203166226913 0.01313594954449895 0.0391490765171504
2 0.6733391730903995 0.699802110817942 0.019029432375613175 0.09035620052770447
2 0.4796215837421163 0.48660290237467024 0.017119831814996496 0.0637730870712401
2 0.6865662228451297 0.6013786279683377 0.019656622284512964 0.0629419525065963
2 0.8759004905395936 0.6164313984168865 0.017890679747722495 0.07321899736147758
3 0.5939768745620182 0.4690039577836412 0.014761737911702873 0.05813984168865435
2 0.6200560616678347 0.32013192612137203 0.01169936930623686 0.045059366754617414
2 0.673917309039944 0.441820580474934 0.02501751927119832 0.0399802110817942
2 0.8666433076384022 0.737467018469657 0.02305886475122635 0.08168865435356201
2 0.12165031534688157 0.4906860158311346 0.021531184302733007 0.06313324538258575
2 0.18178346180798877 0.4475725593667546 0.012428170988086896 0.0641622691292876
2 0.21141906096706375 0.5243667546174143 0.015546601261387525 0.07188654353562006
2 0.3874877365101612 0.46848944591029024 0.01370707778556412 0.06317282321899736
2 0.420427470217239 0.7600131926121373 0.022722494744218637 0.09757255936675462
2 0.6421793973370707 0.4469525065963061 0.01628591450595655 0.04686015831134565
2 0.5647617379117028 0.3154749340369393 0.014225648213034339 0.040831134564643795
2 0.6508093903293624 0.6557717678100263 0.01861948142957253 0.0871372031662269
2 0.8262683952347583 0.5729683377308707 0.021955150665732306 0.07274406332453826
2 0.8240960056061667 0.5156200527704485 0.015480028030833917 0.06643139841688654
1 0.9551611772950246 0.3435686015831135 0.01176594253679047 0.0475065963060686
2 0.37968114926419055 0.30282981530343006 0.010175192711983182 0.04230211081794195
2 0.17756482130343376 0.5815633245382585 0.025315346881569726 0.08062005277044855
3 0.23857042747021723 0.2369525065963061 0.008724597056762437 0.03365435356200528
3 0.6374772249474422 0.4696767810026385 0.006173791170287316 0.013350923482849603