2 0.09957291666666666 0.5497314814814815 0.015838541666666667 0.05748148148148148
2 0.42939583333333337 0.16735185185185186 0.01328125 0.04053703703703704
2 0.07743229166666667 0.4434814814814815 0.013921875 0.049277777777777775
2 0.078296875 0.4879166666666667 0.015734375000000002 0.05357407407407407
3 0.069796875 0.17578703703703702 0.013286458333333334 0.035777777777777776
2 0.23353125 0.38083333333333336 0.013057291666666667 0.04646296296296296
2 0.8528177083333334 0.2820740740740741 0.013182291666666667 0.045537037037037036
2 0.624515625 0.7592407407407408 0.01903125 0.05881481481481482
2 0.36830729166666665 0.48247222222222225 0.013994791666666668 0.05280555555555556
2 0.14618229166666669 0.6138703703703704 0.017593750000000002 0.05924074074074074
2 0.32268749999999996 0.5233055555555555 0.013572916666666665 0.05828703703703704
2 0.383953125 0.23541666666666666 0.009744791666666667 0.044592592592592586
2 0.6271979166666667 0.38049074074074074 0.011984375 0.04783333333333333
2 0.897375 0.36850925925925926 0.014203125 0.04780555555555556
3 0.3462552083333333 0.42890740740740746 0.013098958333333332 0.049666666666666665
2 0.513015625 0.6771296296296296 0.014703125000000001 0.06198148148148148
2 0.28720312499999995 0.37737037037037036 0.013619791666666665 0.060500000000000005
2 0.4292916666666667 0.41060185185185183 0.012598958333333334 0.05176851851851851
2 0.124265625 0.31325000000000003 0.013182291666666667 0.04759259259259259
1 0.92378125 0.33616666666666667 0.012463541666666666 0.04660185185185185
2 0.6422343749999999 0.32663888888888887 0.010510416666666666 0.05327777777777778
2 0.6985677083333334 0.3877407407407407 0.013802083333333333 0.06437037037037037
0 0.872390625 0.3566851851851852 0.008322916666666668 0.018935185185185183
2 0.14590104166666668 0.5897592592592593 0.015755208333333333 0.05174074074074074