3 0.919546875 0.8544722222222223 0.01953125 0.06986111111111111
2 0.43154166666666666 0.17888888888888888 0.01954166666666667 0.04175
2 0.325609375 0.1529259259259259 0.015255208333333332 0.04439814814814815
2 0.6156458333333333 0.4645648148148148 0.015057291666666667 0.059657407407407416
2 0.6208125 0.31066666666666665 0.015338541666666667 0.05837962962962963
2 0.6023020833333333 0.24999074074074074 0.015177083333333334 0.04773148148148148
2 0.20778125 0.4164629629629629 0.01623958333333333 0.05450925925925926
2 0.7033072916666666 0.7753240740740741 0.018296875 0.07062037037037036
2 0.669 0.4045185185185185 0.011385416666666667 0.06880555555555556
2 0.43527604166666667 0.43584259259259256 0.01303125 0.052759259259259256
2 0.7110520833333334 0.5190277777777778 0.013833333333333333 0.05563888888888889
2 0.48411458333333335 0.26946296296296296 0.013833333333333333 0.05250925925925926
2 0.2665885416666667 0.3676388888888889 0.0151875 0.05616666666666666
2 0.505609375 0.26849074074074075 0.012671874999999999 0.053879629629629625
2 0.335078125 0.44680555555555557 0.012916666666666667 0.057601851851851855
2 0.49954166666666666 0.4213425925925926 0.015270833333333334 0.05118518518518519
2 0.34896875 0.2261388888888889 0.013927083333333333 0.045
2 0.49709375 0.3793703703703704 0.012791666666666666 0.048240740740740744
2 0.3801614583333333 0.23554629629629628 0.012067708333333335 0.053231481481481484
3 0.366859375 0.30726851851851855 0.010296875 0.05021296296296296
2 0.706984375 0.5239166666666667 0.013927083333333333 0.05698148148148148
1 0.90196875 0.31919444444444445 0.017484375 0.06615740740740741
0 0.35054166666666664 0.2331111111111111 0.008447916666666666 0.01563888888888889
2 0.13661979166666666 0.3373333333333333 0.016734375000000003 0.06441666666666666