2 0.3575520833333333 0.6166666666666667 0.0140625 0.037037037037037035
2 0.33125 0.5120370370370371 0.007291666666666667 0.03333333333333333
2 0.38255208333333335 0.3958333333333333 0.0109375 0.028703703703703703
2 0.40546875 0.3486111111111111 0.0078125 0.028703703703703703
2 0.34345312499999997 0.4228796296296296 0.010807291666666666 0.025546296296296296
2 0.45757291666666666 0.4048425925925926 0.010994791666666667 0.027666666666666666
2 0.522515625 0.4990925925925926 0.008885416666666666 0.029194444444444446
2 0.4766302083333333 0.603212962962963 0.011890624999999998 0.032388888888888884
2 0.49453125 0.6556481481481482 0.015666666666666666 0.03272222222222222
2 0.38667708333333334 0.5460462962962963 0.015953125 0.030629629629629628
2 0.30171354166666664 0.5402037037037036 0.013708333333333333 0.03100925925925926
2 0.5015364583333334 0.48254629629629625 0.011260416666666667 0.03028703703703704
2 0.5128541666666666 0.4834537037037037 0.008421875 0.032101851851851854
2 0.4263645833333333 0.3585925925925926 0.008947916666666667 0.02562962962962963
2 0.27484895833333334 0.45613888888888887 0.013130208333333334 0.02874074074074074
2 0.278078125 0.4478425925925926 0.005447916666666667 0.026212962962962962
3 0.35642708333333334 0.4421481481481481 0.012 0.025879629629629627
3 0.5652760416666667 0.6672592592592592 0.012697916666666666 0.03484259259259259
1 0.69546875 0.40394444444444444 0.0061875 0.029898148148148146
2 0.14565104166666665 0.483037037037037 0.00746875 0.03025925925925926
2 0.09934895833333333 0.43112962962962964 0.0066875 0.02999074074074074
2 0.16804687499999998 0.4098333333333333 0.008234375 0.030611111111111113
2 0.13341145833333332 0.39696296296296296 0.008526041666666668 0.02798148148148148
3 0.17267187499999997 0.30653703703703705 0.0049635416666666664 0.023037037037037036
0 0.36325520833333336 0.6325555555555555 0.003927083333333334 0.006638888888888889