2 0.4044954449894885 0.38798812664907656 0.017841625788367205 0.05406992084432718
2 0.5586615276804485 0.3075593667546174 0.012697967764540996 0.042084432717678096
2 0.4607112824106517 0.2570844327176781 0.013605466012613875 0.030982849604221634
2 0.49059565522074283 0.23153034300791556 0.01122634898388227 0.033627968337730865
2 0.3263980378416258 0.3436213720316622 0.016310441485634198 0.04514511873350923
2 0.7472950245269797 0.28771767810026383 0.012740014015416959 0.04234168865435356
2 0.38065522074281716 0.3338126649076517 0.013100911002102313 0.04631926121372031
2 0.3648458304134548 0.31689313984168865 0.013703573931324457 0.051596306068601584
2 0.4027435178696566 0.2853166226912929 0.015637701471618783 0.029986807387862798
1 0.2505150665732306 0.2857915567282322 0.011436580238262089 0.040831134564643795
2 0.29096706377014714 0.3546701846965699 0.014131044148563419 0.05486807387862797
2 0.421468114926419 0.28401055408970977 0.010949544498948844 0.04344986807387863
2 0.4374772249474422 0.2911675461741425 0.00916958654519972 0.04892480211081794
2 0.4477435178696566 0.30374010554089714 0.015525578135949545 0.043311345646437995
2 0.44615627189908896 0.2725263852242744 0.009726699369306237 0.036569920844327176
2 0.4809495444989489 0.2877902374670185 0.010960056061667835 0.046062005277044855
2 0.503051857042747 0.24864116094986807 0.011797477224947443 0.03457124010554089
2 0.47987035739313244 0.2857255936675462 0.02260686755430974 0.03203825857519789
2 0.4793728100911002 0.2811609498680739 0.011969166082690958 0.04147757255936676
0 0.4637175893482831 0.3008047493403694 0.0054169586545199724 0.010230870712401056
3 0.5549088997897688 0.2775065963060686 0.01035739313244569 0.045296833773087075
3 0.5438717589348283 0.1963324538258575 0.011944639103013317 0.03139841688654354
2 0.6038507358093904 0.35771767810026384 0.010981079187105816 0.05600923482849604
2 0.6443062368605466 0.35812664907651715 0.014348283111422565 0.05930079155672824
0 0.17139453398738613 0.29600923482849606 0.004428871758934828 0.009426121372031662