3 0.35801041666666666 0.3579907407407407 0.0140625 0.04351851851851852
2 0.10859375 0.2708333333333333 0.015104166666666667 0.04722222222222222
2 0.34186979166666664 0.47141666666666665 0.01521875 0.049749999999999996
2 0.48541666666666666 0.3416666666666667 0.015625 0.05
0 0.39770833333333333 0.32994444444444443 0.007921875 0.01174074074074074
3 0.09136458333333333 0.14585185185185187 0.013984375 0.0342962962962963
1 0.7097760416666666 0.33914814814814814 0.018505208333333335 0.05421296296296296
3 0.8745937500000001 0.7289351851851852 0.021067708333333334 0.05787037037037037
2 0.12442708333333334 0.798074074074074 0.015520833333333334 0.05725925925925926
2 0.08872395833333332 0.5995092592592592 0.030578125 0.05642592592592592
2 0.06927083333333334 0.36616666666666664 0.015625 0.04713888888888888
2 0.08146874999999999 0.3475740740740741 0.0160625 0.04885185185185185
2 0.2533020833333333 0.3273518518518519 0.015979166666666666 0.04543518518518518
2 0.218234375 0.6541666666666667 0.015635416666666666 0.04351851851851852
2 0.3012760416666667 0.3043611111111111 0.01296875 0.049462962962962966
2 0.36044791666666665 0.19165740740740742 0.010473958333333333 0.04256481481481481
2 0.5024010416666667 0.31126851851851856 0.01521875 0.03178703703703704
2 0.5340520833333334 0.2911388888888889 0.016015625 0.048935185185185186
2 0.610140625 0.33373148148148146 0.012989583333333334 0.04524074074074074
2 0.5898749999999999 0.5128611111111111 0.013083333333333334 0.05165740740740741
2 0.74771875 0.4594722222222222 0.015223958333333334 0.05412962962962963