2 0.5294270833333333 0.5805555555555556 0.0171875 0.06481481481481481
2 0.3463541666666667 0.36944444444444446 0.010416666666666666 0.05
2 0.13984375 0.3574074074074074 0.013020833333333334 0.053703703703703705
2 0.15598958333333332 0.44722222222222224 0.016145833333333335 0.05185185185185185
2 0.055093750000000004 0.40094444444444444 0.017942708333333335 0.0412037037037037
2 0.06423958333333334 0.5603148148148148 0.014005208333333333 0.05962037037037037
2 0.13394270833333335 0.6228611111111112 0.018932291666666667 0.06024999999999999
2 0.10740104166666667 0.6763148148148148 0.018083333333333333 0.058472222222222224
2 0.23340624999999998 0.28314814814814815 0.015526041666666665 0.0427037037037037
2 0.2797135416666666 0.45866666666666667 0.009286458333333332 0.051925925925925924
2 0.38835416666666667 0.2973148148148148 0.012067708333333335 0.045361111111111116
2 0.42709375 0.38008333333333333 0.013979166666666666 0.04887962962962963
2 0.4112864583333333 0.4718333333333333 0.013479166666666665 0.05455555555555556
2 0.29517187500000003 0.44973148148148145 0.015755208333333333 0.05776851851851852
3 0.2244010416666667 0.44692592592592595 0.018697916666666665 0.04820370370370371
2 0.27171354166666667 0.29825 0.023296874999999998 0.041305555555555554
2 0.5387395833333334 0.3924259259259259 0.01165625 0.05183333333333333
2 0.5522604166666666 0.5003333333333333 0.015354166666666667 0.0582037037037037
2 0.5470468749999999 0.5819907407407408 0.012708333333333332 0.061481481481481484
2 0.591015625 0.5994074074074074 0.010619791666666666 0.05876851851851852
0 0.37659374999999995 0.31819444444444445 0.005218749999999999 0.010046296296296296
1 0.8304166666666667 0.4577685185185185 0.012921875 0.06001851851851851
3 0.8368645833333334 0.9861944444444444 0.012916666666666667 0.02760185185185185