2 0.21433854166666666 0.563138888888889 0.017223958333333334 0.05346296296296296
3 0.7515364583333334 0.9391018518518519 0.01827604166666667 0.06724999999999999
2 0.48065104166666667 0.16857407407407407 0.0233125 0.045425925925925925
2 0.5045260416666667 0.3301111111111111 0.014708333333333332 0.046287037037037036
2 0.68496875 0.34329629629629627 0.016463541666666668 0.053953703703703705
2 0.17919791666666668 0.20319444444444443 0.012270833333333333 0.04761111111111111
2 0.2992447916666666 0.22190740740740741 0.013854166666666667 0.04331481481481481
2 0.44290625 0.10156481481481482 0.01178125 0.03637037037037037
2 0.3341614583333333 0.17212037037037037 0.013703125 0.04327777777777778
2 0.43504166666666666 0.17735185185185184 0.013010416666666667 0.04634259259259259
2 0.6596562499999999 0.317037037037037 0.013578125 0.05045370370370371
3 0.43207812500000004 0.2367037037037037 0.013098958333333332 0.04646296296296296
2 0.6708229166666667 0.22649074074074074 0.01146875 0.04911111111111111
2 0.6201666666666666 0.699388888888889 0.017838541666666666 0.07014814814814815
2 0.3160364583333333 0.14116666666666666 0.010864583333333334 0.04239814814814815
2 0.41473958333333333 0.13081481481481483 0.013833333333333333 0.036703703703703704
2 0.15587499999999999 0.4470092592592592 0.01553125 0.05327777777777778
2 0.368640625 0.12016666666666667 0.0135625 0.03517592592592593
2 0.35340625 0.10706481481481481 0.012640624999999999 0.033694444444444444
2 0.34896875 0.366 0.013838541666666667 0.05380555555555556
2 0.15477083333333336 0.4242314814814815 0.014994791666666667 0.052425925925925924
3 0.24313020833333335 0.07610185185185185 0.014739583333333334 0.03498148148148148
2 0.7141354166666667 0.4910092592592592 0.0168125 0.07151851851851851
0 0.3874166666666667 0.09490740740740741 0.007473958333333333 0.016972222222222222