2 0.288515625 0.5682685185185186 0.00828125 0.02910185185185185
1 0.062921875 0.5488518518518518 0.0081875 0.031342592592592596
2 0.007098958333333334 0.5518518518518518 0.008197916666666668 0.030731481481481478
0 0.0067552083333333336 0.5477685185185186 0.0032291666666666666 0.006324074074074074
0 0.151046875 0.5380277777777778 0.003395833333333333 0.006138888888888889
2 0.21726041666666665 0.46362962962962967 0.008739583333333334 0.026407407407407407
2 0.22322916666666667 0.3915740740740741 0.006729166666666666 0.02188888888888889
0 0.23544791666666667 0.38896296296296295 0.003364583333333333 0.0055000000000000005
0 0.26529166666666665 0.6386111111111111 0.003921875 0.0073518518518518525
0 0.25221875 0.6283611111111111 0.0035416666666666665 0.0069259259259259265
0 0.262140625 0.6360185185185185 0.003265625 0.00687962962962963
0 0.2551041666666667 0.6303981481481482 0.003125 0.006305555555555556
0 0.258640625 0.6330185185185185 0.00303125 0.006518518518518519
0 0.37206770833333336 0.5109259259259259 0.003302083333333333 0.006416666666666666
0 0.36760937499999996 0.5113703703703704 0.0035052083333333337 0.006740740740740741
0 0.377765625 0.47064814814814815 0.0028333333333333335 0.005759259259259259
0 0.3740729166666667 0.4706296296296296 0.003286458333333333 0.006453703703703704
0 0.6102083333333332 0.44680555555555557 0.0034375 0.005666666666666667
0 0.6302083333333334 0.4461481481481481 0.00340625 0.005472222222222222
0 0.6467604166666666 0.446 0.003463541666666667 0.005555555555555556
0 0.666984375 0.4456388888888889 0.002984375 0.005222222222222222
0 0.6868593749999999 0.44466666666666665 0.002984375 0.005166666666666667
2 0.7137083333333333 0.3964907407407407 0.006682291666666667 0.022564814814814815
2 0.7311197916666666 0.4752592592592592 0.005880208333333333 0.02514814814814815
0 0.7362083333333334 0.4855648148148148 0.002927083333333333 0.00525
1 0.866375 0.49746296296296294 0.008041666666666666 0.02611111111111111
0 0.8810260416666666 0.5515648148148149 0.004536458333333334 0.007407407407407408
2 0.93203125 0.5940648148148149 0.007333333333333333 0.029212962962962965
0 0.6588541666666666 0.6091388888888889 0.0032291666666666666 0.006212962962962963
0 0.6438385416666667 0.6073888888888889 0.00378125 0.006416666666666666
0 0.651390625 0.6025370370370371 0.002890625 0.006009259259259259
0 0.6486979166666667 0.6038611111111111 0.003265625 0.006796296296296296
0 0.6499791666666667 0.6008425925925925 0.002994791666666667 0.005601851851851852
0 0.22369791666666666 0.4134814814814815 0.0025520833333333337 0.0051111111111111105