2 0.18753124999999998 0.6409166666666667 0.016015625 0.04847222222222222
3 0.295265625 0.6094999999999999 0.013984374999999999 0.0475
2 0.38428125 0.6177777777777778 0.014703125000000001 0.050972222222222224
1 0.09621874999999999 0.52075 0.015437500000000002 0.04700000000000001
2 0.140984375 0.5276944444444445 0.01240625 0.050805555555555555
2 0.138390625 0.5733611111111111 0.01453125 0.051222222222222225
2 0.178859375 0.6928611111111111 0.015921875 0.0636111111111111
2 0.26521875 0.6636388888888889 0.013265625 0.060000000000000005
2 0.31165625 0.7184722222222222 0.023328124999999998 0.06719444444444445
2 0.352234375 0.6139166666666667 0.021671875 0.04425
2 0.30648437500000003 0.5925555555555555 0.016234375000000002 0.05061111111111111
2 0.282578125 0.5619722222222222 0.013078125 0.05155555555555555
2 0.28596875 0.4688888888888889 0.012546874999999999 0.048666666666666664
2 0.32159375 0.4614166666666667 0.01559375 0.04819444444444445
2 0.373671875 0.4248611111111111 0.01340625 0.04002777777777778
2 0.372609375 0.52575 0.013718749999999998 0.05266666666666667
2 0.423515625 0.5346111111111111 0.014859375 0.05022222222222222
2 0.501859375 0.5370277777777778 0.013203125 0.05216666666666667
2 0.576953125 0.4379444444444444 0.014828125000000001 0.04161111111111111
2 0.640546875 0.4365833333333333 0.0145625 0.03169444444444444
2 0.67128125 0.4812222222222223 0.01675 0.04594444444444444
2 0.655984375 0.631 0.013765625 0.06691666666666667
3 0.70490625 0.9269166666666666 0.02471875 0.08575