2 0.7203020833333333 0.5255185185185185 0.010317708333333333 0.029277777777777778
2 0.16897916666666665 0.39585185185185184 0.008703125 0.02387962962962963
2 0.818640625 0.4675462962962963 0.008885416666666666 0.029157407407407406
2 0.43230729166666665 0.4870462962962963 0.009515625 0.03103703703703704
2 0.8951354166666667 0.38769444444444445 0.010682291666666668 0.027037037037037037
2 0.30441145833333333 0.353462962962963 0.008671874999999999 0.023157407407407408
2 0.1599114583333333 0.41724074074074075 0.008859375000000001 0.02727777777777778
2 0.31263541666666667 0.48211111111111105 0.0090625 0.02700925925925926
0 0.29344791666666664 0.6295000000000001 0.00478125 0.010018518518518519
0 0.30830208333333337 0.6406944444444445 0.004645833333333333 0.010444444444444444
0 0.3044010416666667 0.6375740740740741 0.0040416666666666665 0.01062037037037037
0 0.30060937499999996 0.6344722222222222 0.0036666666666666666 0.008990740740740742
0 0.29684375 0.630824074074074 0.0033385416666666667 0.00900925925925926
0 0.35477604166666665 0.4870925925925925 0.004130208333333333 0.008
0 0.4338489583333333 0.49891666666666673 0.0030260416666666665 0.008712962962962962
0 0.42811458333333335 0.49504629629629626 0.003911458333333334 0.007388888888888889
0 0.43691145833333334 0.45131481481481484 0.0029739583333333332 0.005935185185185186
0 0.44207291666666665 0.45290740740740737 0.0050625 0.007277777777777778
0 0.18098958333333334 0.5153518518518518 0.004270833333333333 0.011398148148148149
0 0.7128802083333333 0.5395925925925926 0.004192708333333334 0.009546296296296298
0 0.758578125 0.6355925925925926 0.005005208333333333 0.009407407407407408
0 0.7640416666666667 0.6328796296296296 0.004604166666666667 0.009462962962962963
0 0.7657760416666667 0.62825 0.003958333333333333 0.01025925925925926
0 0.7680364583333333 0.6312592592592593 0.003848958333333333 0.008055555555555555
0 0.7209739583333333 0.43974074074074077 0.003390625 0.0074907407407407405
0 0.7458125 0.4398148148148148 0.0026302083333333334 0.006712962962962963
0 0.76553125 0.4400925925925926 0.0045000000000000005 0.007268518518518518
0 0.7909270833333333 0.44125000000000003 0.0038229166666666667 0.007749999999999999
0 0.8158072916666667 0.4416388888888889 0.004166666666666667 0.006712962962962963
0 0.9101458333333333 0.3895462962962963 0.005505208333333333 0.007749999999999999
0 0.8746822916666667 0.3885092592592592 0.004572916666666666 0.009333333333333334
1 0.9602291666666667 0.38714814814814813 0.00684375 0.03313888888888889