2 0.8625 0.6537037037037037 0.009375 0.04259259259259259
2 0.47942708333333334 0.6111111111111112 0.008854166666666666 0.03518518518518519
2 0.12890625 0.5537037037037037 0.0078125 0.03888888888888889
2 0.47122395833333336 0.5291759259259259 0.005776041666666666 0.0317962962962963
2 0.5788697916666667 0.5189351851851852 0.007588541666666667 0.029518518518518517
2 0.51315625 0.43699074074074074 0.008817708333333334 0.027388888888888886
2 0.46071354166666667 0.47455555555555556 0.005640625 0.029
2 0.41328125 0.37166666666666665 0.005697916666666666 0.02627777777777778
2 0.44798958333333333 0.42856481481481484 0.004609375 0.027342592592592592
2 0.4856458333333334 0.35650925925925925 0.0046927083333333335 0.02327777777777778
2 0.4634427083333333 0.3323425925925926 0.004796875000000001 0.022564814814814815
2 0.5331197916666667 0.3186111111111111 0.005494791666666667 0.023101851851851853
2 0.35802604166666663 0.4795555555555555 0.006661458333333333 0.02988888888888889
2 0.2875260416666666 0.4921481481481481 0.006276041666666667 0.029861111111111113
2 0.2871666666666667 0.4233796296296296 0.0055625 0.027472222222222224
2 0.3428333333333333 0.3544259259259259 0.00503125 0.024703703703703703
2 0.2854010416666667 0.33287962962962964 0.0063593750000000004 0.019435185185185184
2 0.5220885416666666 0.3945092592592592 0.005890625 0.025046296296296296
2 0.46190625 0.449 0.006052083333333333 0.026203703703703705
0 0.48056770833333334 0.44463888888888886 0.003984375 0.0069722222222222225
0 0.30741666666666667 0.4362962962962963 0.0023333333333333335 0.004296296296296296
0 0.39653125 0.5621666666666667 0.0025364583333333333 0.005342592592592592
0 0.38891145833333335 0.5647777777777778 0.0034427083333333336 0.006361111111111111
0 0.3942239583333333 0.5720740740740741 0.0034322916666666664 0.005555555555555556
0 0.39768229166666663 0.5704351851851852 0.002864583333333333 0.005777777777777778
0 0.3923229166666667 0.5684722222222223 0.00278125 0.005361111111111111
0 0.40872395833333336 0.36925 0.002494791666666667 0.006046296296296296
2 0.22977083333333334 0.39428703703703705 0.0073593750000000005 0.024611111111111108
2 0.08923958333333333 0.5358148148148147 0.007140625 0.034574074074074077
2 0.09666666666666666 0.5568796296296296 0.012151041666666666 0.03188888888888889
2 0.11956770833333333 0.5511111111111111 0.008713541666666666 0.03155555555555555
2 0.17454166666666668 0.55025 0.007786458333333333 0.03191666666666666
0 0.17225520833333335 0.5627685185185185 0.004588541666666667 0.00725
2 0.08772395833333334 0.5841388888888889 0.008828125 0.034583333333333334
2 0.09621354166666667 0.5810092592592593 0.010453125 0.03533333333333333
2 0.14003125 0.5803425925925926 0.010255208333333333 0.03119444444444444
2 0.14413541666666668 0.5753055555555556 0.011760416666666666 0.029527777777777778
0 0.8021302083333333 0.5999166666666667 0.003890625 0.007324074074074074
0 0.7721197916666667 0.4069537037037037 0.002953125 0.007231481481481481
0 0.7945677083333333 0.41861111111111116 0.003739583333333333 0.0067314814814814815
0 0.8125572916666666 0.42316666666666664 0.0038697916666666663 0.007444444444444444
0 0.8359270833333333 0.425462962962963 0.004520833333333333 0.00712962962962963
0 0.8591302083333333 0.42676851851851855 0.0028854166666666668 0.006935185185185186
0 0.9160364583333334 0.3812129629629629 0.0036510416666666666 0.00687037037037037
2 0.7903177083333334 0.41133333333333333 0.00665625 0.022287037037037036
0 0.7710885416666666 0.42012037037037037 0.002864583333333333 0.005555555555555556
0 0.8107916666666667 0.5957037037037037 0.0030989583333333333 0.007287037037037037
0 0.8074114583333334 0.5968240740740741 0.00303125 0.0067314814814814815
2 0.8937135416666667 0.37727777777777777 0.005484375 0.027
0 0.8983645833333332 0.37060185185185185 0.002958333333333333 0.005240740740740741