2 0.3553338898163606 0.3717637540453074 0.015342237061769615 0.06477346278317152
2 0.27881469115191987 0.42946601941747575 0.018614357262103507 0.07033980582524271
2 0.3956844741235392 0.2664239482200647 0.01030050083472454 0.05339805825242718
2 0.6856343906510851 0.23614886731391585 0.011435726210350584 0.046148867313915855
3 0.4425876460767947 0.124789644012945 0.009841402337228715 0.030760517799352752
1 0.0958931552587646 0.2398220064724919 0.011535893155258764 0.04762135922330097
2 0.4126711185308848 0.18161812297734628 0.008714524207011685 0.03826860841423948
2 0.38738731218697825 0.2256148867313916 0.012020033388981636 0.051601941747572815
2 0.4619449081803005 0.40351132686084146 0.013430717863105176 0.059288025889967635
2 0.31440734557595995 0.36713592233009706 0.015542570951585977 0.06357605177993528
2 0.5727963272120201 0.314336569579288 0.011026711185308848 0.0594336569579288
2 0.07159432387312187 0.6890129449838188 0.021719532554257095 0.09051779935275081
2 0.6720701168614357 0.1861812297734628 0.009115191986644407 0.03864077669902913
2 0.5888313856427378 0.6143365695792881 0.0174457429048414 0.08841423948220065
2 0.2534390651085142 0.41669902912621354 0.02078464106844741 0.0703883495145631
2 0.3229632721202004 0.2921521035598706 0.012086811352253757 0.05741100323624595
2 0.4448831385642738 0.20941747572815533 0.011185308848080134 0.044967637540453076
2 0.7643989983305509 0.45708737864077675 0.01639398998330551 0.08119741100323624
0 0.6214691151919867 0.21288025889967638 0.005717863105175292 0.01255663430420712
2 0.5842988313856428 0.2929126213592233 0.010567612687813022 0.053284789644012946
2 0.6112520868113522 0.23576051779935273 0.01132721202003339 0.049773462783171525
2 0.5556343906510851 0.20266990291262135 0.008380634390651084 0.04383495145631068
2 0.5015859766277129 0.1503883495145631 0.009574290484140234 0.03448220064724919
3 0.9819115191986644 0.9216019417475727 0.02675292153589315 0.1192233009708738
3 0.4315442404006678 0.288705501618123 0.010859766277128547 0.0565210355987055