2 0.8708095676172953 0.445296 0.017939282428702852 0.073088
2 0.13613615455381783 0.48974399999999996 0.034121435142594296 0.058224
2 0.18053357865685374 0.40012800000000004 0.015400183992640292 0.063568
2 0.26086476540938364 0.337296 0.017120515179392823 0.058752
2 0.6697792088316467 0.254688 0.012511499540018399 0.052976
2 0.15103035878564855 0.330992 0.016706531738730452 0.056752
2 0.28032198712051515 0.308352 0.012539098436062558 0.058927999999999994
3 0.8978104875804968 0.94832 0.0368261269549218 0.10336
2 0.07793008279668813 0.32871999999999996 0.013505059797608096 0.06056
2 0.07853725850965962 0.527072 0.017249310027598896 0.074816
2 0.08475620975160993 0.515328 0.016982520699172034 0.0668
2 0.20427782888684454 0.44076800000000005 0.01832566697332107 0.068016
2 0.33168353265869366 0.4552 0.01765409383624655 0.06592
2 0.34076356945722175 0.482112 0.01824287028518859 0.063424
2 0.39022999080036797 0.196704 0.01017479300827967 0.044112
2 0.42619135234590616 0.20617600000000003 0.016016559337626496 0.043184
2 0.418491260349586 0.278192 0.013330266789328428 0.052336
2 0.4673873045078197 0.309168 0.014498620055197791 0.059039999999999995
2 0.6752805887764489 0.22688000000000003 0.012106715731370746 0.0492
2 0.814296228150874 0.336048 0.01812327506899724 0.066352
2 0.8591444342226311 0.32918400000000003 0.015041398344066238 0.063696
3 0.48922723091076353 0.10996800000000001 0.009880404783808647 0.036463999999999996
3 0.35515179392824286 0.34936 0.015013799448022079 0.064256
1 0.13024839006439742 0.22791999999999998 0.026623735050597976 0.049056
0 0.09021159153633855 0.576928 0.010101195952161914 0.019791999999999997