2 0.023164335664335664 0.45534129692832764 0.02354895104895105 0.07522184300341296
2 0.190270979020979 0.6314505119453925 0.02395104895104895 0.07585324232081912
2 0.6272465034965036 0.6367235494880547 0.019659090909090907 0.08395904436860069
2 0.9232692307692308 0.30899317406143345 0.015472027972027971 0.055733788395904434
2 0.8435664335664336 0.27034129692832765 0.01263986013986014 0.053822525597269626
2 0.5082517482517483 0.597679180887372 0.023015734265734264 0.08138225255972696
2 0.687666083916084 0.1841296928327645 0.01055944055944056 0.03976109215017065
2 0.6982692307692309 0.327098976109215 0.012316433566433567 0.06255972696245733
2 0.35149475524475526 0.5264675767918089 0.024554195804195805 0.0793174061433447
2 0.21130244755244754 0.6610750853242321 0.030891608391608396 0.08834470989761092
2 0.14236013986013987 0.42418088737201365 0.014152097902097904 0.07774744027303755
2 0.3006993006993007 0.47327645051194533 0.01583916083916084 0.07936860068259385
2 0.4102972027972028 0.2378839590443686 0.010917832167832169 0.05006825938566553
2 0.5618269230769231 0.4106143344709898 0.01513986013986014 0.06638225255972696
2 0.6443618881118881 0.32627986348122867 0.013636363636363636 0.05930034129692833
2 0.9371678321678321 0.5744368600682594 0.019755244755244757 0.08459044368600682
2 0.9594055944055944 0.5558361774744027 0.019807692307692307 0.07892491467576791
2 0.529527972027972 0.619863481228669 0.023234265734265732 0.0946245733788396
0 0.41603146853146855 0.7296587030716724 0.011276223776223776 0.02252559726962457
2 0.485201048951049 0.2268088737201365 0.009283216783216782 0.04957337883959045
2 0.8362762237762238 0.24267918088737203 0.015052447552447551 0.047542662116040954
0 0.7387412587412587 0.1597952218430034 0.006311188811188811 0.012150170648464164
3 0.5491783216783217 0.13279863481228668 0.009055944055944055 0.038617747440273034
3 0.629055944055944 0.3772866894197952 0.013776223776223777 0.06561433447098977
1 0.20778846153846153 0.2797098976109215 0.019012237762237764 0.05684300341296929