2 0.8102339776195321 0.49001636661211123 0.03438453713123092 0.0614075286415712
2 0.29548321464903354 0.31219312602291327 0.02014242115971516 0.05615384615384616
2 0.39599186164801625 0.4511129296235679 0.015371312309257375 0.06924713584288053
2 0.580172939979654 0.2702618657937807 0.014771108850457782 0.04743044189852701
2 0.08834181078331638 0.4305073649754501 0.030335707019328587 0.06450081833060556
2 0.758056968463886 0.41710310965630115 0.025412004069175993 0.06450081833060556
2 0.7876093591047814 0.19584288052373158 0.013143438453713123 0.0427823240589198
2 0.8727975584944049 0.40613747954173485 0.019857578840284842 0.0655810147299509
2 0.5818514750762971 0.469607201309329 0.0162970498474059 0.06923076923076922
2 0.27399796541200405 0.5777414075286416 0.032939979654120044 0.08238952536824878
2 0.5737232960325535 0.20461538461538462 0.014323499491353002 0.0425531914893617
2 0.6211495422177009 0.2552373158756137 0.014903357070193286 0.050360065466448445
2 0.8500712105798576 0.31250409165302784 0.021881993896236015 0.05358428805237316
3 0.6850050864699898 0.15518821603927985 0.012472024415055951 0.035531914893617025
2 0.6211597151576806 0.4338625204582651 0.01972533062054934 0.06500818330605565
2 0.36783316378433367 0.2099181669394435 0.011251271617497458 0.04335515548281506
3 0.6630417090539166 0.3016366612111293 0.0160528992878942 0.053158756137479536
2 0.10398779247202442 0.6846808510638297 0.03249237029501526 0.08250409165302781
1 0.041973550356052894 0.29193126022913257 0.02041709053916582 0.05292962356792145
0 0.13657171922685657 0.5036661211129296 0.009918616480162767 0.016841243862520457
0 0.5897965412004069 0.13014729950900164 0.0048219735503560535 0.007937806873977086
3 0.4497253306205493 0.12545008183306056 0.011119023397761952 0.030180032733224223
2 0.8249237029501526 0.39981996726677577 0.018708036622583926 0.06096563011456629
2 0.8093692777212614 0.19088379705400982 0.01231943031536114 0.04096563011456629
2 0.09775178026449645 0.4801800327332242 0.02131230925737538 0.07121112929623567
3 0.8944659206510681 0.9017675941080197 0.05134282807731434 0.1065139116202946