2 0.8467986030267753 0.3392918454935623 0.0189988358556461 0.055536480686695276
2 0.11923166472642607 0.5549356223175966 0.019185098952270083 0.08510729613733904
2 0.6028987194412107 0.2082618025751073 0.013410942956926658 0.044356223175965666
2 0.6952968568102444 0.32776824034334767 0.016239813736903374 0.063068669527897
2 0.7668335273573924 0.47081545064377683 0.023504074505238653 0.07034334763948498
2 0.41635622817229334 0.3428111587982833 0.01151338766006985 0.0636480686695279
2 0.5442491268917345 0.29626609442060087 0.01178114086146682 0.05682403433476395
2 0.6277881257275902 0.27281115879828327 0.012048894062863795 0.05214592274678112
2 0.4041210710128056 0.3998068669527897 0.01550640279394645 0.07010729613733906
2 0.590081490104773 0.3024892703862661 0.014155995343422585 0.057982832618025754
2 0.5242724097788126 0.3346137339055794 0.020291036088474972 0.06566523605150215
2 0.7751105937136206 0.35324034334763954 0.01922002328288708 0.06291845493562231
1 0.12263096623981375 0.30935622317596567 0.016053550640279395 0.05834763948497854
0 0.8195227008149011 0.3486266094420601 0.009220023282887077 0.01667381974248927
2 0.2517112922002328 0.4516309012875537 0.01640279394644936 0.07572961373390558
3 0.5027357392316647 0.3417381974248927 0.013725261932479627 0.06540772532188842
2 0.609860302677532 0.5953218884120172 0.020197904540162983 0.09836909871244635
2 0.4914086146682189 0.4674463519313305 0.016670547147846333 0.07630901287553649
2 0.36117578579743886 0.36690987124463514 0.012642607683352736 0.06993562231759658
2 0.3108265424912689 0.35721030042918456 0.017578579743888243 0.06826180257510729
0 0.2693480791618161 0.18984978540772532 0.005972060535506403 0.010107296137339055
0 0.5856111757857975 0.1924463519313305 0.004970896391152503 0.0103862660944206
3 0.5477648428405122 0.190793991416309 0.010884749708963911 0.044420600858369096
2 0.479965075669383 0.25412017167381973 0.013923166472642608 0.05313304721030043
2 0.41552968568102444 0.2858583690987125 0.011431897555296857 0.05860515021459227
2 0.42313154831199074 0.2780257510729614 0.012235157159487775 0.05373390557939914