3 0.9476581680830973 0.9379421221864951 0.040698772426817756 0.12411575562700965
2 0.06080264400377715 0.3460128617363344 0.01801699716713881 0.05073954983922829
2 0.33121813031161473 0.2532797427652733 0.009867799811142587 0.05014469453376206
2 0.3400661000944287 0.3033440514469454 0.01380547686496695 0.052668810289389065
2 0.696109537299339 0.19741157556270097 0.009773371104815864 0.03929260450160772
3 0.3163833805476865 0.32781350482315114 0.01607176581680831 0.05863344051446945
2 0.29209631728045327 0.24398713826366558 0.015184135977337108 0.050836012861736335
2 0.9052502360717658 0.3910450160771704 0.02290840415486308 0.06258842443729903
2 0.10120868744098206 0.37491961414791 0.016525023607176583 0.06405144694533763
2 0.24395656279508973 0.3003536977491961 0.015165250236071764 0.05384244372990354
2 0.24167138810198302 0.42953376205787785 0.017101038715769592 0.06779742765273312
2 0.38219074598678 0.4021543408360128 0.02340887629839471 0.0665112540192926
2 0.4031350330500472 0.2186977491961415 0.010868744098205855 0.04163987138263665
2 0.4058451369216242 0.19011254019292603 0.010198300283286119 0.035562700964630226
2 0.9000188857412653 0.28572347266881026 0.013238904627006609 0.051864951768488744
2 0.6337582625118036 0.14876205787781352 0.009820585457979225 0.03696141479099678
2 0.13118980169971672 0.3365112540192926 0.015354107648725215 0.056205787781350484
2 0.33510859301227575 0.3894694533762058 0.01604343720491029 0.0660128617363344
2 0.23542020774315392 0.3954983922829582 0.012256846081208687 0.05339228295819936
2 0.14360717658168085 0.33953376205787783 0.01408876298394712 0.06110932475884244
3 0.49000944287063264 0.10196141479099678 0.009971671388101984 0.03245980707395499
2 0.6264494806421151 0.1979903536977492 0.011189801699716714 0.04197749196141479
2 0.8858734655335222 0.3313826366559486 0.014220963172804532 0.06454983922829582
0 0.7612275731822474 0.12454983922829582 0.004740321057601511 0.007331189710610932
0 0.35895184135977337 0.10816720257234727 0.0033616619452313504 0.0071704180064308684
1 0.15885741265344663 0.22405144694533763 0.012313503305004721 0.048971061093247586
0 0.2748064211520302 0.4017202572347267 0.008328611898016997 0.014356913183279743