2 0.21783223374175306 0.2572517730496454 0.018114985862393965 0.055390070921985814
2 0.5945711592836946 0.33191489361702126 0.01476908576814326 0.0723936170212766
2 0.46502356267672007 0.1579964539007092 0.01233741753063148 0.04198581560283688
2 0.6286050895381716 0.19393617021276596 0.012073515551366636 0.05234042553191489
2 0.25668237511781333 0.3594148936170213 0.022158341187558907 0.07356382978723405
2 0.34148916116870875 0.25148936170212766 0.0183129123468426 0.05909574468085106
2 0.5222431668237512 0.19462765957446806 0.015589066918001885 0.050265957446808514
1 0.08057492931196983 0.21159574468085107 0.014005655042412817 0.0551063829787234
2 0.3205183788878416 0.34441489361702127 0.012959472196041471 0.06769503546099291
2 0.5893967954759661 0.7256914893617021 0.028557964184731385 0.11195035460992908
2 0.9117436380772856 0.4734574468085106 0.01772855796418473 0.09120567375886525
2 0.7084071630537229 0.16042553191489362 0.011950989632422243 0.04831560283687943
2 0.3651366635249765 0.5751241134751773 0.021932139491046183 0.09634751773049646
2 0.8373892554194157 0.3094858156028369 0.014476908576814326 0.06921985815602837
2 0.4130065975494816 0.18007092198581562 0.010857681432610743 0.04737588652482269
2 0.47954759660697455 0.5318085106382978 0.0294062205466541 0.0874113475177305
2 0.6358341187558907 0.36569148936170215 0.02476908576814326 0.07803191489361702
2 0.5605749293119698 0.2808687943262411 0.013327049952874648 0.0675177304964539
2 0.4561357210179076 0.22585106382978723 0.011328934967012252 0.055390070921985814
2 0.19547596606974552 0.5027304964539008 0.026569274269557023 0.08280141843971632
2 0.13570216776625824 0.6245212765957447 0.01843543826578699 0.09840425531914894
0 0.4812912346842601 0.6066666666666667 0.011008482563619228 0.01900709219858156
3 0.40467483506126295 0.3338120567375887 0.016852026390197925 0.07046099290780142
3 0.4850895381715362 0.07916666666666666 0.010301602262016965 0.039503546099290784
0 0.6195664467483506 0.09163120567375886 0.005824693685202639 0.010868794326241134
0 0.2341847313854854 0.07163120567375886 0.003901979264844486 0.007819148936170212