2 0.18407142857142858 0.34338235294117647 0.01438392857142857 0.05004901960784314
2 0.04826785714285715 0.5458986928104574 0.019732142857142858 0.07106209150326798
2 0.42043749999999996 0.2655718954248366 0.013008928571428572 0.05408496732026144
2 0.1266517857142857 0.4759967320261438 0.02086607142857143 0.06790849673202615
2 0.06675 0.4032843137254902 0.015901785714285712 0.06926470588235294
2 0.5467142857142857 0.29877450980392156 0.011821428571428571 0.05449346405228758
2 0.9329285714285716 0.47700980392156866 0.018723214285714284 0.07277777777777777
2 0.5223839285714286 0.4172875816993464 0.01730357142857143 0.06709150326797386
3 0.3855267857142857 0.26607843137254905 0.012482142857142858 0.05235294117647059
2 0.8511785714285715 0.5652941176470588 0.021410714285714286 0.08931372549019607
1 0.17342857142857143 0.2783333333333333 0.01455357142857143 0.048921568627450986
2 0.18325892857142856 0.666421568627451 0.02176785714285714 0.09145424836601307
2 0.3253035714285714 0.631437908496732 0.030062500000000002 0.09197712418300653
2 0.2810535714285714 0.38826797385620915 0.0135625 0.0676797385620915
2 0.2950714285714286 0.39552287581699347 0.014223214285714285 0.07106209150326798
2 0.4624553571428572 0.4257516339869281 0.019446428571428573 0.0740032679738562
2 0.6318571428571428 0.23070261437908496 0.010464285714285714 0.0457516339869281
2 0.6744196428571428 0.19398692810457516 0.010419642857142856 0.04284313725490196
3 0.5016071428571428 0.3758986928104575 0.013589285714285715 0.06705882352941177
3 0.5619196428571429 0.13787581699346405 0.0095 0.040098039215686276
2 0.8099375 0.3680555555555556 0.014776785714285715 0.0625326797385621
2 0.9102410714285715 0.5966176470588235 0.022741071428571426 0.09843137254901961
0 0.18408035714285714 0.2945424836601307 0.005830357142857143 0.011813725490196079
0 0.4419732142857143 0.13426470588235295 0.0030625 0.006421568627450981
0 0.8185982142857143 0.16926470588235296 0.004642857142857143 0.007957516339869282
2 0.8197410714285714 0.3270424836601307 0.01507142857142857 0.05754901960784314