2 0.36086979166666666 0.533611111111111 0.006526041666666666 0.023574074074074074
2 0.5159427083333333 0.5817592592592592 0.008697916666666666 0.02390740740740741
2 0.557609375 0.6201574074074074 0.008291666666666666 0.02462962962962963
2 0.5676458333333334 0.5528888888888889 0.008119791666666666 0.0235
2 0.303046875 0.43577777777777776 0.006395833333333333 0.015592592592592592
2 0.26239583333333333 0.48834259259259255 0.006739583333333333 0.018157407407407407
2 0.15948437499999998 0.5278240740740741 0.008624999999999999 0.020833333333333332
2 0.230359375 0.5299907407407407 0.007776041666666666 0.021555555555555557
2 0.43218229166666666 0.48861111111111116 0.0073593750000000005 0.014861111111111111
2 0.39234895833333333 0.43233333333333335 0.008067708333333333 0.017750000000000002
2 0.6071927083333333 0.449537037037037 0.007203125 0.013703703703703704
2 0.742078125 0.5113148148148149 0.010151041666666666 0.020842592592592593
2 0.632671875 0.4552962962962963 0.007973958333333333 0.01773148148148148
2 0.35583333333333333 0.4399351851851852 0.008260416666666666 0.019407407407407408
2 0.21904166666666666 0.5434074074074075 0.008130208333333333 0.018490740740740738
2 0.6695520833333333 0.5731851851851851 0.007729166666666666 0.016759259259259262
2 0.66128125 0.5803055555555555 0.0076458333333333335 0.02236111111111111
2 0.16800520833333332 0.4964907407407408 0.007921875 0.024787037037037038
2 0.341578125 0.6059166666666667 0.0093125 0.02361111111111111
2 0.5305885416666667 0.5488333333333334 0.008973958333333334 0.024287037037037038