2 0.7440677083333332 0.5158703703703703 0.008083333333333333 0.022250000000000002
2 0.74384375 0.47355555555555556 0.0069791666666666665 0.017305555555555557
2 0.6981614583333333 0.5752962962962963 0.007338541666666667 0.021055555555555553
2 0.6035416666666666 0.6397222222222222 0.008645833333333333 0.026694444444444444
2 0.7188802083333333 0.5927777777777778 0.008567708333333333 0.02327777777777778
2 0.6981875 0.6030740740740741 0.008885416666666666 0.02325
2 0.5184114583333334 0.6000462962962962 0.007291666666666667 0.02661111111111111
2 0.79540625 0.5151111111111112 0.007822916666666667 0.02411111111111111
2 0.3540052083333334 0.5392592592592592 0.008619791666666666 0.018277777777777775
2 0.5764895833333333 0.5636481481481481 0.008484374999999999 0.022185185185185186
2 0.27077604166666663 0.5340925925925927 0.008723958333333334 0.022129629629629628
2 0.33944270833333334 0.6523148148148148 0.0096875 0.02609259259259259
2 0.395953125 0.5222962962962964 0.0076302083333333335 0.01864814814814815
2 0.23930729166666667 0.6373148148148148 0.008869791666666666 0.02634259259259259
2 0.4215625 0.4249074074074074 0.00859375 0.015092592592592593
2 0.6708593749999999 0.5811111111111111 0.007098958333333334 0.022824074074074073
2 0.213078125 0.6058055555555555 0.01003125 0.02727777777777778
2 0.33278125000000003 0.6033981481481481 0.010213541666666666 0.02515740740740741
2 0.5479375 0.6171203703703704 0.008473958333333333 0.022685185185185187
2 0.2547760416666667 0.6181203703703704 0.009046875000000001 0.024972222222222222
2 0.3239322916666667 0.5681759259259259 0.010369791666666666 0.02338888888888889
2 0.3046979166666667 0.5264907407407408 0.007604166666666666 0.017268518518518516
2 0.39028645833333336 0.5578055555555556 0.008104166666666668 0.021092592592592593
2 0.17331770833333332 0.539861111111111 0.009927083333333333 0.02639814814814815
2 0.659859375 0.44899074074074075 0.007739583333333333 0.019694444444444445
2 0.3868229166666667 0.5572037037037036 0.008447916666666666 0.021074074074074075
2 0.629859375 0.45290740740740737 0.00840625 0.017953703703703704
2 0.6839270833333334 0.4698333333333333 0.00946875 0.015675925925925926