1 0.7294270833333333 0.6504629629629629 0.0067708333333333336 0.03425925925925926
3 0.7135052083333334 0.6070462962962964 0.0053437499999999995 0.024037037037037037
2 0.68584375 0.6964537037037036 0.005630208333333333 0.029
2 0.6631927083333333 0.6671388888888888 0.004927083333333334 0.027092592592592595
3 0.6203072916666666 0.6782962962962963 0.005192708333333334 0.027444444444444445
2 0.6241927083333334 0.665712962962963 0.006458333333333333 0.026712962962962963
2 0.60375 0.6565 0.012437499999999999 0.018842592592592595
2 0.5839114583333332 0.6418148148148148 0.006125 0.028787037037037038
2 0.6013333333333333 0.6128055555555556 0.007984375 0.02515740740740741
2 0.6180625000000001 0.6220648148148149 0.007625000000000001 0.02397222222222222
2 0.65734375 0.6344166666666666 0.007078125 0.023111111111111114
2 0.6484427083333333 0.6197037037037036 0.007229166666666667 0.022166666666666668
3 0.6770052083333333 0.5838611111111112 0.004510416666666667 0.02507407407407407
3 0.669984375 0.5813055555555555 0.00459375 0.02397222222222222
3 0.6573697916666668 0.5730000000000001 0.006005208333333333 0.025472222222222222
3 0.6482395833333333 0.6044259259259259 0.0066145833333333326 0.023712962962962963
0 0.6524583333333334 0.6065277777777778 0.0026875000000000002 0.005296296296296296
0 0.6356197916666667 0.7315277777777778 0.003463541666666667 0.005648148148148148
0 0.5603437499999999 0.5569907407407407 0.002859375 0.005833333333333334
2 0.5679531250000001 0.5430185185185186 0.0070416666666666666 0.02210185185185185
2 0.5310104166666666 0.6393888888888889 0.007005208333333333 0.02902777777777778
2 0.5990260416666667 0.5009351851851852 0.004317708333333333 0.023925925925925927
2 0.5838802083333333 0.507425925925926 0.00503125 0.020287037037037037
2 0.5740052083333332 0.4968518518518519 0.0034583333333333332 0.020046296296296295
2 0.5925833333333334 0.493324074074074 0.0048020833333333336 0.02011111111111111
2 0.4911822916666667 0.5660370370370371 0.0078125 0.02535185185185185
0 0.5115208333333333 0.5858333333333334 0.0030416666666666665 0.006037037037037037
2 0.47118229166666664 0.5589722222222223 0.005765625 0.02548148148148148
2 0.4395625 0.5574074074074075 0.005604166666666666 0.026166666666666668
2 0.43311458333333336 0.6203240740740741 0.008088541666666666 0.026064814814814815
0 0.42953645833333337 0.6225185185185186 0.002947916666666667 0.006222222222222222
2 0.45202604166666666 0.6698333333333333 0.008494791666666666 0.02698148148148148
2 0.49241666666666667 0.6880277777777778 0.0065625 0.020342592592592593
0 0.4166354166666667 0.6706203703703704 0.0035885416666666665 0.0064444444444444445
0 0.42897916666666663 0.7222777777777777 0.0034166666666666664 0.0075833333333333326
0 0.37614583333333335 0.6215092592592593 0.0035989583333333333 0.006574074074074073
0 0.3026041666666667 0.5199166666666667 0.002994791666666667 0.005333333333333333
0 0.18676041666666665 0.5995277777777778 0.0030520833333333333 0.005379629629629629
0 0.30057812500000003 0.5521203703703703 0.0032239583333333335 0.006074074074074074
0 0.28726041666666663 0.52725 0.0027760416666666667 0.005277777777777778
0 0.28010416666666665 0.5149074074074075 0.0034375 0.005777777777777778
0 0.27905729166666665 0.49563888888888885 0.0034791666666666664 0.007166666666666667
0 0.35304687500000004 0.570462962962963 0.0033750000000000004 0.007120370370370371
0 0.3112291666666666 0.5216944444444443 0.0026093749999999997 0.006046296296296296
0 0.8365625 0.5484259259259259 0.0030677083333333333 0.005342592592592592
1 0.8500885416666667 0.54425 0.008744791666666666 0.02312037037037037
2 0.363921875 0.616361111111111 0.007755208333333334 0.025268518518518517
2 0.36923437499999995 0.6103148148148148 0.006078125 0.02411111111111111
2 0.3904479166666667 0.5627314814814814 0.0060104166666666665 0.02397222222222222
2 0.35730729166666664 0.5293333333333333 0.006822916666666666 0.02323148148148148
2 0.346265625 0.5466481481481481 0.006380208333333333 0.023175925925925926
2 0.3866822916666666 0.5117314814814814 0.006494791666666667 0.01986111111111111
3 0.48163541666666665 0.47582407407407407 0.0036875000000000002 0.018851851851851852
3 0.47752083333333334 0.4755 0.004536458333333334 0.02011111111111111
3 0.50721875 0.4211574074074074 0.005552083333333333 0.021657407407407406
2 0.27338541666666666 0.598537037037037 0.006302083333333333 0.027157407407407404
2 0.296953125 0.5456296296296296 0.006442708333333333 0.02398148148148148
2 0.31797916666666665 0.5275092592592593 0.006750000000000001 0.021953703703703704
2 0.314265625 0.5128518518518519 0.0046927083333333335 0.02114814814814815
2 0.2911458333333333 0.5235462962962962 0.007880208333333335 0.01925
2 0.29259375 0.5075000000000001 0.0043593749999999995 0.019953703703703703
2 0.25545833333333334 0.47625925925925927 0.0046614583333333326 0.020194444444444442
2 0.18310416666666668 0.6030833333333334 0.009604166666666667 0.024574074074074075
2 0.10241666666666666 0.7074444444444444 0.007833333333333333 0.028287037037037038
2 0.19736979166666666 0.6696481481481482 0.012890625 0.027296296296296298
0 0.14119791666666667 0.6781574074074074 0.004682291666666667 0.007259259259259259
1 0.15428125 0.5139074074074074 0.007854166666666667 0.022796296296296297
2 0.321125 0.6990925925925926 0.010286458333333333 0.03159259259259259
0 0.8973593750000001 0.7206666666666667 0.003671875 0.006907407407407407
2 0.6964322916666668 0.41221296296296295 0.0035677083333333333 0.017657407407407406
0 0.6990416666666667 0.4213148148148148 0.0019375000000000002 0.004333333333333333
0 0.306140625 0.523287037037037 0.002848958333333333 0.005185185185185185