2 0.45639062499999994 0.561640625 0.029125 0.06725
2 0.494578125 0.6093437500000001 0.028484375 0.093140625
3 0.130734375 0.544140625 0.028890624999999996 0.06371875
2 0.023484375 0.5521874999999999 0.020328125 0.06353125
2 0.686640625 0.6194843750000001 0.024281249999999997 0.07778125
2 0.365515625 0.5877656250000001 0.026625 0.078859375
2 0.20881249999999998 0.5582812500000001 0.04375 0.067296875
2 0.717171875 0.5599062499999999 0.027859375 0.07253125
0 0.49148437500000003 0.5413281249999999 0.014781250000000001 0.01628125
2 0.13678125000000002 0.639796875 0.03565625 0.085078125
1 0.8257656250000001 0.59021875 0.033984375 0.08429687500000001
2 0.0458125 0.6319375 0.02446875 0.078921875
2 0.7107187500000001 0.482609375 0.0226875 0.046218749999999996
2 0.84471875 0.5733125 0.028375 0.080765625
2 0.53575 0.591609375 0.049796875000000004 0.08965625
2 0.539140625 0.5679531250000001 0.06185937500000001 0.07828125
2 0.49557812500000004 0.597890625 0.03071875 0.08215625