0 0.2328697916666667 0.3704074074074074 0.005098958333333333 0.009194444444444444
2 0.17317708333333334 0.43657407407407406 0.011979166666666667 0.058333333333333334
2 0.35967187500000003 0.22870370370370371 0.008781249999999999 0.05185185185185185
2 0.47239583333333335 0.34305555555555556 0.0125 0.049074074074074076
1 0.7024375 0.20056481481481483 0.011125 0.049277777777777775
2 0.3141041666666667 0.39585185185185184 0.011536458333333333 0.052814814814814814
2 0.23114062500000002 0.32987037037037037 0.009453125 0.04862037037037037
2 0.19172916666666667 0.49947222222222215 0.011546875000000002 0.05817592592592592
0 0.4017708333333333 0.270537037037037 0.005192708333333334 0.008138888888888888
0 0.4502083333333333 0.33349074074074075 0.00384375 0.008324074074074074
0 0.46324479166666666 0.3342685185185185 0.004291666666666667 0.00925
3 0.20620312500000001 0.7593333333333334 0.01816145833333333 0.0732037037037037
0 0.5114010416666667 0.36198148148148146 0.004927083333333334 0.008064814814814816
0 0.5578958333333334 0.3985370370370371 0.004619791666666666 0.008888888888888889
0 0.5805312499999999 0.34375 0.00425 0.008675925925925925
0 0.5673645833333333 0.3303888888888889 0.005828125 0.010231481481481482
0 0.6210520833333334 0.2853981481481482 0.004869791666666666 0.009509259259259259
0 0.5806041666666667 0.2593981481481481 0.0047395833333333335 0.008416666666666666
0 0.724140625 0.1885277777777778 0.0033177083333333335 0.006851851851851852
0 0.8718020833333333 0.4658796296296296 0.0064375 0.01136111111111111