3 0.973046875 0.9684722222222222 0.032937499999999995 0.06302777777777778
2 0.4578125 0.4431388888888889 0.01175 0.045166666666666674
2 0.43562500000000004 0.40652777777777777 0.010328125 0.04155555555555556
2 0.515609375 0.3776111111111111 0.01559375 0.04511111111111111
2 0.67653125 0.5211944444444444 0.013984374999999999 0.05338888888888889
2 0.8473906250000001 0.41566666666666663 0.017890625 0.05497222222222222
2 0.891234375 0.40680555555555553 0.013843749999999998 0.06341666666666666
2 0.52046875 0.3733611111111111 0.016703125 0.043666666666666666
2 0.41693749999999996 0.4228611111111111 0.013015625 0.050833333333333335
2 0.937890625 0.5727777777777777 0.020953125 0.06030555555555556
3 0.628984375 0.4607777777777778 0.01896875 0.07044444444444445
3 0.488375 0.33975 0.013421875 0.048777777777777774
1 0.14751562499999998 0.43761111111111106 0.017203125 0.06825
0 0.97403125 0.4532222222222222 0.013250000000000001 0.0245
2 0.8129062499999999 0.3890277777777778 0.015953125000000002 0.05483333333333333
2 0.3869375 0.47794444444444445 0.013609375000000002 0.06291666666666666
2 0.34859375 0.5006944444444444 0.01503125 0.07311111111111111
2 0.337140625 0.4974166666666667 0.016921875 0.06330555555555556
2 0.35921875000000003 0.4717222222222222 0.013953125 0.06588888888888889
2 0.3615625 0.4487222222222222 0.011203125 0.064
2 0.37534375 0.4625 0.0138125 0.07072222222222223
2 0.39625 0.4369166666666666 0.013609375000000002 0.06683333333333333
2 0.38596875 0.4230277777777778 0.014140625 0.058888888888888886