2 0.4513992932862191 0.44393134715025906 0.026985865724381625 0.12691062176165802
0 0.3681837455830389 0.6354922279792746 0.01882685512367491 0.02697538860103627
3 0.686208480565371 0.39273316062176167 0.025378091872791518 0.10671632124352333
2 0.5109681978798587 0.3104468911917098 0.024636042402826856 0.08996761658031088
2 0.49903180212014137 0.5378173575129533 0.029597173144876327 0.12742875647668395
2 0.7307915194346289 0.46159326424870467 0.02623321554770318 0.11178108808290156
2 0.529173144876325 0.25797927461139897 0.021886925795053004 0.07628238341968913
3 0.09134628975265018 0.2556088082901555 0.020692579505300353 0.08380181347150258
2 0.29403180212014135 0.5586658031088083 0.03775618374558304 0.12604922279792746
2 0.9549151943462897 0.4005440414507772 0.04092932862190812 0.12295984455958549
2 0.7527385159010601 0.5977914507772021 0.029113074204946996 0.14650906735751296
0 0.5799328621908127 0.254889896373057 0.010060070671378091 0.02397020725388601
2 0.3447067137809187 0.4225906735751295 0.02109893992932862 0.11488989637305698
2 0.8733957597173145 0.34670984455958553 0.021219081272084803 0.11880829015544041
2 0.5544805653710247 0.382389896373057 0.02215547703180212 0.10420336787564766
2 0.46499646643109543 0.6744300518134715 0.03580212014134276 0.16917098445595855
2 0.5627632508833922 0.3389119170984456 0.01958303886925795 0.08716968911917099
2 0.06962190812720848 0.38823834196891194 0.02340636042402827 0.11718911917098446
2 0.8271024734982332 0.534378238341969 0.02293286219081272 0.1410038860103627
2 0.8843922261484098 0.3602525906735751 0.02204946996466431 0.10774611398963732
2 0.9210883392226148 0.37837435233160627 0.032335689045936394 0.11937823834196891
0 0.9624699646643109 0.24281735751295339 0.009551236749116608 0.016224093264248705
0 0.16003886925795055 0.2693588082901554 0.010431095406360424 0.018212435233160622