2 0.13052083333333334 0.42191666666666666 0.015229166666666665 0.04625925925925926
2 0.44163020833333333 0.35102777777777777 0.01686979166666667 0.043305555555555555
2 0.22651041666666666 0.5422222222222223 0.01738020833333333 0.04699074074074074
2 0.06872395833333332 0.5899166666666666 0.014088541666666668 0.04660185185185185
2 0.594890625 0.41100925925925924 0.013098958333333332 0.04760185185185185
2 0.19386979166666668 0.2766388888888889 0.012895833333333334 0.04171296296296296
2 0.5744635416666667 0.3161574074074074 0.015916666666666666 0.03998148148148148
2 0.35671354166666663 0.22816666666666666 0.015286458333333334 0.04026851851851852
2 0.5175104166666666 0.3109351851851852 0.013828125 0.04173148148148148
2 0.19469791666666666 0.4504444444444445 0.011473958333333334 0.04238888888888889
2 0.29429687499999996 0.38875000000000004 0.014822916666666667 0.04000925925925926
2 0.068078125 0.36999074074074073 0.013244791666666667 0.04333333333333333
2 0.3825260416666667 0.5489907407407407 0.014114583333333335 0.048574074074074075
2 0.09678645833333334 0.47753703703703704 0.016 0.0515
2 0.6328229166666667 0.5983888888888889 0.015614583333333333 0.05212037037037037
2 0.12127604166666667 0.6550185185185184 0.013619791666666665 0.05436111111111111
2 0.07578645833333333 0.487925925925926 0.015729166666666666 0.04802777777777777
2 0.29356770833333334 0.36424074074074075 0.011994791666666667 0.033249999999999995
2 0.226265625 0.29947222222222225 0.012078125 0.04184259259259259
2 0.48404166666666665 0.4608518518518519 0.012046875 0.04800925925925926
1 0.6932395833333334 0.34803703703703703 0.011921875 0.03788888888888889
2 0.48808854166666665 0.4604814814814815 0.01265625 0.04923148148148148
3 0.22694270833333335 0.49808333333333327 0.022979166666666665 0.058722222222222224
3 0.8518749999999999 0.7916111111111112 0.018677083333333334 0.06480555555555555
0 0.6111145833333332 0.6313055555555555 0.008546875 0.016694444444444446
3 0.03648958333333333 0.21189814814814814 0.016098958333333333 0.04162962962962963