3 0.18716145833333334 0.3630694444444445 0.04967013888888889 0.13724999999999998
2 0.3742100694444444 0.5992152777777778 0.07365451388888888 0.16509722222222223
2 0.5022395833333334 0.48415277777777777 0.04904079861111111 0.12478472222222223
0 0.6101605902777778 0.6640347222222223 0.01603732638888889 0.035472222222222224
2 0.6441536458333333 0.631625 0.05220052083333333 0.15584722222222222
2 0.5595269097222223 0.5121666666666667 0.047873263888888885 0.15766666666666665
2 0.7988020833333334 0.4079861111111111 0.06924479166666667 0.14374305555555555
2 0.9113498263888888 0.5531458333333333 0.06864583333333334 0.16091666666666665
2 0.9204644097222222 0.33250694444444445 0.055047743055555556 0.13168055555555555
2 0.5981510416666667 0.190125 0.03542534722222222 0.10154166666666667
2 0.6202864583333334 0.19706944444444444 0.030503472222222223 0.12470138888888889
2 0.2337456597222222 0.2658263888888889 0.03288194444444445 0.09091666666666666
2 0.21262586805555556 0.2306388888888889 0.03115017361111111 0.09461111111111112