2 0.025247395833333335 0.6287986111111111 0.05049479166666667 0.16580555555555554
2 0.11125434027777777 0.3844652777777778 0.02427517361111111 0.08920833333333333
2 0.1173611111111111 0.33245833333333336 0.028467881944444447 0.0836736111111111
2 0.17883246527777777 0.4804236111111111 0.04792100694444444 0.11411805555555557
2 0.21745659722222221 0.3375208333333333 0.023467881944444446 0.0838125
3 0.2730251736111111 0.41913888888888884 0.036471354166666664 0.11002083333333333
2 0.3958333333333333 0.4967013888888889 0.03763888888888889 0.10670138888888889
2 0.3795095486111111 0.42992361111111116 0.028190104166666667 0.09304166666666666
2 0.3853515625 0.3360972222222222 0.037196180555555555 0.07526388888888888
2 0.4241536458333333 0.35479166666666667 0.034509548611111114 0.08695138888888888
2 0.3754036458333333 0.6479861111111112 0.0449609375 0.14091666666666666
2 0.640724826388889 0.5990416666666667 0.04300347222222222 0.12011111111111111
2 0.7622439236111112 0.49338194444444444 0.03762586805555555 0.11050694444444444
2 0.7358420138888889 0.45369444444444446 0.04865885416666667 0.10697222222222222
2 0.6963845486111111 0.4387638888888889 0.04712673611111111 0.10342361111111112
2 0.7176128472222223 0.4263888888888889 0.04025173611111111 0.09724305555555555