2 0.10973958333333333 0.4225625 0.0372265625 0.130625
2 0.15459635416666667 0.31352083333333336 0.04434027777777778 0.1372013888888889
2 0.22090711805555557 0.49128472222222225 0.07234809027777778 0.127125
2 0.32177083333333334 0.4421666666666667 0.05106336805555556 0.13019444444444445
2 0.3629861111111111 0.386875 0.056406250000000005 0.1385486111111111
2 0.6060633680555555 0.4300486111111111 0.04700086805555556 0.11917361111111112
2 0.6568619791666667 0.6238958333333333 0.04948784722222222 0.13684722222222223
2 0.6828689236111111 0.7316180555555556 0.05469184027777778 0.1716875
2 0.6516319444444444 0.4870972222222222 0.06655381944444444 0.11434027777777778
3 0.7131727430555556 0.4346736111111111 0.049227430555555556 0.1240138888888889
2 0.8306380208333333 0.2961111111111111 0.04739149305555555 0.11560416666666666
2 0.9152604166666668 0.35294444444444445 0.04319010416666667 0.11474305555555554
2 0.9356249999999999 0.4419444444444444 0.05087673611111111 0.1341527777777778
2 0.9826258680555555 0.5611180555555555 0.034752604166666666 0.15665277777777778