0 0.7387413194444444 0.5185347222222223 0.018741319444444446 0.03260416666666667
2 0.6873828125 0.5715833333333333 0.05326388888888889 0.14471527777777776
2 0.6381553819444444 0.5223958333333333 0.03940538194444445 0.1275625
2 0.57078125 0.5406458333333333 0.043780381944444446 0.15202777777777776
2 0.5196744791666666 0.3704791666666667 0.03367621527777778 0.09444444444444444
2 0.5275390625 0.28986111111111107 0.04000868055555556 0.10165277777777777
2 0.4473784722222222 0.4205208333333333 0.033854166666666664 0.11631250000000001
2 0.8463498263888889 0.5188402777777777 0.04220052083333334 0.1475138888888889
2 0.3844097222222222 0.7256041666666666 0.048914930555555555 0.16399305555555557
2 0.2932855902777778 0.6743125 0.05466145833333333 0.16067361111111111
2 0.2851388888888889 0.49577777777777776 0.06092881944444444 0.1615486111111111
3 0.07484375 0.5049027777777777 0.048289930555555555 0.14972222222222223