2 0.5024739583333333 0.3811805555555555 0.05873263888888888 0.10434027777777778
2 0.05443142361111111 0.6906805555555556 0.05424045138888889 0.15851388888888887
2 0.2599782986111111 0.5440694444444445 0.058780381944444446 0.13279166666666667
2 0.3092838541666667 0.42504861111111114 0.05294270833333334 0.09515972222222223
2 0.11096354166666667 0.43482638888888886 0.04320746527777777 0.11909722222222222
2 0.19641927083333333 0.43048611111111107 0.03218315972222222 0.10850000000000001
2 0.24993489583333334 0.41637500000000005 0.04512586805555555 0.10479166666666667
3 0.05884114583333333 0.36144444444444446 0.038142361111111106 0.09128472222222221
3 0.5959678819444444 0.48686111111111113 0.04451388888888889 0.11522916666666667
2 0.545859375 0.4753263888888889 0.052092013888888886 0.10448611111111111
2 0.5873350694444445 0.44703472222222224 0.024835069444444444 0.10496527777777778
2 0.7155512152777779 0.4531458333333333 0.04029513888888889 0.1037013888888889
2 0.659118923611111 0.6641944444444445 0.062374131944444446 0.14024305555555555
2 0.7314149305555556 0.6279236111111112 0.04605902777777778 0.13279166666666667
2 0.7626432291666667 0.5317152777777777 0.05709635416666667 0.12665277777777778
2 0.8743055555555556 0.3945416666666667 0.03859375 0.10026388888888889
2 0.9230078125000001 0.42281250000000004 0.04119357638888889 0.10540972222222221
0 0.5189366319444445 0.414125 0.020568576388888888 0.02372916666666667