2 0.42598958333333337 0.752625 0.0979296875 0.15710416666666666
0 0.4458116319444445 0.7873541666666667 0.035138888888888886 0.048777777777777774
2 0.6117751736111111 0.690375 0.05977864583333333 0.12981944444444443
2 0.31457465277777774 0.7102708333333333 0.05565538194444444 0.14740277777777777
2 0.4789496527777778 0.5973333333333333 0.07537326388888889 0.11596527777777778
2 0.5666319444444444 0.5568333333333334 0.059765624999999996 0.13218055555555555
2 0.35971788194444443 0.5834513888888888 0.0556640625 0.12152777777777778
2 0.39545572916666666 0.44574305555555555 0.045546875 0.1155625
2 0.23803385416666664 0.4103333333333333 0.05708333333333334 0.11418750000000001
2 0.15859374999999998 0.4651875 0.0423046875 0.11
2 0.11214843749999999 0.47073611111111113 0.04836805555555555 0.11555555555555556
2 0.04384548611111111 0.5540763888888889 0.04656684027777778 0.11777083333333334
2 0.030104166666666668 0.5119375 0.038802083333333334 0.09794444444444445
2 0.05325954861111111 0.3809444444444444 0.0434375 0.09706944444444444
1 0.9124479166666668 0.42514583333333333 0.03959201388888889 0.11047916666666667
3 0.8055251736111111 0.788236111111111 0.07053819444444445 0.18110416666666668