1 0.2467708333333333 0.3467986111111111 0.042265625 0.08266666666666667
2 0.2586328125 0.4429166666666666 0.027799479166666665 0.08601388888888889
2 0.19315104166666666 0.5581597222222222 0.05134982638888889 0.11927777777777777
2 0.329609375 0.5293472222222222 0.04378472222222222 0.11056250000000001
2 0.48407118055555554 0.37277083333333333 0.03249565972222222 0.09295138888888889
2 0.6260590277777778 0.35397222222222224 0.030013020833333334 0.08313194444444444
2 0.6408463541666667 0.4371180555555556 0.025486111111111112 0.09501388888888888
2 0.69046875 0.3797986111111111 0.032139756944444445 0.09298611111111112
2 0.7102343750000001 0.5631458333333333 0.02907118055555556 0.10406944444444445
2 0.8456119791666666 0.45587500000000003 0.02732204861111111 0.11692361111111112
2 0.8901388888888889 0.47715972222222225 0.0308984375 0.11358333333333334
2 0.9028689236111112 0.32179166666666664 0.031727430555555554 0.08438194444444445
0 0.31470052083333333 0.39736111111111116 0.011519097222222222 0.01311111111111111
3 0.6170225694444444 0.2749930555555556 0.026440972222222223 0.0675625
3 0.8829340277777777 0.38782638888888893 0.02901909722222222 0.09092361111111112