2 0.19753038194444444 0.4698958333333333 0.04726128472222222 0.14256944444444444
2 0.22585069444444444 0.3372986111111111 0.039848090277777776 0.11620833333333333
0 0.3658420138888889 0.5941597222222222 0.026510416666666665 0.04088888888888889
2 0.6234852430555555 0.3928125 0.05096354166666667 0.12825694444444444
3 0.6154513888888888 0.34699305555555554 0.03935763888888889 0.1140486111111111
2 0.41842013888888885 0.5819027777777778 0.051332465277777774 0.165125
2 0.5149348958333334 0.5589722222222222 0.07047743055555555 0.1307361111111111
2 0.7653428819444444 0.48886805555555557 0.04966145833333333 0.11959722222222222
2 0.6501909722222222 0.26477083333333334 0.03625 0.1073611111111111
2 0.6228559027777778 0.2244861111111111 0.02640190972222222 0.09849305555555557
2 0.8318576388888889 0.32082638888888887 0.019557291666666667 0.10761111111111112
2 0.8801562500000001 0.49974305555555554 0.0605859375 0.1327361111111111
2 0.9341927083333333 0.5265486111111112 0.055724826388888885 0.13185416666666666
2 0.871193576388889 0.32336805555555553 0.04266493055555556 0.1155625
2 0.9433463541666666 0.36752083333333335 0.029218749999999998 0.1350347222222222
2 0.9403862847222223 0.3962013888888889 0.03943576388888889 0.11207638888888888
2 0.9921527777777778 0.39834722222222224 0.01569444444444444 0.11924305555555556