2 0.1372482638888889 0.41597222222222224 0.029817708333333335 0.10434722222222222
3 0.1629123263888889 0.42628472222222225 0.017808159722222223 0.10002083333333334
2 0.048528645833333335 0.32600694444444445 0.029466145833333332 0.08275694444444445
2 0.22963975694444447 0.34749305555555554 0.03578125 0.08127777777777778
2 0.33577690972222224 0.35383333333333333 0.032777777777777774 0.07452083333333334
2 0.39610677083333334 0.4203194444444444 0.023233506944444444 0.10749305555555555
2 0.46225260416666664 0.5862638888888889 0.04094184027777778 0.12826388888888887
2 0.43082899305555555 0.33489583333333334 0.040824652777777776 0.10053472222222223
2 0.5972395833333333 0.47527777777777774 0.04875868055555556 0.09240972222222221
2 0.6095659722222222 0.5645347222222222 0.048116319444444444 0.10684722222222223
2 0.6529383680555555 0.47981944444444447 0.02995659722222222 0.10704166666666666
2 0.6646310763888889 0.3980972222222222 0.0325 0.10749305555555555
2 0.7508289930555556 0.5117222222222222 0.04344184027777778 0.12918055555555558
0 0.4653776041666667 0.3501736111111111 0.015308159722222223 0.018916666666666665