2 0.019344618055555554 0.31472916666666667 0.027886284722222224 0.10502083333333333
2 0.04809895833333333 0.3072152777777778 0.03139756944444445 0.11253472222222223
2 0.058780381944444446 0.438375 0.02693142361111111 0.1325486111111111
2 0.08601128472222222 0.47893749999999996 0.03443576388888889 0.13102083333333334
2 0.3108333333333333 0.3631736111111111 0.03796875 0.09672916666666666
3 0.3047916666666667 0.4879513888888889 0.048185763888888886 0.14152777777777778
2 0.45250868055555554 0.7111875 0.04190972222222222 0.15035416666666665
2 0.5200651041666666 0.6663125 0.06784288194444445 0.1545138888888889
2 0.5692491319444444 0.7564444444444445 0.06524739583333333 0.16947916666666668
2 0.6114453125 0.7198263888888888 0.04750868055555555 0.14509027777777778
0 0.6952690972222223 0.7663194444444444 0.026141493055555555 0.04460416666666667
2 0.6669835069444444 0.4666666666666667 0.028268229166666665 0.13277777777777777
2 0.7263715277777778 0.5653472222222222 0.04374131944444445 0.1366666666666667
2 0.789123263888889 0.46329166666666666 0.04010850694444444 0.1335347222222222
2 0.76125 0.3015902777777778 0.02544270833333333 0.084375
2 0.8127777777777778 0.31069444444444444 0.027539062500000003 0.10821527777777779