2 0.7292708333333333 0.6637291666666667 0.06907552083333333 0.17097222222222222
2 0.33917534722222226 0.6116527777777777 0.07013888888888889 0.15849305555555554
2 0.059631076388888885 0.5227847222222222 0.05965277777777778 0.15297222222222223
2 0.3618923611111111 0.3924861111111111 0.04438802083333333 0.13404166666666667
2 0.4110894097222222 0.5248680555555555 0.052504340277777777 0.14325
2 0.5336458333333334 0.5394444444444444 0.04471788194444445 0.14555555555555555
2 0.5659027777777778 0.6130694444444444 0.058007812500000006 0.15534027777777779
2 0.6204513888888888 0.536 0.07564670138888889 0.1400347222222222
2 0.6470789930555555 0.3913541666666666 0.03628038194444445 0.12655555555555556
2 0.6138020833333333 0.34249305555555554 0.036054687499999995 0.12850694444444447
2 0.5559244791666667 0.358 0.04183159722222222 0.11229861111111111
2 0.44538194444444446 0.287875 0.04643229166666667 0.13593055555555555
2 0.5266970486111111 0.2982916666666667 0.03892795138888889 0.10954861111111111
3 0.23687934027777777 0.36517361111111113 0.04088541666666667 0.12386805555555556
2 0.8149305555555555 0.5882777777777778 0.05983506944444445 0.1534097222222222