3 0.41118055555555555 0.41948611111111106 0.04122829861111111 0.10027083333333332
3 0.2967708333333333 0.2609097222222222 0.031154513888888888 0.09145138888888889
2 0.2957855902777778 0.35104861111111113 0.029839409722222224 0.09771527777777779
2 0.13151909722222221 0.40504166666666663 0.03572048611111111 0.09360416666666665
2 0.18114149305555557 0.3469305555555555 0.02648871527777778 0.08651388888888889
2 0.3213671875 0.5512569444444444 0.05604166666666667 0.1360347222222222
2 0.5881814236111111 0.5619999999999999 0.04279947916666667 0.13529861111111113
2 0.6254210069444445 0.5465277777777777 0.03723524305555556 0.11231944444444444
2 0.5916536458333334 0.43319444444444444 0.03585503472222222 0.10545833333333335
2 0.6476171875 0.3353125 0.03319444444444444 0.08192361111111111
2 0.6616796875 0.3941111111111111 0.02085503472222222 0.09493055555555555
2 0.6813845486111112 0.46105555555555555 0.03989583333333333 0.12214583333333333
2 0.7380989583333333 0.34119444444444447 0.031866319444444444 0.09090972222222223
2 0.8046788194444444 0.37961805555555556 0.03462239583333333 0.10447222222222222
2 0.8397786458333333 0.31669444444444445 0.025190972222222222 0.09420138888888889
2 0.9759201388888888 0.30970833333333336 0.026610243055555555 0.09461111111111112