2 0.18295572916666666 0.4097777777777778 0.05964409722222222 0.12454166666666668
2 0.10315538194444444 0.548951388888889 0.06131510416666667 0.14725694444444445
2 0.030963541666666667 0.6723333333333333 0.055021701388888886 0.15225
2 0.39006944444444447 0.6267291666666667 0.0758984375 0.130125
2 0.4785807291666667 0.37729166666666664 0.0456640625 0.08721527777777778
2 0.5263932291666666 0.6177430555555555 0.05709635416666667 0.12597916666666667
2 0.7271571180555555 0.5664444444444444 0.052747395833333335 0.13736805555555556
2 0.8074652777777778 0.4368888888888889 0.05791232638888889 0.133875
2 0.6002256944444445 0.7583541666666667 0.05794704861111111 0.13776388888888888
2 0.6702734375 0.7859930555555555 0.07499131944444444 0.13777777777777778
2 0.33426649305555556 0.7859930555555555 0.07871527777777779 0.11013888888888888