0 0.24598958333333332 0.6814027777777778 0.02160590277777778 0.026881944444444444
2 0.18140190972222223 0.6154791666666667 0.045212673611111115 0.16169444444444445
2 0.11511284722222223 0.5972847222222223 0.04631076388888889 0.14475
2 0.05064236111111112 0.5151805555555555 0.061796875 0.1444513888888889
2 0.026684027777777775 0.40573611111111113 0.03612413194444444 0.13665972222222222
2 0.19051649305555554 0.28224305555555557 0.05634982638888889 0.140875
2 0.36065972222222226 0.2081736111111111 0.04782552083333333 0.11097916666666667
2 0.42049913194444444 0.20177777777777778 0.04777777777777778 0.10736805555555556
2 0.4259678819444444 0.38388888888888884 0.0412890625 0.15962500000000002
2 0.36671006944444445 0.5875138888888889 0.06165798611111111 0.16131944444444446
2 0.4551909722222222 0.6098194444444445 0.06345920138888889 0.14406944444444444
2 0.47750000000000004 0.490875 0.041406250000000006 0.14029166666666668
2 0.7171180555555555 0.5608888888888889 0.06456597222222221 0.1552986111111111
2 0.735290798611111 0.2945277777777778 0.052296006944444445 0.13090277777777778
2 0.8429036458333333 0.6608541666666666 0.057452256944444446 0.17466666666666666
3 0.7074826388888888 0.41022222222222227 0.06061197916666667 0.11826388888888889