2 0.02181423611111111 0.4672847222222222 0.04362847222222222 0.1412986111111111
2 0.17700520833333333 0.33052777777777775 0.039375 0.13102777777777777
2 0.2644270833333333 0.5713611111111111 0.05524305555555556 0.17198611111111112
2 0.38830729166666667 0.44067361111111114 0.06084201388888889 0.11174305555555555
0 0.3737109375 0.5772916666666666 0.020555555555555556 0.041881944444444444
2 0.7725824652777777 0.6034583333333333 0.041072048611111106 0.1507777777777778
2 0.6857769097222222 0.5243541666666667 0.05042534722222222 0.14743055555555556
2 0.6213368055555555 0.40493055555555557 0.03959201388888889 0.1295625
2 0.6530859375 0.24435416666666668 0.02518229166666667 0.097375
2 0.724548611111111 0.30835416666666665 0.02763454861111111 0.11584027777777778
2 0.9563411458333333 0.3414027777777778 0.033220486111111114 0.11015277777777778
3 0.9875737847222221 0.39360416666666664 0.024856770833333333 0.11446527777777779
2 0.9728168402777777 0.49272916666666666 0.05436631944444445 0.13517361111111112
3 0.30703125 0.19313194444444445 0.031888020833333336 0.0890486111111111