2 0.44350694444444444 0.37325 0.04152777777777778 0.1020625
2 0.014578993055555557 0.43043750000000003 0.029157986111111114 0.1284722222222222
2 0.18934461805555555 0.33234722222222224 0.0469140625 0.0843263888888889
3 0.3129730902777778 0.22584027777777776 0.03560763888888889 0.07817361111111111
2 0.6186111111111111 0.35754861111111114 0.04596788194444444 0.0968611111111111
2 0.666953125 0.2893611111111111 0.027934027777777776 0.07702777777777778
2 0.8441145833333333 0.3252083333333333 0.028997395833333335 0.08461111111111111
2 0.76390625 0.4321458333333333 0.03793402777777778 0.10620833333333334
2 0.6781467013888889 0.42923611111111115 0.044865451388888894 0.11203472222222223
2 0.7017274305555555 0.35186805555555556 0.028294270833333333 0.08258333333333333
2 0.6573003472222223 0.5098055555555555 0.04869357638888889 0.10710416666666665
2 0.9096788194444445 0.35886111111111113 0.04358940972222222 0.08491666666666667
2 0.9739887152777779 0.6808541666666666 0.05202690972222222 0.12871527777777778
0 0.19299479166666667 0.37619444444444444 0.01597222222222222 0.017611111111111112