2 0.0946875 0.4772083333333333 0.04663628472222223 0.1523263888888889
2 0.2216232638888889 0.3542777777777778 0.03973090277777778 0.093125
2 0.2350043402777778 0.3065347222222222 0.025316840277777777 0.07449305555555555
2 0.3132248263888889 0.35372916666666665 0.03764322916666667 0.09202777777777779
2 0.30482204861111106 0.2694861111111111 0.031124131944444442 0.08275
0 0.3519097222222222 0.3774791666666667 0.013784722222222223 0.03795138888888889
2 0.3359505208333333 0.6440555555555556 0.05392795138888889 0.15661805555555555
2 0.5445616319444445 0.4892916666666667 0.03880642361111111 0.1325625
2 0.6232291666666667 0.3287638888888889 0.024578993055555557 0.09973611111111111
2 0.6523871527777777 0.3249236111111111 0.027999131944444446 0.10303472222222222
2 0.9340711805555555 0.4618541666666667 0.05265190972222222 0.13808333333333334
2 0.8841579861111111 0.6363819444444444 0.045464409722222224 0.1577361111111111
1 0.9813237847222221 0.37075 0.03735243055555556 0.12057638888888889