2 0.22014322916666665 0.6751527777777778 0.05776909722222222 0.1688263888888889
2 0.052335069444444444 0.4917916666666666 0.05779513888888889 0.1354375
2 0.3658203125 0.5371666666666667 0.05108940972222222 0.13359722222222223
2 0.2751171875 0.4234930555555556 0.05197048611111111 0.10531944444444444
2 0.3260894097222222 0.4151944444444444 0.038693576388888894 0.12439583333333333
2 0.3646180555555556 0.4009583333333333 0.04125 0.09686805555555557
2 0.4449913194444444 0.4339027777777778 0.04817274305555555 0.09277777777777778
2 0.5458723958333334 0.372125 0.03578993055555555 0.08503472222222222
0 0.5681163194444445 0.42412500000000003 0.009401041666666667 0.027375
2 0.6323654513888889 0.4537013888888889 0.047417534722222224 0.1130625
2 0.7531510416666667 0.650625 0.05071614583333333 0.14015277777777777
2 0.8473307291666666 0.6159861111111111 0.05659722222222222 0.1360347222222222
2 0.7697482638888888 0.43209722222222224 0.03565104166666667 0.10605555555555556
2 0.8114453125 0.4493472222222222 0.039114583333333335 0.09471527777777777
2 0.8689713541666666 0.5067847222222223 0.03503038194444444 0.11307638888888889
3 0.7116883680555556 0.46781249999999996 0.04319010416666667 0.11957638888888888