2 0.1164279513888889 0.6800902777777778 0.03720920138888889 0.1605763888888889
2 0.018923611111111113 0.36988194444444444 0.035481770833333336 0.12261111111111112
2 0.17118489583333335 0.44970138888888894 0.03718315972222222 0.13792361111111112
2 0.22055121527777777 0.4503819444444444 0.027708333333333335 0.12534722222222222
2 0.2133984375 0.34221527777777777 0.023836805555555556 0.0966875
2 0.24858506944444445 0.3298402777777778 0.02420572916666667 0.09551388888888888
2 0.27032552083333333 0.3249375 0.02838975694444444 0.08374305555555556
3 0.3098046875 0.3853402777777778 0.02751736111111111 0.09647222222222221
2 0.4055078125 0.3547986111111111 0.02671440972222222 0.09236805555555555
2 0.4245703125 0.3611319444444444 0.034752604166666666 0.08440972222222222
2 0.45895833333333336 0.2992916666666667 0.029223090277777777 0.08648611111111111
2 0.5449956597222223 0.30748611111111107 0.029969618055555553 0.10779861111111111
2 0.6988064236111111 0.3474652777777778 0.029322916666666667 0.08361111111111111
2 0.7031380208333333 0.41550694444444447 0.027547743055555556 0.10964583333333332
2 0.725546875 0.4221388888888889 0.03920572916666667 0.11995833333333333
2 0.7993706597222222 0.4886388888888889 0.03088107638888889 0.1350486111111111
2 0.6514756944444444 0.593826388888889 0.042734375 0.12141666666666667
2 0.5070789930555555 0.4961111111111111 0.02966579861111111 0.13133333333333333