2 0.09118055555555556 0.3627222222222223 0.039422743055555556 0.1078611111111111
2 0.0793185763888889 0.7546527777777778 0.06777777777777777 0.18338888888888888
2 0.46997829861111107 0.6626319444444445 0.050490451388888885 0.14517361111111113
2 0.7341102430555556 0.5546388888888889 0.036219618055555555 0.1166875
2 0.9057855902777777 0.529986111111111 0.054049479166666664 0.14376388888888889
2 0.7108897569444445 0.4418958333333334 0.054878472222222224 0.1273125
2 0.8069618055555555 0.44919444444444445 0.038693576388888894 0.13495833333333335
2 0.7444704861111111 0.3573541666666667 0.035234375000000005 0.09016666666666667
2 0.4768836805555556 0.3489861111111111 0.023051215277777776 0.08304861111111111
2 0.5144878472222223 0.35784027777777777 0.024639756944444445 0.0876736111111111
2 0.5286675347222222 0.36604861111111114 0.02246527777777778 0.09361111111111112
2 0.46085069444444443 0.2989027777777778 0.023706597222222223 0.07711111111111112
2 0.3310112847222222 0.3166597222222222 0.030672743055555556 0.0890625
2 0.35053385416666666 0.4728055555555556 0.03700086805555555 0.13699305555555558
2 0.3094704861111111 0.46843749999999995 0.030121527777777782 0.1177986111111111
3 0.29946180555555557 0.3883402777777778 0.037921006944444446 0.09370138888888889