2 0.09762152777777777 0.4782152777777778 0.044270833333333336 0.07945138888888889
2 0.17883246527777777 0.4657569444444445 0.04466579861111111 0.1051736111111111
2 0.41432291666666665 0.44336111111111115 0.05144097222222222 0.09776388888888889
2 0.4921875 0.4890763888888889 0.03986979166666667 0.1011736111111111
2 0.5598220486111111 0.6052083333333333 0.043259548611111115 0.10916666666666666
2 0.5882769097222222 0.4502986111111111 0.03837239583333333 0.09475694444444444
2 0.6491362847222222 0.45 0.03826388888888889 0.0953611111111111
2 0.701015625 0.5606041666666667 0.044557291666666665 0.1103888888888889
2 0.8163845486111111 0.5815069444444444 0.05223090277777778 0.12686805555555555
2 0.8819314236111111 0.7133541666666667 0.059335937500000005 0.13514583333333335
2 0.9274696180555555 0.47279861111111116 0.038346354166666666 0.09295833333333334
2 0.8762152777777777 0.47430555555555554 0.04891059027777778 0.10320833333333333
2 0.8902864583333332 0.45220138888888883 0.03885850694444445 0.09677083333333333
3 0.6065494791666667 0.5115555555555555 0.054075520833333335 0.09950694444444444