1 0.16759114583333334 0.3390416666666667 0.044722222222222226 0.10458333333333333
2 0.2037152777777778 0.6876458333333334 0.06485677083333334 0.1565277777777778
2 0.25750868055555554 0.5759791666666666 0.038763020833333335 0.13619444444444445
2 0.4336328125 0.45813888888888893 0.03756944444444445 0.11077777777777778
2 0.46341145833333336 0.6499444444444444 0.06312934027777778 0.15361805555555555
2 0.6461935763888889 0.376375 0.03219618055555556 0.12125694444444446
2 0.6496918402777778 0.759611111111111 0.07771267361111112 0.15545138888888888
2 0.6844574652777777 0.5739791666666666 0.05888454861111111 0.14669444444444446
2 0.7336675347222221 0.6325277777777778 0.0707204861111111 0.14779166666666665
2 0.8851953125 0.4641180555555556 0.03214409722222222 0.11910416666666666
2 0.9205208333333333 0.32361805555555556 0.04841579861111111 0.09549305555555555
3 0.9141840277777779 0.4610347222222222 0.035742187499999994 0.1310625