3 0.23803385416666664 0.1635138888888889 0.03567274305555555 0.08536111111111111
2 0.9412369791666667 0.3315 0.03891493055555555 0.12461805555555555
3 0.9753211805555555 0.3463263888888889 0.037447916666666664 0.12690972222222222
3 0.4399652777777778 0.9202361111111111 0.03444878472222222 0.052506944444444446
2 0.10423611111111111 0.42030555555555554 0.060468749999999995 0.15935416666666666
2 0.1787673611111111 0.29673611111111114 0.05545572916666666 0.13443750000000002
2 0.4269921875 0.2910138888888889 0.048424479166666666 0.1014652777777778
2 0.4579123263888889 0.35105555555555557 0.03865017361111111 0.12850694444444447
2 0.6331423611111111 0.6824027777777778 0.06575954861111111 0.1870347222222222
2 0.9265277777777777 0.6145486111111111 0.06009114583333333 0.17284027777777777
2 0.7931770833333334 0.40587500000000004 0.040785590277777777 0.12355555555555554
2 0.7663802083333333 0.28438888888888886 0.045785590277777774 0.10279861111111112
2 0.6990104166666666 0.23075694444444445 0.03474392361111111 0.09623611111111112
2 0.5826041666666666 0.17591666666666667 0.03847222222222222 0.08377083333333334
2 0.9883897569444444 0.21895833333333334 0.023220486111111112 0.08652777777777777