1 0.9554470486111111 0.5224513888888889 0.034765624999999994 0.1170763888888889
2 0.5858116319444444 0.6609097222222222 0.04524305555555555 0.1285277777777778
2 0.5752907986111111 0.5544236111111112 0.043897569444444444 0.11465972222222223
2 0.5458333333333333 0.5219722222222222 0.03476128472222222 0.11114583333333335
2 0.5155512152777777 0.46224305555555556 0.041601562499999994 0.097875
2 0.4825217013888889 0.4349513888888889 0.037760416666666664 0.08809027777777777
0 0.4885980902777778 0.47199305555555554 0.014388020833333333 0.023708333333333335
2 0.46610677083333335 0.42691666666666667 0.023953993055555553 0.08347916666666666
2 0.43017361111111113 0.4819375 0.03166666666666666 0.08919444444444444
2 0.4332204861111111 0.42290972222222223 0.023003472222222224 0.09806250000000001
2 0.33823350694444443 0.5575069444444444 0.040329861111111115 0.128
2 0.3992274305555556 0.6952013888888889 0.038446180555555556 0.14460416666666667
2 0.24212673611111113 0.5421666666666667 0.031019965277777777 0.11272222222222222
3 0.18671440972222222 0.48388888888888887 0.028016493055555553 0.09987499999999999
2 0.2208203125 0.4355416666666666 0.027556423611111113 0.07917361111111111
2 0.20179253472222222 0.4247152777777778 0.023519965277777777 0.08934027777777778
2 0.08072482638888889 0.47897222222222224 0.032838541666666665 0.1104861111111111
2 0.06536892361111112 0.5897291666666666 0.024848090277777776 0.12021527777777778