2 0.27670572916666664 0.6561666666666667 0.09276475694444444 0.15863194444444445
2 0.07120225694444444 0.5691875 0.06773871527777778 0.12072916666666667
2 0.10368923611111111 0.4296111111111111 0.05552517361111112 0.09980555555555555
2 0.27685763888888887 0.3770625 0.04258680555555556 0.10248611111111113
3 0.40490885416666667 0.4561111111111111 0.050282118055555554 0.08993055555555556
2 0.4863107638888889 0.4713819444444444 0.047486979166666665 0.11149305555555557
2 0.4356510416666667 0.3904236111111111 0.05002170138888889 0.09552777777777778
2 0.4939583333333333 0.3601041666666666 0.03331163194444445 0.08429166666666667
2 0.5834201388888889 0.37470138888888893 0.03399739583333333 0.1000138888888889
2 0.7532986111111111 0.39952083333333327 0.03693576388888889 0.11147222222222222
2 0.6679774305555556 0.37852083333333336 0.03470486111111111 0.07620833333333334
2 0.9180598958333334 0.4588055555555555 0.03665364583333333 0.10430555555555555
2 0.8693619791666667 0.3589791666666666 0.04311631944444445 0.08653472222222222
2 0.6150737847222223 0.33034722222222224 0.029943576388888886 0.08989583333333333