2 0.12582465277777777 0.5237430555555556 0.07745659722222223 0.15304166666666666
3 0.2526953125 0.4417847222222222 0.06210069444444445 0.14653472222222222
0 0.09139756944444445 0.3433819444444445 0.025963541666666666 0.028430555555555553
2 0.32039930555555557 0.32325000000000004 0.04704427083333333 0.13168055555555555
2 0.3752256944444444 0.3547361111111111 0.05542534722222223 0.12057638888888889
2 0.5407204861111111 0.6019930555555556 0.050768229166666665 0.17065972222222223
2 0.5765972222222222 0.6853402777777777 0.06001736111111111 0.1410486111111111
2 0.6140625 0.6272291666666667 0.07303819444444444 0.1609375
2 0.8125434027777777 0.7235416666666667 0.08804687500000001 0.168375
2 0.8375694444444445 0.5371736111111111 0.08891059027777777 0.1706388888888889
2 0.9703428819444445 0.6307013888888889 0.059318576388888884 0.15399305555555556
2 0.7286371527777777 0.284125 0.05912760416666666 0.13213194444444445