2 0.8482118055555555 0.5328194444444444 0.0301171875 0.12309722222222222
2 0.8663932291666667 0.4763541666666667 0.029370659722222223 0.12629861111111113
3 0.9206163194444444 0.45412500000000006 0.02976128472222222 0.12011111111111111
2 0.9545095486111111 0.3806597222222222 0.04641059027777778 0.10252083333333332
2 0.8232855902777777 0.4375208333333333 0.038828125 0.12385416666666667
2 0.6822960069444445 0.5056180555555556 0.052964409722222223 0.12544444444444444
2 0.6525651041666667 0.3910694444444444 0.03556423611111111 0.12070833333333333
3 0.6874913194444444 0.28586805555555556 0.027057291666666667 0.07261805555555555
2 0.4951171875 0.40599999999999997 0.026684027777777775 0.12152777777777778
2 0.5160633680555555 0.46510416666666665 0.035581597222222226 0.12360416666666667
2 0.5177560763888889 0.4166875 0.028242187499999998 0.11386805555555556
2 0.5262890625 0.5865069444444445 0.03953559027777778 0.12753472222222223
2 0.4125564236111111 0.5137430555555556 0.029817708333333335 0.1285
2 0.39944010416666664 0.47224999999999995 0.03493489583333333 0.14185416666666667
2 0.021631944444444447 0.6519930555555555 0.043259548611111115 0.1474236111111111
1 0.21951822916666666 0.3824305555555556 0.044939236111111114 0.08800694444444444