2 0.5877604166666667 0.613736111111111 0.07077690972222223 0.1654375
0 0.5886241319444445 0.6725347222222222 0.023897569444444447 0.04413888888888889
2 0.4523177083333334 0.7107361111111111 0.0646875 0.16
2 0.2297829861111111 0.5873819444444445 0.061848958333333336 0.1539375
2 0.07959201388888888 0.5031319444444444 0.046258680555555556 0.11132638888888889
2 0.06628472222222222 0.41470138888888886 0.034765624999999994 0.12292361111111111
2 0.294609375 0.29088194444444443 0.04003038194444444 0.11695138888888888
2 0.47880642361111114 0.4202569444444444 0.04904513888888889 0.12847916666666667
2 0.5716927083333334 0.33279861111111114 0.03948350694444444 0.12422222222222222
2 0.7715147569444444 0.39644444444444443 0.04435329861111111 0.12193055555555557
2 0.9373307291666667 0.4739791666666667 0.052994791666666666 0.1418611111111111
1 0.8396701388888889 0.42164583333333333 0.03119357638888889 0.1368125
3 0.2234201388888889 0.45103472222222224 0.060850694444444436 0.1428125