2 0.49092013888888886 0.38768055555555553 0.05276475694444444 0.10631944444444444
2 0.5758810763888889 0.3206041666666667 0.05002170138888889 0.10841666666666668
2 0.7535460069444445 0.32806944444444447 0.045807291666666666 0.0943263888888889
2 0.7163498263888889 0.323125 0.037651909722222224 0.0957986111111111
2 0.733298611111111 0.4504375 0.05618489583333333 0.1251875
2 0.8459331597222222 0.513076388888889 0.05326388888888889 0.12100694444444444
2 0.8331901041666667 0.4545 0.03951822916666667 0.12264583333333334
2 0.33295138888888887 0.45071527777777776 0.05221788194444445 0.120125
2 0.2175607638888889 0.5014861111111111 0.05639756944444444 0.13461111111111113
2 0.5002517361111111 0.6328194444444445 0.051566840277777776 0.14897222222222223
2 0.06703993055555556 0.4352986111111111 0.0447265625 0.10315277777777777
2 0.1863107638888889 0.31039583333333337 0.030164930555555556 0.088
2 0.2627994791666667 0.3049305555555556 0.025451388888888888 0.09977083333333332
2 0.29953559027777776 0.33887500000000004 0.028745659722222223 0.10333333333333335
2 0.32312065972222226 0.3212361111111111 0.03367621527777778 0.09342361111111111
3 0.3879817708333333 0.3849375 0.03720920138888889 0.1047986111111111