2 0.9447873263888888 0.48825 0.036054687499999995 0.13792361111111112
2 0.8370572916666666 0.48543055555555553 0.02736545138888889 0.1298402777777778
2 0.8274522569444445 0.428375 0.023342013888888888 0.09972916666666667
2 0.8349782986111111 0.3574722222222222 0.024557291666666665 0.10511111111111113
3 0.7952170138888889 0.37049305555555556 0.03702690972222222 0.10510416666666667
2 0.8032335069444445 0.33950694444444446 0.026197916666666668 0.0848125
2 0.7550824652777778 0.2320486111111111 0.027582465277777777 0.07829861111111111
2 0.6040885416666666 0.33747916666666666 0.030863715277777776 0.10028472222222222
2 0.6057118055555555 0.46631944444444445 0.04714409722222222 0.11440277777777778
2 0.29528645833333333 0.43024999999999997 0.03847222222222222 0.1282222222222222
0 0.3348046875 0.4780486111111111 0.020633680555555554 0.03365972222222222
2 0.2029513888888889 0.3759861111111111 0.03289930555555556 0.11218055555555555
3 0.12017795138888888 0.22149305555555554 0.025277777777777777 0.08063194444444445
2 0.02423611111111111 0.33581944444444445 0.026328124999999997 0.11649999999999999
2 0.019348958333333333 0.46300694444444446 0.038697916666666665 0.13513194444444446
2 0.24343315972222224 0.6701597222222222 0.07233940972222222 0.17690972222222223