2 0.4625737847222222 0.43120138888888887 0.03289930555555556 0.11536805555555556
2 0.16615451388888888 0.6196944444444444 0.04423177083333333 0.1562361111111111
2 0.0966796875 0.5441319444444445 0.04243489583333333 0.13844444444444445
1 0.3042621527777778 0.3870277777777778 0.03198350694444444 0.08965277777777778
2 0.6334071180555555 0.47638888888888886 0.04123697916666667 0.11685416666666668
2 0.6880946180555555 0.5618055555555556 0.04035590277777778 0.142875
2 0.707947048611111 0.4160625 0.023650173611111113 0.11009027777777777
2 0.7917144097222222 0.4993541666666667 0.022782118055555557 0.11834027777777778
2 0.8290147569444444 0.42725694444444445 0.025885416666666668 0.0841875
2 0.9324869791666666 0.373875 0.027269965277777777 0.09002777777777776
2 0.9636501736111112 0.5483402777777778 0.032630208333333334 0.13297916666666668
2 0.9141449652777778 0.7327569444444445 0.029791666666666668 0.14347222222222222
2 0.9250520833333334 0.6679791666666667 0.03945746527777778 0.08336805555555556
3 0.9348046875 0.5047777777777778 0.03291666666666667 0.14306944444444444