2 0.2540451388888889 0.5447916666666667 0.047738715277777774 0.15630555555555556
0 0.2916015625 0.5980763888888889 0.02021701388888889 0.03040277777777778
2 0.11532552083333332 0.5026388888888889 0.06761284722222222 0.1757291666666667
2 0.42022135416666667 0.40474305555555556 0.058046875000000005 0.1130625
2 0.4078125 0.20359722222222223 0.04038628472222222 0.10760416666666665
3 0.47500000000000003 0.32075 0.047039930555555554 0.11597222222222223
2 0.5270529513888889 0.4945347222222222 0.055021701388888886 0.13090277777777778
2 0.5641493055555555 0.25304166666666666 0.04203125 0.10930555555555556
2 0.6274131944444444 0.3037638888888889 0.04157118055555556 0.121875
2 0.6472699652777778 0.48111805555555553 0.06220920138888889 0.11409722222222222
2 0.6230555555555556 0.41102083333333334 0.03153211805555556 0.09096527777777778
2 0.7399001736111112 0.29732638888888885 0.04236979166666667 0.12044444444444444
2 0.8005642361111112 0.3581944444444444 0.03728732638888889 0.12389583333333333
2 0.82671875 0.34549305555555554 0.02521267361111111 0.10994444444444444
2 0.8941927083333332 0.38025 0.040338541666666665 0.12985416666666666