2 0.31149739583333336 0.47759722222222223 0.027625868055555555 0.10259722222222223
0 0.3381770833333333 0.5114375 0.012769097222222223 0.021388888888888888
2 0.1397048611111111 0.4400486111111111 0.04342013888888889 0.13027777777777777
2 0.266328125 0.3608263888888889 0.0327734375 0.10795138888888887
2 0.4962543402777777 0.3176736111111111 0.037760416666666664 0.0994236111111111
2 0.34876736111111106 0.6646944444444445 0.06049913194444444 0.14624305555555556
2 0.6386458333333334 0.4086111111111111 0.032617187500000006 0.09240277777777778
2 0.8093663194444445 0.3334652777777778 0.033780381944444444 0.10044444444444443
3 0.7580642361111111 0.22465972222222222 0.019713541666666667 0.06616666666666667
2 0.8757465277777778 0.2997083333333333 0.038064236111111115 0.09682638888888889
2 0.9120008680555556 0.4386597222222222 0.03592447916666666 0.13305555555555554
2 0.9759505208333334 0.6096875 0.028402777777777777 0.15845833333333334