2 0.4071831597222222 0.6850138888888888 0.0637890625 0.1913263888888889
2 0.46607204861111107 0.5530972222222222 0.07566840277777778 0.16638194444444446
2 0.37911458333333337 0.4739513888888889 0.07014756944444445 0.14697222222222223
2 0.15483506944444445 0.4197916666666667 0.04520399305555556 0.14977083333333333
3 0.10433593749999999 0.33786805555555555 0.036223958333333334 0.12480555555555556
2 0.31949652777777776 0.2115 0.037721354166666665 0.12763194444444445
2 0.34958767361111115 0.2566527777777778 0.037513020833333334 0.1181736111111111
2 0.39227430555555554 0.3036388888888889 0.054574652777777774 0.12698611111111113
2 0.5222135416666667 0.2982916666666667 0.03169270833333333 0.11509722222222223
2 0.5413064236111111 0.31937499999999996 0.030811631944444442 0.11773611111111111
2 0.6051215277777778 0.3267569444444444 0.036054687499999995 0.12481249999999999
2 0.6425911458333333 0.3684375 0.043519965277777774 0.11960416666666666
2 0.7386675347222222 0.5660902777777778 0.056228298611111116 0.14097222222222222
2 0.6346397569444444 0.5966111111111111 0.06384114583333333 0.13674305555555555
2 0.6022309027777778 0.662798611111111 0.058046875000000005 0.15800694444444444
0 0.08104166666666666 0.752375 0.02608940972222222 0.0455