2 0.48731336805555553 0.36564583333333334 0.038975694444444445 0.13980555555555554
2 0.17769965277777777 0.29642361111111115 0.03780815972222222 0.11525694444444444
0 0.17414062500000002 0.35304166666666664 0.01618923611111111 0.018729166666666665
2 0.600625 0.34629166666666666 0.036432291666666665 0.13998611111111112
2 0.7434809027777778 0.3421666666666667 0.032213541666666665 0.10674305555555556
2 0.6361284722222222 0.7309930555555556 0.04320746527777777 0.1677361111111111
2 0.7872612847222222 0.41277777777777774 0.024288194444444446 0.1285138888888889
2 0.8737196180555555 0.19265972222222222 0.03195746527777778 0.09505555555555555
2 0.9109592013888889 0.2497083333333333 0.02689670138888889 0.10793055555555554
2 0.8111892361111112 0.4646319444444445 0.039392361111111114 0.14334027777777777
2 0.9349479166666667 0.3749375 0.041449652777777776 0.12771527777777777
2 0.9650434027777778 0.6586736111111111 0.04651909722222222 0.17309027777777777