2 0.5384071180555555 0.6318611111111111 0.06928819444444444 0.15168055555555554
2 0.20582465277777778 0.44386805555555553 0.049379340277777774 0.10902777777777778
2 0.17211805555555557 0.3230138888888889 0.03115885416666667 0.09880555555555556
2 0.21103298611111113 0.2915277777777778 0.025073784722222225 0.09138888888888888
2 0.24864583333333334 0.27879166666666666 0.019283854166666666 0.0983263888888889
3 0.4837239583333333 0.3716319444444444 0.03515625 0.11270833333333334
2 0.5968489583333334 0.37672222222222224 0.04728732638888889 0.09511805555555555
2 0.6302690972222222 0.2785625 0.03599826388888889 0.1025
2 0.8932682291666667 0.5927291666666666 0.05852430555555556 0.13361111111111112
2 0.9533029513888889 0.4674791666666666 0.042599826388888894 0.10995833333333334
2 0.4038671875 0.295 0.042113715277777776 0.0844513888888889
2 0.4197829861111111 0.3204652777777778 0.028802083333333332 0.08908333333333333
2 0.5151171875 0.2956944444444444 0.03717447916666667 0.09046527777777778
2 0.5424565972222222 0.2954652777777778 0.03109375 0.0761111111111111
2 0.9318923611111111 0.4075138888888889 0.03450086805555555 0.09651388888888889
2 0.8867578125 0.35635416666666664 0.03682291666666667 0.09140972222222223