2 0.5061935763888888 0.5993819444444445 0.04889322916666667 0.15139583333333334
2 0.32395399305555556 0.5961527777777778 0.0453515625 0.13152083333333334
2 0.17279079861111113 0.38655555555555554 0.02169270833333333 0.09105555555555556
2 0.12997829861111113 0.3322083333333333 0.02671875 0.07367361111111112
2 0.078828125 0.3651111111111111 0.025143229166666666 0.0938263888888889
3 0.021302083333333333 0.3154652777777778 0.022573784722222223 0.06704166666666667
2 0.31950520833333335 0.3395486111111111 0.029735243055555558 0.09910416666666667
2 0.3958289930555556 0.3090069444444445 0.022417534722222222 0.07478472222222222
2 0.39101996527777777 0.4177152777777778 0.028394097222222223 0.08890972222222222
2 0.46009982638888886 0.4144444444444444 0.031540798611111115 0.11372222222222221
3 0.49437934027777775 0.40675 0.02526909722222222 0.09652083333333333
2 0.4903515625 0.3323888888888889 0.017209201388888887 0.08477777777777777
2 0.5122309027777778 0.3490347222222222 0.02296875 0.0860625
2 0.6382421875 0.34975 0.02611111111111111 0.08463194444444445
2 0.5770746527777777 0.30440277777777774 0.022786458333333332 0.06910416666666667
2 0.6050868055555555 0.31085416666666665 0.013333333333333332 0.082
2 0.8629861111111111 0.34876388888888893 0.028203125000000002 0.10271527777777778
2 0.9218880208333334 0.3275416666666667 0.029592013888888893 0.08606944444444445
2 0.9761501736111112 0.46119444444444446 0.030243055555555558 0.11945138888888888