2 0.6593272569444444 0.5644930555555555 0.05401909722222222 0.12054861111111112
2 0.5970659722222222 0.47628472222222223 0.037408854166666665 0.13079166666666667
2 0.5090625000000001 0.4235486111111111 0.04077690972222223 0.12797916666666667
2 0.4581727430555556 0.4409305555555556 0.04690972222222222 0.12308333333333334
2 0.7328211805555556 0.4174791666666666 0.03767795138888889 0.11584027777777778
3 0.8367230902777778 0.49615972222222227 0.03623697916666666 0.11044444444444444
2 0.8741059027777778 0.46725 0.03567274305555555 0.10842361111111111
2 0.9042361111111111 0.4133958333333333 0.037894965277777776 0.09557638888888889
2 0.960173611111111 0.4112222222222222 0.04319010416666667 0.09010416666666667
2 0.3157465277777778 0.6029305555555555 0.03288628472222222 0.12420833333333334
2 0.2542317708333333 0.4598333333333333 0.021458333333333333 0.11031944444444446
2 0.33276909722222225 0.48940972222222223 0.028563368055555555 0.10363194444444444
2 0.2972309027777778 0.506375 0.029335937500000003 0.09738194444444444
2 0.2736241319444444 0.5177638888888889 0.033038194444444446 0.124625