2 0.2629166666666667 0.412875 0.06676215277777778 0.15294444444444444
2 0.19795138888888889 0.28512499999999996 0.04565104166666667 0.13068055555555555
2 0.38778645833333336 0.4938819444444445 0.06180989583333333 0.14094444444444446
2 0.4763411458333333 0.5214236111111111 0.05137152777777778 0.13863888888888887
2 0.4654861111111111 0.729951388888889 0.07481336805555555 0.16880555555555557
2 0.621032986111111 0.31752083333333336 0.05017795138888889 0.11588194444444445
2 0.7359201388888889 0.21893055555555554 0.04262586805555555 0.09640277777777777
2 0.765724826388889 0.5211944444444444 0.06287760416666667 0.16409722222222223
2 0.9070920138888889 0.6545 0.059661458333333334 0.15304166666666666
2 0.8872743055555555 0.5424513888888889 0.0448046875 0.15065277777777777
2 0.9801779513888889 0.42951388888888886 0.039639756944444444 0.14143055555555556
2 0.9365625000000001 0.37937499999999996 0.036749131944444444 0.12307638888888889
3 0.34651909722222224 0.1762291666666667 0.02904513888888889 0.07970138888888889
3 0.8863107638888889 0.4400763888888889 0.04194878472222222 0.10163194444444444
0 0.3149956597222222 0.4509097222222222 0.023055555555555555 0.03083333333333333