2 0.14407552083333333 0.5304722222222222 0.036532118055555556 0.136125
0 0.17992621527777777 0.5901944444444445 0.01850260416666667 0.027763888888888887
2 0.1764279513888889 0.3315625 0.04220486111111111 0.11609722222222223
2 0.399375 0.4563888888888889 0.03150607638888889 0.12129861111111111
2 0.235078125 0.7273819444444445 0.03971788194444445 0.16606944444444444
2 0.537890625 0.45231944444444444 0.035967881944444446 0.135375
2 0.5154079861111112 0.34008333333333335 0.03093315972222222 0.11090972222222223
2 0.49758246527777783 0.2650347222222222 0.03694878472222222 0.08025
3 0.7036067708333333 0.4175902777777778 0.03233072916666666 0.11592361111111112
2 0.7376345486111111 0.3778680555555555 0.03094184027777778 0.09758333333333334
2 0.7348567708333333 0.47129166666666666 0.030169270833333334 0.11001388888888888
2 0.8898654513888888 0.40115277777777775 0.05241753472222222 0.11915972222222222
2 0.9112803819444445 0.5613055555555555 0.04663194444444444 0.13668750000000002
2 0.7960546875 0.6780208333333333 0.041453993055555555 0.13822222222222222
2 0.9510373263888889 0.6286597222222222 0.043993055555555556 0.13138194444444445