2 0.1606423611111111 0.3143402777777778 0.029622395833333332 0.08889583333333333
0 0.2387673611111111 0.33513888888888893 0.017330729166666666 0.034506944444444444
2 0.5359982638888889 0.3686041666666666 0.029036458333333334 0.09914583333333334
2 0.5767057291666666 0.3767152777777778 0.031892361111111114 0.09936805555555556
2 0.7152430555555556 0.42081250000000003 0.03329861111111111 0.11215277777777778
2 0.6316276041666666 0.2901388888888889 0.036041666666666666 0.07933333333333333
2 0.6848958333333334 0.2791736111111111 0.025455729166666666 0.07568749999999999
2 0.8118012152777778 0.36804166666666666 0.03930989583333333 0.0843125
2 0.8115190972222223 0.3257777777777778 0.027313368055555554 0.07748611111111112
2 0.8300824652777777 0.3402847222222222 0.030164930555555556 0.0905
3 0.8820659722222222 0.3728680555555555 0.028437499999999998 0.09395833333333334
2 0.9864149305555555 0.31118055555555557 0.02717013888888889 0.08943055555555555
2 0.9475390625000001 0.5711180555555555 0.039401041666666664 0.12709722222222222
2 0.7089453125 0.6919652777777777 0.04641927083333333 0.15397916666666667
3 0.2310894097222222 0.2688055555555555 0.03336371527777778 0.07835416666666667