0 0.292890625 0.5844930555555555 0.014796006944444447 0.02526388888888889
2 0.1518012152777778 0.6230694444444445 0.07108072916666668 0.1435486111111111
2 0.042743055555555555 0.44449305555555557 0.05956163194444444 0.13916666666666666
2 0.11117621527777777 0.49764583333333334 0.052330729166666666 0.14547222222222222
2 0.0966796875 0.3085555555555555 0.04243489583333333 0.11173611111111112
2 0.37567708333333333 0.22674305555555554 0.03445746527777778 0.10644444444444444
2 0.4222048611111111 0.2433611111111111 0.030290798611111114 0.11469444444444445
2 0.36815538194444447 0.4169861111111111 0.04024305555555555 0.12305555555555554
2 0.30085069444444446 0.5139444444444444 0.06188368055555556 0.133625
2 0.24621961805555553 0.5362569444444445 0.06373697916666667 0.09492361111111111
2 0.45088107638888886 0.611625 0.05298177083333333 0.16545833333333332
2 0.6052560763888889 0.3095277777777778 0.04569444444444445 0.1275763888888889
2 0.7093359375 0.4962013888888889 0.029131944444444446 0.12130555555555556
2 0.7094227430555555 0.608625 0.05958767361111111 0.13688194444444446
3 0.6466623263888889 0.40458333333333335 0.02954861111111111 0.15379166666666666