0 0.7911328125 0.6906597222222222 0.03365885416666667 0.0563125
2 0.8135590277777778 0.32903472222222224 0.046675347222222226 0.12010416666666666
2 0.24401475694444447 0.29708333333333337 0.067890625 0.1025
2 0.4436501736111111 0.2602777777777778 0.05049913194444444 0.11684722222222221
2 0.21667100694444444 0.5830069444444445 0.08554253472222223 0.16046527777777778
2 0.07721788194444444 0.6010694444444444 0.0728342013888889 0.15028472222222222
2 0.13754340277777777 0.7524791666666666 0.06327690972222222 0.14754861111111112
2 0.4689670138888889 0.6957569444444445 0.04615451388888889 0.11280555555555555
2 0.4659288194444444 0.44225000000000003 0.05454427083333333 0.1382013888888889
2 0.5355121527777778 0.44247916666666665 0.05192708333333333 0.15255555555555556
2 0.6457465277777777 0.7064097222222222 0.06984809027777777 0.18040972222222224