2 0.2732378472222222 0.41700694444444447 0.05110243055555555 0.110875
2 0.12813802083333334 0.37672222222222224 0.035794270833333336 0.09511805555555555
2 0.18571614583333332 0.340375 0.02941840277777778 0.08260416666666667
2 0.15605902777777778 0.5079930555555555 0.04244357638888889 0.10302777777777779
2 0.6218793402777778 0.627 0.048151041666666665 0.14659027777777778
2 0.554609375 0.3751041666666666 0.043823784722222224 0.08724305555555555
2 0.31258680555555557 0.7353472222222223 0.060355902777777776 0.17810416666666667
2 0.2965277777777778 0.6341666666666667 0.048498263888888886 0.09148611111111112
2 0.35207899305555557 0.6198194444444444 0.0554296875 0.12759722222222222
2 0.7854947916666667 0.4237222222222222 0.031054687499999997 0.10115277777777777
2 0.8097960069444444 0.4862361111111111 0.033368055555555554 0.12431944444444445
0 0.8287934027777778 0.5020486111111111 0.013559027777777777 0.020645833333333332