2 0.05226128472222222 0.4887777777777778 0.05706597222222222 0.1446875
2 0.10658420138888888 0.3675763888888888 0.046953125000000005 0.14632638888888888
2 0.2931684027777778 0.32371527777777775 0.06145399305555556 0.13401388888888888
2 0.38967013888888885 0.34975 0.06672309027777777 0.1403125
2 0.3781032986111111 0.5226944444444445 0.049027777777777774 0.136125
2 0.5422482638888888 0.6483819444444444 0.052369791666666665 0.1819375
2 0.5383463541666667 0.5031319444444444 0.05267361111111111 0.1456111111111111
2 0.6053342013888889 0.4136597222222222 0.03908854166666667 0.15416666666666667
2 0.6600260416666667 0.5151597222222223 0.04250868055555555 0.10811111111111112
3 0.7104513888888889 0.4391111111111111 0.041484375 0.15604166666666666
2 0.9126605902777778 0.4673611111111111 0.06345486111111111 0.15047222222222223
0 0.4988585069444444 0.5230833333333333 0.020568576388888888 0.033937499999999995