2 0.08159722222222222 0.4109097222222223 0.06037326388888889 0.145125
2 0.19661024305555555 0.4467222222222222 0.05203993055555556 0.12140277777777778
2 0.2660980902777778 0.5976319444444445 0.07599826388888889 0.15493055555555554
2 0.4024522569444444 0.6271180555555556 0.07571180555555555 0.13853472222222224
2 0.37404947916666664 0.4640208333333334 0.04384982638888889 0.12939583333333335
2 0.41256944444444443 0.3685555555555556 0.04328559027777778 0.1269236111111111
2 0.48704861111111114 0.29593055555555553 0.043967013888888885 0.1213611111111111
2 0.5363064236111111 0.36467361111111113 0.06072482638888889 0.10807638888888889
2 0.6764843749999999 0.39061805555555557 0.050069444444444444 0.12005555555555555
2 0.5922352430555555 0.6071666666666667 0.07557725694444445 0.1429652777777778
2 0.6989973958333333 0.6122638888888888 0.10479600694444444 0.12211805555555555
0 0.7107118055555556 0.6350972222222222 0.02151909722222222 0.03031944444444444
2 0.8650173611111112 0.4124652777777778 0.04743489583333334 0.14379166666666668
2 0.79046875 0.28118055555555554 0.0424609375 0.12068749999999999
3 0.34279513888888885 0.36943750000000003 0.04924479166666666 0.1287013888888889