2 0.7606987847222223 0.4065694444444445 0.04407986111111111 0.14388888888888887
2 0.8249913194444445 0.5954305555555556 0.058085937500000004 0.16327083333333334
2 0.6183333333333334 0.5994097222222222 0.05101996527777777 0.1434513888888889
2 0.5977300347222223 0.3324444444444445 0.05148003472222222 0.1261875
2 0.4334895833333333 0.34744444444444444 0.03550347222222222 0.12285416666666667
2 0.42084635416666666 0.2701736111111111 0.029309895833333335 0.08775
2 0.3300477430555555 0.24410416666666665 0.03868055555555556 0.1161736111111111
2 0.2818967013888889 0.3991180555555556 0.05349392361111111 0.12620138888888888
2 0.2249826388888889 0.3969861111111111 0.052508680555555555 0.12749305555555557
2 0.37961371527777776 0.6489999999999999 0.05621961805555556 0.15095833333333333
2 0.11473524305555556 0.6885833333333333 0.07854600694444444 0.16068749999999998
2 0.013055555555555555 0.313 0.024487847222222223 0.12063194444444444
2 0.03857638888888889 0.3328055555555556 0.032109375 0.11753472222222222
2 0.16841145833333332 0.48091666666666666 0.038064236111111115 0.13520138888888888
3 0.1870138888888889 0.4473541666666667 0.05119791666666666 0.12733333333333335
0 0.43528645833333335 0.6825555555555556 0.01993923611111111 0.034694444444444444