2 0.53328125 0.7529166666666667 0.08595052083333334 0.1868611111111111
2 0.6258116319444444 0.67525 0.058333333333333334 0.14957638888888888
0 0.6658116319444445 0.7454999999999999 0.03093315972222222 0.050194444444444444
2 0.6149609374999999 0.5744305555555556 0.08003472222222223 0.12154861111111111
2 0.6424479166666667 0.4278958333333333 0.04820746527777778 0.14791666666666667
2 0.7499522569444445 0.3146875 0.04620225694444444 0.1298402777777778
2 0.33476562499999996 0.6928472222222223 0.07086805555555556 0.12920833333333334
2 0.4101519097222222 0.6504791666666667 0.09142795138888889 0.16947916666666668
2 0.4377864583333333 0.5104236111111111 0.06857204861111112 0.15325694444444443
2 0.06275173611111112 0.7727152777777778 0.08238715277777778 0.1917222222222222
2 0.22936197916666667 0.44386805555555553 0.0640451388888889 0.13819444444444445
2 0.04408420138888888 0.33275 0.03637586805555556 0.13818055555555556
2 0.013771701388888889 0.23575000000000002 0.027543402777777778 0.12473611111111112