2 0.12886284722222222 0.6476041666666666 0.057491319444444446 0.14613194444444444
2 0.025377604166666665 0.3881597222222223 0.03263454861111111 0.09609722222222222
2 0.07766059027777777 0.3866111111111111 0.04213107638888888 0.08587499999999999
2 0.19990451388888889 0.4273819444444444 0.0519140625 0.10324305555555555
2 0.2805598958333333 0.4844305555555556 0.04388020833333333 0.12227777777777779
2 0.4376432291666667 0.6068541666666667 0.07284722222222223 0.15321527777777777
3 0.33664496527777776 0.44021527777777775 0.03840277777777778 0.0946875
2 0.6642447916666667 0.5587152777777777 0.05812934027777778 0.11634722222222221
2 0.41976128472222224 0.43569444444444444 0.038563368055555554 0.08659722222222223
2 0.6869704861111111 0.4520972222222222 0.029309895833333335 0.09563888888888888
2 0.7117013888888889 0.4179861111111111 0.03569010416666667 0.10109722222222223
2 0.5044965277777778 0.4416388888888889 0.03424045138888889 0.0937361111111111
2 0.46476562499999996 0.43177777777777776 0.03647569444444445 0.10014583333333334
2 0.5296744791666667 0.4069375 0.03260416666666667 0.10037499999999999
2 0.5799522569444444 0.4580416666666667 0.03660590277777778 0.10277083333333334