2 0.5896701388888889 0.7200833333333334 0.08027343749999999 0.12215972222222223
2 0.5600824652777778 0.6327847222222223 0.050208333333333334 0.1416111111111111
2 0.5131553819444444 0.6271527777777778 0.06550347222222222 0.1652847222222222
2 0.6623133680555555 0.44063888888888886 0.0436328125 0.10855555555555554
2 0.5195616319444444 0.23259722222222223 0.04314236111111111 0.12715972222222224
2 0.24074652777777775 0.2834305555555555 0.03614149305555556 0.104625
2 0.2520269097222222 0.36296527777777776 0.03686631944444444 0.12397916666666667
2 0.1703559027777778 0.3132083333333333 0.046961805555555555 0.11954861111111112
3 0.15192274305555553 0.41582638888888884 0.048906250000000005 0.142375
2 0.07236111111111111 0.5267499999999999 0.04624565972222222 0.15658333333333332
2 0.37063368055555557 0.7662361111111112 0.04737847222222222 0.15516666666666667
2 0.3411328125 0.7623055555555556 0.045321180555555556 0.14315972222222223
3 0.25915364583333333 0.9193055555555555 0.03740451388888889 0.06916666666666667