2 0.3851909722222222 0.46723611111111113 0.06493923611111112 0.17520833333333335
2 0.49948784722222217 0.6376111111111111 0.09882378472222222 0.21737499999999998
2 0.6502604166666667 0.5640069444444444 0.06811197916666667 0.17013194444444446
2 0.16351128472222223 0.43046527777777777 0.0485546875 0.12888194444444445
2 0.13313368055555555 0.3216597222222222 0.07124565972222223 0.14795833333333333
2 0.8831553819444444 0.4065902777777778 0.052126736111111106 0.14115972222222223
2 0.9413888888888889 0.3949722222222222 0.036219618055555555 0.12786111111111112
2 0.9577083333333333 0.2826736111111111 0.03471354166666667 0.11951388888888889
2 0.8890928819444444 0.23609722222222224 0.04342881944444445 0.09701388888888889
3 0.9210590277777777 0.38183333333333336 0.024522569444444444 0.13180555555555556
3 0.18846354166666668 0.19739583333333333 0.03422309027777778 0.09064583333333333
0 0.4300998263888889 0.5217361111111111 0.02151909722222222 0.03893055555555556