2 0.11576822916666668 0.3783333333333333 0.050234375 0.11859722222222223
2 0.12680989583333335 0.5300416666666666 0.050733506944444444 0.14042361111111112
2 0.13643663194444444 0.6723125 0.06998697916666667 0.1513611111111111
2 0.6446918402777777 0.7679583333333333 0.08203559027777778 0.17264583333333333
2 0.3726779513888889 0.40092361111111113 0.07095920138888889 0.15845138888888888
2 0.5128776041666667 0.4527222222222222 0.06413194444444444 0.11861805555555556
2 0.49188802083333333 0.29969444444444443 0.037092013888888886 0.09944444444444443
2 0.8060763888888889 0.5798541666666667 0.061132812499999994 0.13645833333333332
2 0.8874262152777779 0.6303333333333333 0.05779947916666666 0.14178472222222221
2 0.7769444444444444 0.47384722222222225 0.05433159722222222 0.12101388888888888
2 0.7563585069444445 0.345125 0.0530078125 0.11061805555555555
2 0.8948958333333334 0.4502013888888889 0.04950086805555556 0.12154166666666667
2 0.9091710069444444 0.3584097222222222 0.03156684027777778 0.10530555555555554
2 0.4578602430555556 0.3817847222222222 0.03378472222222222 0.10956250000000001
3 0.4254861111111111 0.35668055555555556 0.038771701388888885 0.10450694444444444