2 0.13003038194444444 0.44853472222222224 0.05555989583333333 0.14535416666666667
0 0.18907552083333334 0.40827777777777774 0.02572482638888889 0.029145833333333333
2 0.26590277777777777 0.29134027777777777 0.03675347222222222 0.10403472222222222
3 0.28358506944444445 0.1757152777777778 0.02295138888888889 0.079625
2 0.44161458333333337 0.35718055555555556 0.028906249999999998 0.10627777777777778
2 0.5708680555555555 0.4284097222222222 0.03361979166666666 0.12818055555555558
2 0.5414887152777778 0.2756111111111111 0.0391015625 0.10810416666666665
2 0.5813758680555555 0.18472222222222223 0.022118055555555557 0.07479861111111111
2 0.6961328125 0.32933333333333337 0.03036458333333333 0.11022916666666666
2 0.688046875 0.29673611111111114 0.03004774305555556 0.10847222222222222
2 0.7918229166666666 0.40068750000000003 0.027430555555555555 0.12984722222222222
2 0.8754861111111111 0.33936805555555555 0.03693576388888889 0.10999305555555555
2 0.8418272569444444 0.22855555555555557 0.03068142361111111 0.1104375
3 0.9907682291666666 0.31995833333333334 0.018463541666666666 0.09909027777777778
2 0.8574782986111111 0.5490625 0.04555121527777778 0.14450000000000002