3 0.3283246527777778 0.19668750000000002 0.03627604166666667 0.10356944444444444
2 0.26104166666666667 0.30454166666666665 0.056228298611111116 0.12481944444444446
2 0.16105902777777778 0.42465277777777777 0.052443576388888885 0.15670833333333334
2 0.38113715277777777 0.34341666666666665 0.05336371527777778 0.13590972222222222
2 0.4863324652777778 0.3989652777777778 0.07104166666666667 0.15255555555555556
2 0.3944487847222222 0.5653680555555556 0.048736979166666666 0.17147222222222222
2 0.6848480902777778 0.4917708333333333 0.05835503472222222 0.15205555555555555
2 0.6735633680555556 0.31009722222222225 0.04967013888888889 0.11370833333333334
2 0.9869661458333332 0.4300069444444445 0.02607204861111111 0.15202777777777776
3 0.9819140625 0.3633263888888889 0.03616753472222222 0.13683333333333333
0 0.278984375 0.4679375 0.03655381944444444 0.06272916666666667