0 0.1899956597222222 0.6216180555555556 0.037400173611111115 0.058972222222222224
2 0.2112673611111111 0.5929097222222222 0.053901909722222224 0.13489583333333333
2 0.25612413194444444 0.5760138888888889 0.049861111111111106 0.12610416666666666
2 0.32210503472222224 0.5998541666666667 0.06723958333333332 0.12655555555555556
2 0.30821180555555555 0.5417638888888889 0.04987413194444444 0.1020486111111111
2 0.3873611111111111 0.48575694444444445 0.05018229166666667 0.1233611111111111
1 0.2598828125 0.43159722222222224 0.060859375 0.10949305555555555
2 0.6262500000000001 0.41122916666666665 0.057473958333333325 0.11876388888888889
2 0.6511371527777778 0.5653680555555556 0.06905381944444444 0.13814583333333333
3 0.8322916666666667 0.5945277777777778 0.07372829861111112 0.1297986111111111
2 0.8114583333333333 0.46839583333333334 0.05983506944444445 0.1303125
2 0.7406987847222222 0.39179166666666665 0.03463975694444445 0.11321527777777778
2 0.7622612847222222 0.39318055555555553 0.03782986111111111 0.10488194444444444
3 0.946310763888889 0.30361805555555554 0.03787326388888889 0.10075