2 0.1245486111111111 0.35754861111111114 0.04444878472222222 0.10798611111111112
2 0.19217447916666666 0.48373611111111114 0.05204427083333333 0.13724999999999998
2 0.3771744791666667 0.690375 0.03906684027777778 0.1263125
2 0.46113281250000004 0.5343194444444445 0.042005208333333335 0.12214583333333333
2 0.4625086805555555 0.45103472222222224 0.040824652777777776 0.11269444444444444
2 0.5453211805555556 0.36586111111111114 0.0434375 0.11204166666666666
2 0.6202126736111111 0.29860416666666667 0.045920138888888885 0.09065277777777778
3 0.7052126736111111 0.37041666666666667 0.03917100694444445 0.10544444444444445
2 0.9400651041666666 0.6276319444444444 0.041440972222222226 0.13595138888888889
2 0.973420138888889 0.5676041666666667 0.053159722222222226 0.13529861111111113
2 0.9881510416666666 0.48793055555555553 0.023697916666666666 0.09850694444444444
2 0.9773480902777778 0.40448611111111116 0.04530381944444444 0.10445138888888889