2 0.04527777777777778 0.4482013888888889 0.039839409722222226 0.11838888888888888
2 0.18026041666666667 0.4720486111111111 0.051532118055555555 0.12475694444444445
2 0.22106336805555554 0.46519444444444447 0.04509114583333333 0.12044444444444444
2 0.22805121527777775 0.38743055555555556 0.02736545138888889 0.11705555555555555
2 0.2572786458333333 0.38724305555555555 0.027122395833333333 0.11292361111111113
2 0.022656250000000003 0.7005833333333333 0.04531684027777778 0.14228472222222222
2 0.020789930555555555 0.6580486111111111 0.034296875 0.1342361111111111
2 0.44254340277777776 0.5483888888888888 0.045460069444444445 0.1327986111111111
3 0.45169704861111115 0.41399305555555554 0.03206597222222222 0.12509722222222222
2 0.5335807291666667 0.3452708333333333 0.04087673611111112 0.08533333333333333
2 0.5535373263888889 0.31343750000000004 0.01973958333333333 0.10243749999999999
2 0.5652126736111112 0.5986319444444445 0.05835503472222222 0.15063888888888888
2 0.6894835069444444 0.4485486111111111 0.036875 0.11532638888888888
2 0.8280078125 0.4481736111111111 0.04039496527777778 0.12959722222222222
2 0.9219184027777777 0.6047152777777778 0.04507378472222222 0.15154166666666666
2 0.9790277777777777 0.3382847222222222 0.026627604166666666 0.09202083333333333