2 0.5757508680555555 0.40799305555555554 0.04154513888888889 0.11228472222222222
2 0.4384375 0.33879166666666666 0.039487847222222226 0.10999305555555555
2 0.28448350694444446 0.4841319444444444 0.054496527777777776 0.11734722222222221
2 0.2889670138888889 0.6466041666666666 0.05131510416666667 0.15894444444444444
2 0.09985243055555555 0.46145138888888887 0.042877604166666666 0.1330902777777778
2 0.7620920138888888 0.34686805555555555 0.028177083333333335 0.10459027777777778
2 0.8237673611111112 0.3184166666666667 0.03348524305555556 0.09379861111111111
2 0.8785329861111112 0.45416666666666666 0.04367621527777778 0.12377777777777778
2 0.9058550347222223 0.6094027777777777 0.042083333333333334 0.13979166666666668
3 0.7208203125 0.23852083333333335 0.02580295138888889 0.07184027777777778
1 0.28744791666666664 0.38346527777777784 0.04973090277777778 0.11890277777777777