3 0.37975694444444447 0.45884722222222224 0.037408854166666665 0.14009722222222223
2 0.30194878472222225 0.40212499999999995 0.04672309027777778 0.13499305555555555
2 0.13253038194444444 0.28925 0.042955729166666665 0.11479166666666668
2 0.09546440972222221 0.41768055555555555 0.050421006944444444 0.12166666666666666
2 0.02329861111111111 0.41461805555555553 0.03488715277777778 0.15669444444444444
2 0.15654947916666667 0.6326527777777777 0.059739583333333325 0.1599375
2 0.33233072916666667 0.6871527777777777 0.069296875 0.16059722222222222
2 0.6667404513888889 0.2698888888888889 0.030985243055555556 0.1072638888888889
2 0.9238671875000001 0.2670694444444444 0.04923611111111111 0.11765972222222222
2 0.9417751736111111 0.5204722222222222 0.048602430555555555 0.13834722222222223
2 0.8368836805555556 0.5256527777777779 0.04541232638888889 0.14872222222222223
2 0.8161935763888889 0.7176458333333334 0.04284288194444444 0.17006944444444444
2 0.7172916666666667 0.6782152777777778 0.07532986111111112 0.18439583333333331
2 0.6533463541666666 0.7746458333333334 0.05604166666666667 0.14775
2 0.5825086805555555 0.6073263888888889 0.05229166666666667 0.14539583333333334
2 0.5476692708333333 0.6972291666666667 0.052109375 0.14702083333333335
2 0.4330555555555555 0.4273055555555556 0.046966145833333334 0.1257638888888889