0 0.5766189236111111 0.584125 0.032864583333333336 0.05620833333333333
2 0.8548654513888888 0.48644444444444446 0.07373697916666666 0.17752083333333332
2 0.6671961805555555 0.30315277777777777 0.050828993055555556 0.12204166666666667
2 0.3943055555555556 0.43345138888888884 0.05018229166666667 0.12430555555555556
2 0.47546875 0.483 0.06352430555555556 0.14880555555555555
2 0.5224956597222222 0.4779097222222223 0.05454427083333333 0.1367708333333333
2 0.37635850694444445 0.5496527777777778 0.048211805555555556 0.11550694444444445
2 0.33599392361111113 0.5542569444444444 0.04293402777777778 0.1548125
2 0.49617187500000004 0.7118611111111111 0.07683159722222223 0.1950208333333333
2 0.18160590277777777 0.7215833333333332 0.06923177083333333 0.15891666666666668
2 0.16988715277777777 0.43413888888888885 0.05447048611111111 0.1506875
2 0.02736111111111111 0.30685416666666665 0.0419921875 0.09611805555555555
2 0.04284288194444444 0.2670486111111111 0.02955295138888889 0.10538888888888888