0 0.29390625 0.3976944444444444 0.009661458333333334 0.01682638888888889
3 0.10778211805555556 0.4156388888888889 0.03814670138888889 0.10052777777777777
2 0.18016059027777775 0.4817291666666667 0.026909722222222224 0.10865972222222223
2 0.2607595486111111 0.5469444444444445 0.032113715277777774 0.13447916666666668
2 0.2584548611111111 0.46296527777777774 0.02376736111111111 0.09356249999999999
2 0.3527690972222222 0.4072152777777778 0.017391493055555554 0.08070138888888888
2 0.33243923611111115 0.37234027777777773 0.022274305555555554 0.07072916666666666
2 0.3091015625 0.3689791666666667 0.025108506944444445 0.07745138888888889
2 0.4507291666666667 0.38800694444444445 0.017860243055555555 0.06171527777777778
2 0.46086371527777775 0.43000000000000005 0.026323784722222222 0.08445833333333333
2 0.5106987847222223 0.5657013888888889 0.029444444444444447 0.12565972222222221
2 0.5666840277777778 0.49288194444444444 0.04167100694444445 0.10816666666666666
2 0.6035850694444445 0.4794861111111111 0.033993055555555554 0.11314583333333333
2 0.6843836805555555 0.5085208333333333 0.0379296875 0.11872916666666666