0 0.3731901041666667 0.5078263888888889 0.0190625 0.021388888888888888
2 0.11780381944444446 0.6515902777777778 0.07426215277777777 0.13392361111111112
2 0.3074782986111111 0.23956944444444445 0.02826388888888889 0.10154166666666667
2 0.33053819444444443 0.30896527777777777 0.041935763888888894 0.1291111111111111
2 0.45270399305555553 0.2508125 0.051072048611111115 0.08986111111111111
2 0.37469618055555554 0.39735416666666673 0.02901909722222222 0.10601388888888888
2 0.4110373263888889 0.4498611111111111 0.03226128472222222 0.1165763888888889
2 0.4391319444444444 0.4305 0.05911892361111112 0.10547916666666665
2 0.46720052083333335 0.5236111111111111 0.06895399305555555 0.11093055555555556
2 0.6169140624999999 0.4608333333333334 0.0464453125 0.1301875
2 0.5884982638888889 0.3334652777777778 0.034756944444444444 0.10044444444444443
2 0.6098828125 0.26776388888888886 0.027174479166666668 0.07181944444444445
2 0.6858680555555555 0.3657708333333334 0.039605034722222224 0.11827083333333334
2 0.7228472222222222 0.5232916666666666 0.05866319444444444 0.13565972222222222
2 0.8786111111111111 0.5988541666666667 0.04900173611111111 0.1534513888888889
3 0.61390625 0.35313194444444446 0.02901909722222222 0.10188194444444446