2 0.9385460069444443 0.4695625 0.03776475694444445 0.12497222222222223
2 0.8935850694444445 0.6290555555555556 0.051879340277777776 0.15359027777777776
2 0.7060460069444444 0.27400694444444446 0.043229166666666666 0.09820833333333333
0 0.6909071180555555 0.3133958333333334 0.015264756944444445 0.03273611111111111
2 0.6078645833333334 0.3540555555555555 0.049157986111111114 0.13624999999999998
2 0.5776909722222222 0.5902291666666666 0.06740885416666667 0.1499236111111111
2 0.46481336805555556 0.38608333333333333 0.047417534722222224 0.12077083333333333
2 0.45932291666666664 0.20449305555555558 0.034123263888888894 0.09974305555555556
2 0.2631206597222222 0.2632847222222222 0.038207465277777776 0.09897222222222223
2 0.23682725694444443 0.4334236111111111 0.038142361111111106 0.12836111111111112
2 0.20298177083333335 0.38413194444444443 0.032452256944444445 0.127
2 0.2623697916666667 0.5314444444444444 0.054500868055555554 0.13788194444444446
3 0.0188671875 0.41884027777777777 0.035177951388888885 0.14125000000000001