2 0.9772656249999999 0.5182222222222223 0.03721354166666666 0.13490972222222222
2 0.8209548611111112 0.44067361111111114 0.03361111111111111 0.10481944444444444
2 0.8638628472222222 0.3925833333333334 0.022730034722222223 0.10223611111111111
2 0.8378993055555556 0.36260416666666667 0.03944010416666667 0.09096527777777778
2 0.6910763888888889 0.44581944444444443 0.030043402777777777 0.10096527777777776
2 0.6516840277777778 0.39190972222222226 0.02960503472222222 0.10192361111111112
2 0.6760894097222222 0.36695138888888884 0.025325520833333334 0.08309027777777778
2 0.6644053819444444 0.3377986111111111 0.025911458333333335 0.08590972222222222
2 0.5910243055555555 0.3785486111111111 0.039079861111111114 0.098
3 0.4977777777777778 0.4485138888888889 0.032591145833333335 0.10427777777777777
2 0.5080729166666667 0.3854375 0.023394097222222222 0.09623611111111112
2 0.47757812499999996 0.3792291666666667 0.0336328125 0.09624305555555555
2 0.5236414930555555 0.5766597222222222 0.030577256944444447 0.12125694444444446
2 0.39559461805555557 0.6810763888888889 0.040611979166666666 0.15190277777777778
2 0.3287673611111111 0.3733611111111111 0.03385850694444445 0.11558333333333333
2 0.25797309027777776 0.3603611111111111 0.026310763888888887 0.09270138888888889
3 0.2652560763888889 0.3219375 0.01950954861111111 0.08423611111111111
2 0.20705729166666667 0.41281944444444446 0.03131076388888889 0.11784027777777778
2 0.13463107638888888 0.5785347222222222 0.0366796875 0.11672222222222223
2 0.050481770833333335 0.7140347222222222 0.06338541666666667 0.17547916666666666