2 0.45894097222222224 0.6690416666666666 0.06313802083333334 0.15938194444444445
2 0.23011718750000001 0.6298125 0.06555989583333334 0.1559236111111111
2 0.043229166666666666 0.3997013888888889 0.03726996527777778 0.14014583333333333
2 0.18221788194444444 0.32231944444444444 0.0444140625 0.10482638888888889
2 0.21413628472222224 0.3603819444444445 0.03585069444444444 0.12738888888888888
2 0.3189887152777778 0.4455555555555556 0.0396875 0.11537499999999999
2 0.38280381944444447 0.4396875 0.04747395833333333 0.11599999999999999
3 0.46791666666666665 0.4219305555555556 0.03696614583333333 0.10984722222222222
2 0.39259982638888885 0.34246527777777774 0.03635416666666667 0.09234722222222222
2 0.4178559027777778 0.3604652777777778 0.036393229166666666 0.11055555555555555
2 0.5841059027777777 0.36031250000000004 0.032213541666666665 0.11692361111111112
2 0.6286111111111111 0.31953472222222223 0.029214409722222223 0.09647916666666667
2 0.6672352430555555 0.31143055555555554 0.037022569444444445 0.09415277777777778
2 0.8834157986111112 0.36216666666666664 0.04055989583333333 0.11785416666666668
2 0.9176866319444444 0.332125 0.030976562500000002 0.10221527777777778
2 0.9196267361111112 0.476375 0.04353298611111111 0.1212638888888889