2 0.9108854166666666 0.4396180555555555 0.05235677083333333 0.14629861111111112
2 0.8192664930555555 0.23922916666666666 0.03934027777777778 0.12683333333333333
2 0.7103298611111111 0.45862499999999995 0.060959201388888884 0.15802083333333333
2 0.7849826388888889 0.6286597222222222 0.06938802083333334 0.169375
2 0.6504079861111111 0.6252847222222222 0.059691840277777776 0.15510416666666665
2 0.49203125000000003 0.36969444444444444 0.039952256944444445 0.11727083333333334
3 0.45851996527777783 0.35270138888888886 0.042191840277777774 0.12272916666666665
2 0.3399565972222222 0.23331944444444447 0.03046440972222222 0.10750000000000001
3 0.3489930555555556 0.14365972222222223 0.02271701388888889 0.08408333333333333
2 0.26629774305555554 0.23360416666666667 0.041640625 0.10994444444444444
2 0.2586588541666667 0.35429166666666667 0.04279947916666667 0.12404166666666668
2 0.30584635416666667 0.49756944444444445 0.052643229166666666 0.13634722222222223
2 0.3738671875 0.4598263888888889 0.044283854166666664 0.11721527777777777
2 0.4255685763888889 0.4312847222222222 0.061992187500000004 0.13526388888888888
0 0.27022569444444444 0.5482847222222222 0.022486979166666667 0.042430555555555555
2 0.20112847222222222 0.30872222222222223 0.04513454861111111 0.10990972222222223
2 0.11356336805555554 0.3745347222222222 0.05314236111111111 0.14197916666666666
3 0.47447482638888894 0.8495902777777778 0.04835503472222222 0.20636111111111113