2 0.3353081597222222 0.3808680555555556 0.039748263888888885 0.10081249999999999
3 0.2945616319444444 0.35115972222222225 0.026310763888888887 0.08947916666666667
2 0.42474392361111113 0.4049166666666667 0.03258246527777778 0.09989583333333332
2 0.5766536458333333 0.5224861111111111 0.0448828125 0.13267361111111112
2 0.5797699652777778 0.3572152777777778 0.03145833333333334 0.10097222222222223
2 0.6333767361111111 0.3842013888888889 0.024474826388888888 0.10202777777777777
2 0.7824479166666667 0.3777430555555556 0.07263888888888889 0.11097222222222224
2 0.9467664930555555 0.5221111111111111 0.04158420138888889 0.1409375
2 0.9297309027777777 0.7590972222222222 0.06961805555555556 0.200875
2 0.9618619791666667 0.4091388888888889 0.03555121527777778 0.10752083333333334
3 0.9921006944444445 0.47227083333333336 0.01579861111111111 0.13440277777777776
0 0.3705208333333333 0.40293055555555557 0.0104296875 0.020576388888888887