2 0.9383246527777778 0.27915972222222224 0.03389322916666667 0.09552083333333335
2 0.9127213541666666 0.21570833333333334 0.028155381944444446 0.08526388888888889
2 0.8468836805555555 0.3951736111111111 0.03372395833333333 0.1010763888888889
2 0.8402343750000001 0.438875 0.029869791666666663 0.11024305555555555
2 0.8430642361111111 0.5137916666666666 0.03724392361111111 0.11843055555555555
2 0.7941362847222222 0.4927916666666667 0.03631510416666667 0.1494513888888889
2 0.8122786458333333 0.6009791666666666 0.03913628472222222 0.14925
2 0.6414800347222223 0.6586041666666667 0.04753472222222222 0.1503125
2 0.5949088541666667 0.41978472222222224 0.045321180555555556 0.14755555555555555
2 0.6187109375 0.3688819444444445 0.03201822916666666 0.13084722222222223
3 0.5152994791666666 0.1716527777777778 0.019926215277777777 0.06990972222222222
2 0.37737413194444447 0.2762708333333333 0.04259114583333333 0.11306944444444444
2 0.21352430555555554 0.4651111111111111 0.06487847222222222 0.1297847222222222
0 0.23449652777777777 0.5120555555555556 0.020186631944444443 0.037006944444444446
3 0.6745876736111112 0.8500972222222223 0.06966145833333333 0.2038888888888889