2 0.30983506944444444 0.4487291666666666 0.05196614583333334 0.13264583333333332
2 0.3596006944444444 0.3345902777777778 0.05890190972222223 0.13122222222222224
2 0.4382986111111111 0.6323263888888888 0.07740451388888889 0.16186805555555556
2 0.5897612847222222 0.51425 0.05915364583333333 0.12015972222222222
2 0.7814409722222222 0.39061805555555557 0.03452690972222222 0.10438194444444444
3 0.7199609375 0.35102777777777777 0.04177083333333333 0.11316666666666667
2 0.759453125 0.262125 0.036844618055555556 0.08350694444444444
2 0.7092534722222221 0.22369444444444445 0.037721354166666665 0.08997916666666667
2 0.9697916666666667 0.5455 0.05822048611111111 0.13174305555555557
2 0.8391623263888889 0.4945694444444444 0.037122395833333335 0.12247222222222223
0 0.5035416666666667 0.6631041666666667 0.025603298611111113 0.05213888888888889
2 0.7737717013888888 0.513548611111111 0.07995225694444445 0.09561805555555555