1 0.01898003472222222 0.40797222222222224 0.03796006944444444 0.13101388888888887
2 0.3213932291666667 0.5248333333333334 0.06834635416666666 0.16349305555555557
2 0.36083333333333334 0.7503333333333333 0.0626171875 0.20103472222222224
2 0.43895399305555555 0.35 0.031336805555555555 0.12117361111111112
2 0.5347526041666666 0.45388194444444446 0.035416666666666666 0.10940277777777777
2 0.6308159722222223 0.5711111111111111 0.05146267361111111 0.14993055555555557
0 0.5927473958333334 0.6261736111111111 0.023350694444444445 0.051506944444444445
3 0.6841232638888889 0.2516527777777778 0.03358506944444444 0.07175
2 0.8503168402777779 0.5665555555555556 0.058046875000000005 0.1312986111111111
2 0.9050520833333332 0.4830972222222222 0.04206163194444444 0.11949305555555555
3 0.938263888888889 0.4238125 0.03720486111111111 0.11952777777777777
2 0.8726953125 0.4034027777777778 0.0429296875 0.12204861111111111
2 0.8582291666666666 0.32895138888888886 0.023975694444444445 0.09404861111111111