2 0.8893142361111112 0.43759027777777776 0.040998263888888886 0.12269444444444445
3 0.8666710069444444 0.4164027777777778 0.03355902777777778 0.10571527777777777
2 0.8434765624999999 0.29913194444444446 0.04577256944444444 0.11535416666666667
2 0.7776779513888888 0.2880972222222222 0.04848090277777778 0.11868055555555555
2 0.7508854166666666 0.471375 0.027860243055555553 0.13165277777777779
2 0.7285460069444444 0.5004722222222222 0.029578993055555558 0.13125
2 0.6366145833333333 0.49793055555555554 0.045946180555555556 0.1535138888888889
2 0.6159244791666666 0.39726388888888886 0.03264756944444444 0.11431944444444445
2 0.6369184027777778 0.3499027777777778 0.04533420138888889 0.11532638888888888
2 0.4842447916666667 0.3923819444444444 0.048884548611111106 0.13189583333333335
2 0.2621527777777778 0.5113125 0.06986979166666667 0.1314375
2 0.07011284722222222 0.5615 0.05573784722222222 0.1497638888888889
1 0.1404296875 0.2866666666666667 0.044973958333333335 0.15099305555555556
3 0.9190494791666666 0.19267361111111111 0.03197048611111111 0.07886805555555555