2 0.14665364583333332 0.6186666666666667 0.07282552083333332 0.16695833333333332
2 0.05247829861111111 0.4079861111111111 0.05519097222222222 0.16226388888888887
2 0.15996527777777778 0.3239444444444445 0.04157552083333334 0.11918055555555555
2 0.31085069444444446 0.4135347222222222 0.05688368055555556 0.12152083333333334
2 0.3938845486111111 0.3211597222222222 0.05513454861111111 0.113625
2 0.5890277777777777 0.41458333333333336 0.04788194444444444 0.12329861111111112
2 0.7817751736111112 0.5106527777777778 0.050303819444444446 0.12209027777777778
2 0.749900173611111 0.3726180555555556 0.04311197916666667 0.1051875
2 0.6550390625 0.34289583333333334 0.028216145833333334 0.10538194444444444
2 0.6817100694444445 0.3370347222222222 0.026284722222222223 0.10393749999999999
3 0.9418055555555556 0.34125 0.045147569444444445 0.11031944444444446