2 0.07374565972222222 0.47396527777777775 0.054318576388888894 0.1414513888888889
0 0.29247829861111113 0.4679375 0.01724826388888889 0.027541666666666666
2 0.13115885416666667 0.3373263888888889 0.0402734375 0.10859027777777779
2 0.31920138888888894 0.4775763888888889 0.029157986111111114 0.11402777777777777
2 0.5455642361111112 0.5914722222222223 0.028797743055555554 0.13103472222222223
2 0.5834201388888889 0.5351666666666667 0.034131944444444444 0.12638888888888888
2 0.6324175347222222 0.303 0.02737847222222222 0.08878472222222222
2 0.5590798611111111 0.27625694444444443 0.023697916666666666 0.07643055555555556
2 0.5061414930555556 0.48246527777777776 0.031896701388888886 0.12894444444444444
2 0.7546744791666666 0.3992847222222222 0.030894097222222226 0.09369444444444444
2 0.8583767361111111 0.4289861111111111 0.027825520833333332 0.12481249999999999
2 0.8023090277777778 0.4045555555555555 0.028155381944444446 0.11195138888888889
2 0.8929166666666668 0.4446666666666667 0.029422743055555558 0.12018749999999999
2 0.7708203125 0.3730625 0.023016493055555556 0.10294444444444445
2 0.5144184027777778 0.429625 0.030772569444444446 0.09267361111111111
3 0.5055815972222222 0.3734444444444444 0.022743055555555555 0.096
2 0.9486805555555556 0.4942847222222222 0.026879340277777778 0.11145833333333334
2 0.9577560763888889 0.4675486111111111 0.030572916666666665 0.11967361111111112