2 0.9047569444444444 0.32513888888888887 0.04154947916666667 0.1098888888888889
2 0.6723350694444444 0.4233611111111111 0.03839409722222222 0.11127777777777778
2 0.6166362847222222 0.5247430555555556 0.056809895833333325 0.1496736111111111
2 0.7256032986111111 0.5663611111111111 0.04108506944444444 0.13718750000000002
0 0.7244227430555555 0.6141319444444444 0.017269965277777778 0.035868055555555556
2 0.6236197916666666 0.29033333333333333 0.036918402777777776 0.11613194444444444
3 0.5430946180555556 0.22190972222222222 0.023741319444444447 0.08403472222222222
3 0.5007118055555556 0.4222638888888888 0.028146701388888886 0.11991666666666667
2 0.4311111111111111 0.5653125 0.044730902777777776 0.12786805555555555
2 0.40402777777777776 0.6370763888888888 0.040225694444444446 0.16483333333333333
2 0.4092144097222222 0.7535347222222222 0.05963541666666667 0.1557361111111111
2 0.3863064236111111 0.4003819444444444 0.052196180555555555 0.11047222222222224
2 0.34239583333333334 0.3227291666666667 0.04565104166666667 0.10325694444444444
2 0.257734375 0.3801805555555556 0.041137152777777776 0.13869444444444445
2 0.09755208333333333 0.6445624999999999 0.05942274305555555 0.1400763888888889
2 0.08293836805555556 0.44978472222222227 0.038098958333333335 0.13161111111111112
3 0.7393142361111111 0.8971527777777778 0.04970920138888889 0.10775694444444443