2 0.6925173611111111 0.5304166666666666 0.05112413194444445 0.14880555555555555
2 0.5919574652777777 0.41354166666666664 0.07743489583333334 0.1511597222222222
2 0.822165798611111 0.29296527777777776 0.06736111111111111 0.15166666666666667
2 0.9167925347222222 0.36887499999999995 0.062174479166666664 0.16460416666666666
2 0.4329383680555556 0.5357430555555556 0.04932291666666667 0.1788888888888889
2 0.37636284722222224 0.6817847222222222 0.07680121527777778 0.1681736111111111
2 0.24787760416666668 0.7299166666666667 0.06288194444444445 0.18113194444444444
2 0.20215277777777776 0.7012152777777778 0.054765625000000005 0.1959513888888889
2 0.14557725694444446 0.6267013888888889 0.06141059027777778 0.1413611111111111
2 0.2525043402777778 0.4197916666666667 0.05130642361111111 0.17198611111111112
2 0.3380208333333333 0.3617013888888889 0.05393229166666667 0.16969444444444445
2 0.21763454861111112 0.3276805555555556 0.04927083333333333 0.12665972222222222
2 0.06352864583333334 0.41356944444444443 0.03150607638888889 0.14878472222222222
3 0.08075520833333333 0.3869305555555555 0.039401041666666664 0.1562638888888889
2 0.02894965277777778 0.2589722222222222 0.03296006944444444 0.13576388888888888
0 0.7567621527777777 0.5531111111111111 0.026831597222222222 0.044187500000000005