2 0.6084244791666666 0.5292986111111111 0.05885850694444445 0.12711111111111112
2 0.3930164930555555 0.5885625 0.05918402777777779 0.11601388888888889
2 0.06954861111111112 0.64575 0.04882378472222222 0.16094444444444445
2 0.06680121527777777 0.35820138888888886 0.028858506944444442 0.09511111111111112
2 0.11902777777777779 0.3991805555555556 0.037821180555555556 0.09836805555555556
2 0.24676215277777777 0.47257638888888887 0.0415625 0.1108888888888889
2 0.34455729166666665 0.41168750000000004 0.028815104166666668 0.09559027777777779
2 0.4267274305555555 0.38159027777777776 0.03111545138888889 0.10020833333333334
2 0.45262152777777775 0.40103472222222225 0.027929687499999998 0.10206944444444443
2 0.5447743055555556 0.37788194444444445 0.024149305555555556 0.09280555555555554
2 0.6208637152777778 0.4318263888888889 0.043233506944444444 0.08494444444444443
2 0.653125 0.4278888888888889 0.041202256944444446 0.10022222222222221
2 0.48288628472222217 0.40254861111111107 0.028090277777777777 0.12190277777777778
2 0.5049565972222223 0.4192847222222222 0.03269965277777778 0.08420833333333334
3 0.215703125 0.4213958333333333 0.040651041666666665 0.08843055555555555