2 0.20495659722222223 0.7198402777777777 0.05342881944444444 0.1794861111111111
2 0.24333333333333332 0.5728541666666667 0.057213541666666666 0.12361805555555555
2 0.31080729166666665 0.4463194444444445 0.03990017361111112 0.1197013888888889
3 0.14289930555555555 0.39481944444444445 0.024184027777777777 0.12743749999999998
2 0.28061631944444443 0.3280902777777778 0.029696180555555556 0.11025694444444445
2 0.4464496527777777 0.4367708333333334 0.027421875 0.1144375
2 0.3766362847222222 0.3192291666666667 0.0244921875 0.09252777777777778
2 0.3357204861111111 0.28115972222222224 0.027439236111111112 0.08006250000000001
2 0.4709288194444444 0.6304513888888889 0.05734809027777778 0.1391388888888889
2 0.6512065972222223 0.33225 0.03724826388888888 0.12409722222222222
2 0.8003428819444445 0.35384027777777777 0.024075520833333332 0.1119236111111111
2 0.819375 0.3333541666666667 0.027530381944444446 0.10416666666666667
0 0.4481770833333333 0.34220833333333334 0.017039930555555555 0.022208333333333333