2 0.1970876736111111 0.6260069444444445 0.05679253472222222 0.12608333333333333
2 0.33836805555555555 0.6372361111111111 0.04791232638888889 0.1109375
2 0.3136762152777778 0.623 0.035633680555555554 0.11094444444444444
2 0.04824652777777778 0.45927083333333335 0.039262152777777774 0.10472916666666666
3 0.07398003472222221 0.49934722222222216 0.04358940972222222 0.11420833333333334
2 0.24673611111111113 0.42920138888888887 0.05116319444444444 0.10384027777777778
2 0.3632986111111111 0.39208333333333334 0.040724826388888885 0.10770833333333332
2 0.4475434027777778 0.5427013888888889 0.04028211805555556 0.11208333333333334
2 0.4758116319444444 0.5198333333333333 0.05134114583333334 0.0843125
2 0.4708550347222222 0.40168055555555554 0.03982638888888889 0.09145833333333332
2 0.46704427083333333 0.461125 0.036362847222222223 0.059687500000000004
2 0.5347873263888889 0.4565 0.045846354166666665 0.11027083333333333
2 0.5844053819444445 0.4602152777777778 0.05154513888888889 0.0994236111111111
2 0.6452256944444444 0.5144652777777778 0.04102430555555556 0.11541666666666665
2 0.6656467013888889 0.6106527777777778 0.05244791666666667 0.11978472222222222
2 0.5606380208333334 0.547875 0.033849826388888886 0.10912499999999999
2 0.8126779513888889 0.6036180555555556 0.05883680555555556 0.1187013888888889
1 0.8382812500000001 0.41274305555555557 0.043580729166666665 0.09807638888888888