2 0.9245659722222221 0.49868055555555557 0.036397569444444444 0.13103472222222223
2 0.8247092013888889 0.37893055555555555 0.027122395833333333 0.09879166666666667
2 0.8455512152777778 0.35073611111111114 0.039639756944444444 0.09593055555555555
2 0.7859852430555556 0.4217430555555555 0.027738715277777777 0.10754861111111111
2 0.6700130208333334 0.4318263888888889 0.03598090277777778 0.09615277777777778
2 0.6624696180555555 0.3765972222222222 0.03118055555555556 0.10236111111111111
2 0.6315928819444445 0.33200694444444445 0.027760416666666666 0.08729166666666667
2 0.5591449652777778 0.36967361111111113 0.020972222222222222 0.08438888888888889
2 0.534140625 0.3639097222222222 0.04216579861111111 0.08933333333333332
2 0.49623263888888886 0.3755763888888889 0.03154513888888889 0.0879513888888889
2 0.4799826388888889 0.3644583333333334 0.032491319444444444 0.09591666666666666
0 0.5796874999999999 0.39877083333333335 0.0114453125 0.03278472222222222
3 0.4524305555555556 0.4330625 0.03486111111111111 0.11783333333333333
2 0.512595486111111 0.5631875 0.032526041666666665 0.13240277777777779
2 0.39765625000000004 0.6783125 0.046267361111111106 0.16639583333333335
2 0.2710416666666667 0.35039583333333335 0.0255078125 0.091125
2 0.3323220486111111 0.3658333333333333 0.03397569444444445 0.09866666666666668
3 0.2621657986111111 0.3138263888888889 0.02748263888888889 0.10720138888888889
2 0.17596788194444446 0.41336805555555556 0.031801215277777774 0.11551388888888889
2 0.11400607638888889 0.5720833333333333 0.03958767361111111 0.15434027777777778