0 0.5068576388888889 0.7916388888888889 0.01995659722222222 0.033125
2 0.4821527777777778 0.7314027777777778 0.04786024305555556 0.18571527777777777
2 0.5143836805555556 0.4797708333333333 0.05508246527777778 0.13844444444444445
2 0.4201736111111111 0.4872222222222222 0.055603298611111115 0.14245833333333333
2 0.32536458333333335 0.5887222222222223 0.04069878472222222 0.13903472222222224
2 0.28502170138888894 0.40136805555555555 0.0554296875 0.13201388888888888
2 0.1836154513888889 0.5158055555555555 0.05956597222222223 0.17381944444444444
2 0.0640234375 0.413625 0.0475 0.13502083333333334
2 0.04621961805555555 0.7279791666666666 0.0669921875 0.18531944444444445
2 0.5652126736111112 0.27522916666666664 0.04599826388888889 0.14421527777777776
2 0.8318315972222222 0.4827777777777778 0.06856770833333332 0.14431944444444444
3 0.9615104166666667 0.7668888888888888 0.07697482638888889 0.2099097222222222