2 0.09154947916666667 0.39647222222222217 0.042947048611111115 0.12322222222222222
2 0.21063802083333333 0.2807777777777778 0.036328125 0.09627777777777777
2 0.37551649305555557 0.43843750000000004 0.04865451388888889 0.10815972222222223
2 0.3786805555555556 0.26958333333333334 0.029427083333333333 0.0825
2 0.46806423611111114 0.4205763888888889 0.04544704861111111 0.11977777777777777
2 0.6370616319444444 0.45576388888888886 0.044496527777777774 0.10622916666666667
2 0.7636501736111111 0.206625 0.027317708333333333 0.07925
2 0.8337586805555556 0.37483333333333335 0.03975694444444444 0.11654166666666667
2 0.8997439236111112 0.4070138888888889 0.04125868055555556 0.12279166666666666
2 0.8811892361111111 0.29078472222222224 0.04181423611111111 0.09693055555555556
2 0.9591623263888889 0.5560694444444445 0.05249565972222223 0.13467361111111112
3 0.9718706597222222 0.31553472222222223 0.044283854166666664 0.10769444444444445