2 0.29667968749999996 0.4360694444444445 0.04501736111111111 0.11975694444444443
2 0.27917534722222226 0.3107847222222222 0.028858506944444442 0.11265972222222222
0 0.3341840277777778 0.5062013888888889 0.023072916666666665 0.03809722222222222
2 0.5629644097222222 0.35002777777777777 0.032204861111111115 0.11788888888888888
2 0.6308246527777778 0.3171875 0.027881944444444442 0.10606249999999999
2 0.6434809027777777 0.4056041666666667 0.03164496527777778 0.09976388888888889
2 0.6426736111111111 0.5595138888888889 0.035416666666666666 0.14688194444444444
2 0.8952473958333333 0.36994444444444446 0.034236111111111106 0.10601388888888888
2 0.9726649305555556 0.31200694444444443 0.030169270833333334 0.09786111111111111
2 0.9533420138888888 0.23393055555555556 0.03327256944444444 0.08175694444444445
3 0.38557725694444445 0.2012361111111111 0.029839409722222224 0.07284722222222223