3 0.3498828125 0.44015972222222227 0.049882812500000005 0.13495138888888888
2 0.24092881944444444 0.5669861111111112 0.06287760416666667 0.1608263888888889
2 0.18290798611111111 0.4524236111111111 0.052734375 0.15114583333333334
2 0.140078125 0.5757847222222222 0.07819010416666666 0.15063888888888888
2 0.45608940972222217 0.2931944444444444 0.043541666666666666 0.13269444444444445
2 0.48733940972222217 0.3047708333333333 0.03660590277777778 0.12250694444444445
2 0.5180121527777778 0.37075694444444446 0.05483506944444445 0.1316388888888889
2 0.6078645833333334 0.42583333333333334 0.04700086805555556 0.1048125
2 0.5896397569444445 0.3774444444444444 0.04154947916666667 0.1067361111111111
2 0.6611197916666667 0.42095138888888883 0.05256076388888889 0.14930555555555555
2 0.7116102430555555 0.6049722222222222 0.056523437499999996 0.15764583333333332
2 0.9720572916666667 0.4665694444444445 0.049513888888888885 0.1344513888888889
2 0.9616493055555555 0.3422638888888889 0.05118923611111111 0.1252638888888889