0 0.6156857638888888 0.6232361111111111 0.034609375 0.059430555555555556
2 0.6864322916666666 0.5776666666666667 0.08257378472222222 0.173375
2 0.9682986111111112 0.4529166666666667 0.050095486111111115 0.14786805555555557
2 0.8450173611111111 0.36056944444444444 0.057070312500000005 0.13534027777777777
2 0.6391189236111111 0.3186805555555555 0.08866319444444444 0.12745138888888888
2 0.608298611111111 0.42398611111111106 0.05828559027777777 0.13629166666666667
2 0.5310416666666666 0.41470138888888886 0.05108506944444444 0.14514583333333334
2 0.48618489583333335 0.4072986111111111 0.048181423611111114 0.11922222222222223
2 0.4759114583333333 0.5285694444444444 0.06062065972222222 0.13399305555555555
2 0.33858940972222223 0.4466666666666667 0.059509548611111115 0.12981944444444443
2 0.27174479166666665 0.571875 0.057786458333333325 0.15439583333333334
2 0.34206163194444444 0.34575694444444444 0.06298177083333334 0.12052083333333334
2 0.2627777777777778 0.3915555555555556 0.045811631944444445 0.13219444444444445
3 0.15107638888888889 0.3818402777777778 0.04809895833333333 0.1183125
2 0.12242621527777778 0.4283541666666667 0.049826388888888885 0.1363402777777778
2 0.03792534722222222 0.5591180555555556 0.05443576388888889 0.13953472222222224