2 0.5440625 0.6065625 0.07018663194444445 0.17052777777777778
2 0.45608940972222217 0.6479861111111112 0.05395833333333333 0.1617222222222222
2 0.37028645833333335 0.7354722222222222 0.04381076388888889 0.181125
2 0.30371961805555553 0.5089236111111112 0.06501302083333332 0.14140972222222223
2 0.02286892361111111 0.5040625 0.0451171875 0.13168749999999999
3 0.2260199652777778 0.3739930555555555 0.05200954861111111 0.1362708333333333
2 0.3113932291666667 0.39063194444444443 0.05276909722222222 0.13589583333333333
0 0.4021180555555556 0.7933402777777778 0.031085069444444446 0.04686805555555555
2 0.4291753472222222 0.3017638888888889 0.03832465277777777 0.13037500000000002
2 0.48531684027777783 0.3084722222222222 0.03602430555555555 0.1187986111111111
2 0.5394314236111111 0.35591666666666666 0.029670138888888888 0.1275763888888889
2 0.6080164930555555 0.3586944444444444 0.04184461805555555 0.13313194444444446
2 0.6385416666666667 0.39760416666666665 0.03773003472222222 0.13905555555555557
2 0.7603732638888889 0.5690972222222223 0.051015625 0.13772916666666668
2 0.7023567708333334 0.5188541666666666 0.04649739583333333 0.12011111111111111
2 0.7226085069444445 0.559375 0.04842013888888889 0.12939583333333335