2 0.8156510416666667 0.27491666666666664 0.049127604166666665 0.11556944444444443
2 0.7395442708333334 0.3806805555555555 0.053159722222222226 0.12988194444444445
2 0.7321657986111112 0.6401180555555556 0.05402777777777778 0.17375694444444445
2 0.44220052083333333 0.5711527777777778 0.07826388888888888 0.1691527777777778
2 0.48922309027777783 0.3494375 0.04904947916666667 0.12017361111111112
2 0.4355425347222222 0.19854166666666664 0.04411458333333333 0.10171527777777778
2 0.28911458333333334 0.24089583333333334 0.053342013888888894 0.11697222222222223
2 0.026783854166666666 0.3505972222222222 0.04777777777777778 0.136375
2 0.10968315972222223 0.5522013888888888 0.06940104166666666 0.13540972222222222
2 0.07843315972222223 0.6475555555555556 0.041627604166666665 0.17247916666666668
0 0.7448958333333333 0.6808611111111111 0.03435329861111111 0.06079861111111111