2 0.1516753472222222 0.29494444444444445 0.039466145833333334 0.14452777777777778
3 0.20305989583333334 0.1595347222222222 0.03679253472222222 0.08828472222222222
0 0.13889756944444442 0.32330555555555557 0.017434895833333335 0.03816666666666667
2 0.29511718750000004 0.30730555555555555 0.032834201388888894 0.11025694444444445
2 0.4895225694444444 0.4574861111111111 0.04231336805555555 0.13975
2 0.53109375 0.32259722222222226 0.043159722222222224 0.14084027777777777
2 0.6898697916666667 0.25588194444444445 0.03624131944444445 0.11149305555555557
2 0.809509548611111 0.45181944444444444 0.054500868055555554 0.12968055555555555
2 0.8367404513888889 0.1810277777777778 0.03529079861111111 0.0922013888888889
2 0.9603515625000001 0.3045069444444444 0.02623263888888889 0.11594444444444445
2 0.9830251736111111 0.3743958333333333 0.033949652777777777 0.11652777777777779
2 0.9849826388888889 0.2781180555555556 0.030034722222222223 0.09953472222222223
2 0.9767534722222222 0.6038472222222222 0.04649305555555556 0.15409027777777776