0 0.31288194444444445 0.3607708333333333 0.009110243055555555 0.015548611111111112
2 0.2866449652777778 0.32361805555555556 0.027022569444444443 0.08604166666666667
2 0.08530381944444444 0.47649305555555554 0.04107638888888889 0.1325902777777778
2 0.6814236111111112 0.37664583333333335 0.03450086805555555 0.10629861111111111
2 0.7100824652777777 0.4049166666666667 0.02996527777777778 0.11424305555555556
2 0.7314409722222223 0.3191319444444444 0.028585069444444444 0.08380555555555556
2 0.8191015625 0.4467847222222222 0.04283420138888889 0.10714583333333333
2 0.9270225694444445 0.7537152777777777 0.04750868055555555 0.1471736111111111
2 0.8970182291666666 0.37697222222222226 0.028841145833333335 0.08549305555555556
2 0.9093272569444445 0.3516111111111111 0.023294270833333335 0.08661805555555556
2 0.9302213541666666 0.34684027777777776 0.022065972222222223 0.09454166666666666
3 0.34229166666666666 0.2792986111111111 0.024453125000000003 0.08089583333333333