2 0.09671440972222223 0.4744097222222222 0.033255208333333335 0.14022222222222222
2 0.3613411458333333 0.34863194444444445 0.042039930555555556 0.09349305555555555
3 0.2856857638888889 0.2525833333333333 0.03855902777777778 0.09160416666666667
2 0.573203125 0.4884097222222222 0.04055555555555555 0.13286805555555556
2 0.5610894097222222 0.3823680555555556 0.02699652777777778 0.13049305555555554
2 0.6601909722222222 0.3854791666666667 0.03773871527777778 0.11842361111111112
2 0.7254079861111111 0.47427083333333336 0.04015625 0.13872916666666668
2 0.8709635416666667 0.36081944444444447 0.03560329861111111 0.113
2 0.8998784722222223 0.34131944444444445 0.02713541666666667 0.11788888888888888
2 0.9205251736111111 0.31602777777777774 0.024231770833333333 0.12947916666666665
3 0.9724869791666667 0.39519444444444446 0.036710069444444444 0.11346527777777776