2 0.9023741319444445 0.6293680555555555 0.05868055555555555 0.16125694444444444
2 0.8552083333333333 0.738 0.05509548611111111 0.18722222222222223
2 0.7902473958333334 0.528875 0.05336805555555555 0.15155555555555555
2 0.7814626736111111 0.3910972222222222 0.03868055555555556 0.134125
2 0.7930598958333334 0.4243958333333333 0.031618923611111106 0.10622916666666667
2 0.7125520833333333 0.40595833333333337 0.040577256944444445 0.12467361111111111
2 0.7073697916666667 0.36610416666666673 0.03597222222222222 0.13252777777777777
2 0.6699956597222223 0.5444305555555555 0.05197048611111111 0.138875
2 0.6396788194444444 0.3765833333333333 0.04463541666666667 0.11893055555555555
2 0.5711284722222223 0.5167777777777778 0.04004774305555556 0.1388888888888889
2 0.5344748263888889 0.4412152777777778 0.048845486111111114 0.11681944444444445
2 0.5191362847222222 0.29468055555555556 0.031137152777777774 0.12796527777777778
2 0.4490017361111111 0.258625 0.026267361111111113 0.10425694444444444
3 0.32512586805555554 0.39547916666666666 0.03779079861111111 0.12905555555555556
2 0.39014756944444445 0.5251875 0.054040798611111114 0.13496527777777778
2 0.1705685763888889 0.5046805555555556 0.05996961805555555 0.153875
2 0.24085069444444443 0.6847222222222222 0.062248263888888884 0.1498125
0 0.25993489583333335 0.7364652777777778 0.018315972222222223 0.03896527777777778