2 0.19824652777777776 0.49570138888888887 0.05563368055555556 0.14604166666666668
2 0.083359375 0.40822222222222226 0.044609375 0.13774305555555555
2 0.3513324652777778 0.39063194444444443 0.07361111111111111 0.13589583333333333
2 0.5861675347222222 0.2702847222222222 0.03807725694444444 0.11186805555555555
2 0.9295269097222223 0.4892222222222222 0.056388888888888884 0.16085416666666666
2 0.6132291666666667 0.7257499999999999 0.07309895833333332 0.17835416666666665
2 0.4203515625 0.6739097222222222 0.05713541666666666 0.1635625
2 0.46881944444444446 0.5165347222222222 0.048177083333333336 0.13214583333333332
2 0.4980425347222222 0.5179513888888889 0.04963107638888889 0.14280555555555555
2 0.07033854166666667 0.7567638888888889 0.07412326388888889 0.18481944444444443
0 0.5949913194444444 0.7741319444444444 0.029683159722222224 0.05567361111111111