2 0.05217013888888889 0.34061111111111114 0.03501302083333333 0.09820138888888888
2 0.08151909722222223 0.2945763888888889 0.030772569444444446 0.08865972222222222
2 0.32647569444444446 0.3619861111111111 0.03166666666666666 0.096375
2 0.27979600694444445 0.5494652777777778 0.04766927083333333 0.13129166666666667
2 0.48322482638888886 0.5572152777777778 0.05732638888888889 0.14349305555555555
2 0.39342881944444447 0.28110416666666665 0.032491319444444444 0.08483333333333333
2 0.4385590277777778 0.25693055555555555 0.03299045138888889 0.08435416666666666
3 0.44898003472222225 0.3490138888888889 0.030104166666666668 0.09684027777777778
0 0.4634722222222222 0.28202083333333333 0.013693576388888889 0.02888888888888889
2 0.4945182291666666 0.2754166666666667 0.03658420138888889 0.08830555555555555
2 0.5287109375000001 0.24934027777777779 0.02759548611111111 0.08897916666666666
2 0.5905598958333333 0.2802013888888889 0.0305859375 0.08797222222222223
2 0.6042274305555556 0.25445833333333334 0.02800347222222222 0.06949999999999999
2 0.6279036458333334 0.28102083333333333 0.030985243055555556 0.09291666666666668
2 0.4411892361111111 0.36881250000000004 0.034127604166666665 0.09682638888888889
2 0.9757638888888889 0.576048611111111 0.04552517361111111 0.1345
2 0.9730468750000001 0.4026180555555555 0.03723958333333333 0.12135416666666667
2 0.9763324652777777 0.28505555555555556 0.03523871527777778 0.10794444444444444
2 0.8605685763888888 0.28402777777777777 0.039422743055555556 0.09903472222222223