2 0.030924479166666668 0.59875 0.04969618055555555 0.15491666666666667
2 0.02513888888888889 0.38806944444444447 0.04970052083333334 0.11318055555555555
2 0.2446831597222222 0.47457638888888887 0.06367621527777778 0.13374305555555555
2 0.4623524305555555 0.5856805555555555 0.04373263888888889 0.12602777777777777
2 0.5100086805555555 0.5608611111111111 0.050837673611111106 0.11736805555555554
2 0.5622222222222222 0.4255069444444445 0.032903645833333335 0.09478472222222223
2 0.44264756944444444 0.39055555555555554 0.03989583333333333 0.09545833333333334
2 0.34427083333333336 0.32669444444444445 0.03521701388888889 0.08838194444444444
2 0.591171875 0.39090277777777777 0.04100694444444444 0.10752777777777778
2 0.7522178819444444 0.35310416666666666 0.03729166666666667 0.08656944444444445
2 0.8197309027777778 0.6540972222222222 0.04426649305555555 0.15131944444444445
2 0.825859375 0.3611875 0.030911458333333332 0.10501388888888889
2 0.9368229166666667 0.39499999999999996 0.052235243055555554 0.12483333333333332
2 0.3868229166666667 0.36893055555555554 0.03694010416666667 0.09136111111111112
3 0.3093532986111111 0.40626388888888887 0.04932291666666667 0.1077638888888889