2 0.44462673611111114 0.5971458333333334 0.05255642361111111 0.1324722222222222
2 0.41835503472222224 0.42209027777777774 0.038033854166666665 0.11379166666666668
2 0.3536197916666667 0.3721597222222222 0.044908854166666665 0.08943749999999999
2 0.5793489583333333 0.552375 0.04930989583333333 0.11004861111111111
2 0.4769748263888889 0.32790277777777777 0.026796875 0.07643749999999999
2 0.6457552083333333 0.47727777777777775 0.04446180555555555 0.121375
2 0.77546875 0.5187152777777778 0.05611111111111111 0.12453472222222223
2 0.7166319444444444 0.4005972222222222 0.04069878472222222 0.11065277777777778
2 0.6958637152777778 0.48304861111111114 0.047664930555555554 0.1371111111111111
2 0.29182291666666665 0.3566875 0.03605902777777778 0.08902083333333333
2 0.17159722222222223 0.41406944444444443 0.030963541666666667 0.0990625
2 0.19132378472222222 0.4287777777777778 0.03002604166666667 0.09282638888888887
2 0.07339409722222222 0.33094444444444443 0.033702256944444446 0.0977013888888889