2 0.1958420138888889 0.5529097222222222 0.06703125 0.12804166666666666
2 0.5505555555555556 0.5015138888888888 0.07044270833333334 0.145625
2 0.49312500000000004 0.33875694444444443 0.0394921875 0.11177777777777778
2 0.5450607638888889 0.34292361111111114 0.04208767361111111 0.12936805555555556
2 0.44755642361111114 0.7140486111111112 0.06120225694444444 0.15402083333333333
2 0.5829644097222223 0.7196041666666667 0.05423611111111111 0.1466111111111111
0 0.5081727430555555 0.7075555555555556 0.023289930555555553 0.048451388888888884
2 0.7312586805555555 0.5270347222222221 0.05994357638888889 0.12497222222222223
2 0.8245920138888888 0.6454097222222223 0.057074652777777776 0.16311805555555556
2 0.8656857638888888 0.38813194444444443 0.04868055555555555 0.11285416666666666
2 0.9611154513888889 0.3686736111111111 0.041623263888888894 0.14102777777777778
2 0.8649305555555555 0.4997916666666667 0.03543402777777778 0.11073611111111112
2 0.8701302083333333 0.6093055555555555 0.04918402777777778 0.14727083333333332
2 0.4858854166666667 0.20977083333333332 0.04220486111111111 0.10233333333333335