2 0.1869574652777778 0.45358333333333334 0.04694878472222222 0.1673472222222222
2 0.3774262152777778 0.32185416666666666 0.044657118055555556 0.12259722222222222
2 0.43118055555555557 0.24157638888888888 0.030885416666666665 0.11417361111111111
2 0.45001736111111107 0.26417361111111115 0.0382421875 0.10865972222222223
2 0.646423611111111 0.1796597222222222 0.036909722222222226 0.1028125
2 0.7989539930555556 0.3857847222222222 0.055325520833333336 0.14461805555555557
2 0.6812239583333333 0.5559027777777777 0.05001302083333334 0.17615277777777777
2 0.8063064236111112 0.7109583333333334 0.07003038194444444 0.18638194444444445
2 0.910920138888889 0.5586666666666666 0.07253472222222222 0.17064583333333333
2 0.33654947916666667 0.7859236111111111 0.06901909722222223 0.13786111111111113
2 0.38157552083333335 0.7952916666666667 0.08189236111111112 0.16761805555555556
3 0.21123697916666667 0.3980972222222222 0.045785590277777774 0.13616666666666669
3 0.013897569444444445 0.12218749999999999 0.02779079861111111 0.09372916666666667
0 0.40075520833333333 0.8603263888888888 0.035269097222222226 0.0479375