2 0.23596788194444443 0.29666666666666663 0.04036024305555555 0.10721527777777777
2 0.3821701388888889 0.37949305555555557 0.04641059027777778 0.11074999999999999
2 0.47013454861111115 0.4093333333333334 0.03732204861111111 0.09994444444444443
2 0.556484375 0.30775694444444446 0.0366796875 0.10672222222222223
2 0.6543619791666667 0.669625 0.06435763888888889 0.16589583333333333
2 0.6572829861111111 0.24090972222222223 0.028923611111111112 0.07830555555555556
2 0.8010980902777778 0.3848958333333333 0.04064236111111111 0.10746527777777778
2 0.8829340277777777 0.4117430555555555 0.039114583333333335 0.1364861111111111
3 0.9531814236111111 0.4286597222222222 0.03864149305555556 0.11393055555555556
2 0.9398524305555556 0.3056527777777778 0.022994791666666667 0.10052083333333334
2 0.9803862847222222 0.34125 0.03357638888888889 0.10827777777777776