2 0.14274739583333332 0.35020833333333334 0.028194444444444442 0.10541666666666667
2 0.24875 0.4338263888888889 0.03766927083333334 0.1208125
2 0.3211848958333333 0.36764583333333334 0.026306423611111112 0.09769444444444444
2 0.33989583333333334 0.40731249999999997 0.031171874999999998 0.10997222222222224
2 0.43190972222222224 0.402375 0.041566840277777774 0.11614583333333334
2 0.3819487847222222 0.29808333333333337 0.04196614583333333 0.10622916666666667
2 0.5154383680555555 0.31490277777777775 0.036532118055555556 0.1114861111111111
2 0.6623350694444444 0.3533125 0.033216145833333335 0.10316666666666667
2 0.6956119791666667 0.35454861111111113 0.030316840277777774 0.10440277777777777
2 0.6282899305555555 0.4809027777777778 0.05155381944444445 0.13129166666666667
2 0.5758159722222222 0.5290416666666667 0.056966145833333336 0.13871527777777778
3 0.5107118055555556 0.44480555555555557 0.04714409722222222 0.12202083333333334
2 0.9217578125 0.42290972222222223 0.0440625 0.14034027777777777
2 0.9562586805555555 0.4806041666666667 0.02650607638888889 0.11724305555555556
2 0.981657986111111 0.45178472222222227 0.028059895833333334 0.12404861111111111
2 0.9623741319444444 0.4184027777777778 0.03309461805555555 0.0891736111111111