3 0.11953124999999999 0.3934097222222222 0.054457465277777777 0.13589583333333333
2 0.05717013888888889 0.29666666666666663 0.04605034722222222 0.12575
2 0.02244357638888889 0.34874305555555557 0.0448828125 0.16044444444444445
2 0.4472612847222222 0.24784027777777776 0.041514756944444446 0.10863888888888888
2 0.5453602430555555 0.1849097222222222 0.04701388888888888 0.095
2 0.5295876736111111 0.35964583333333333 0.05946180555555555 0.12052777777777778
2 0.5818185763888889 0.5603055555555556 0.07131510416666667 0.1497638888888889
2 0.2941710069444444 0.5077638888888889 0.06328125000000001 0.1298402777777778
2 0.31269097222222225 0.39991666666666664 0.04359809027777778 0.12887500000000002
2 0.3031467013888889 0.32629861111111114 0.03453559027777778 0.09055555555555556
2 0.6669053819444444 0.33231249999999996 0.043302951388888886 0.11370138888888888
0 0.6540277777777779 0.2971388888888889 0.012335069444444445 0.043354166666666666
2 0.6810807291666667 0.26568055555555553 0.03945746527777778 0.10290277777777779
2 0.9499218749999999 0.6248750000000001 0.06427951388888889 0.16784027777777777
2 0.9810460069444444 0.4600625 0.03790364583333333 0.14142361111111112