2 0.7623741319444445 0.5181527777777778 0.03248263888888889 0.11488888888888889
2 0.7754470486111111 0.4659097222222222 0.03140625 0.10541666666666667
2 0.7422916666666667 0.45218749999999996 0.04098524305555556 0.10964583333333332
2 0.653125 0.3862222222222222 0.03916232638888889 0.1096875
2 0.620056423611111 0.41683333333333333 0.0340625 0.10228472222222222
2 0.5782378472222223 0.3641736111111111 0.03208333333333333 0.09198611111111112
2 0.5394791666666667 0.41780555555555554 0.04034288194444444 0.09234722222222222
2 0.5515581597222222 0.3884513888888889 0.033988715277777776 0.08247222222222222
2 0.4237109375 0.3476666666666667 0.03068576388888889 0.08932638888888889
2 0.3984765625 0.3792013888888889 0.02970486111111111 0.07056944444444445
3 0.3041145833333333 0.42583333333333334 0.019969618055555555 0.11763888888888889
2 0.32250434027777775 0.4751736111111111 0.03200520833333333 0.11074999999999999
2 0.29796875 0.3459513888888889 0.03490017361111111 0.07797916666666667
2 0.26980902777777777 0.3451597222222222 0.03383680555555555 0.09750694444444444
2 0.205234375 0.36838194444444444 0.0251171875 0.10171527777777778
2 0.152109375 0.6439652777777778 0.05660590277777777 0.1461111111111111
2 0.5285112847222222 0.5852777777777778 0.051679687499999995 0.14083333333333334