2 0.12723958333333335 0.6540416666666667 0.05513020833333333 0.1644027777777778
2 0.16400173611111113 0.41843055555555553 0.029127604166666668 0.11861111111111113
2 0.14536024305555556 0.31269444444444444 0.04383680555555555 0.13055555555555556
2 0.4896744791666667 0.2778888888888889 0.04321614583333333 0.12036111111111111
2 0.48670138888888886 0.5090069444444445 0.04766927083333333 0.15240277777777778
2 0.5953428819444445 0.6206805555555556 0.0644140625 0.11906944444444445
2 0.5597743055555555 0.6014305555555555 0.0512109375 0.15187499999999998
0 0.5502734375 0.6556180555555555 0.020321180555555554 0.051097222222222224
2 0.6108116319444444 0.5056805555555555 0.05821614583333333 0.13624999999999998
2 0.8094184027777778 0.6690208333333333 0.054353298611111114 0.18010416666666668
2 0.8385286458333333 0.4804375 0.047213541666666664 0.1713263888888889
2 0.7785980902777778 0.34525 0.04470920138888889 0.12436805555555555