2 0.08850694444444444 0.3583611111111111 0.024730902777777775 0.09793055555555556
2 0.20522135416666665 0.37753472222222223 0.030039062499999998 0.10282638888888888
2 0.17353298611111112 0.32727083333333334 0.031297743055555556 0.08443055555555555
2 0.37519531250000004 0.3262569444444444 0.03795572916666667 0.1047013888888889
2 0.42077256944444447 0.3983958333333334 0.02835503472222222 0.11109722222222221
2 0.33912760416666665 0.5861388888888889 0.05136284722222222 0.13172916666666667
2 0.517677951388889 0.5912361111111111 0.04369791666666667 0.15869444444444444
2 0.4849869791666667 0.40574305555555557 0.027526041666666667 0.11009722222222222
3 0.5032595486111111 0.395625 0.027178819444444443 0.10276388888888888
2 0.47796006944444447 0.29838194444444444 0.026145833333333333 0.07125
2 0.5285980902777778 0.3194097222222222 0.027300347222222222 0.08391666666666667
2 0.5698914930555555 0.3323333333333333 0.03068576388888889 0.08441666666666667
2 0.579921875 0.28799305555555554 0.015260416666666665 0.06770833333333333
2 0.589375 0.30464583333333334 0.01716579861111111 0.08248611111111111
2 0.6637890624999999 0.33816666666666667 0.03471354166666667 0.09100694444444445
2 0.8868229166666667 0.33215972222222223 0.03536458333333334 0.11950694444444444
2 0.9559027777777778 0.32319444444444445 0.035381944444444445 0.11029861111111113
3 0.0210546875 0.29922916666666666 0.042109375 0.10922222222222222