2 0.688984375 0.6435277777777777 0.05978732638888889 0.1879236111111111
2 0.823302951388889 0.4080486111111111 0.04146701388888889 0.1254513888888889
2 0.7520572916666667 0.2619097222222222 0.04223090277777777 0.10904861111111111
2 0.5569357638888889 0.43928472222222226 0.02856770833333333 0.12753472222222223
2 0.5080078125 0.4112222222222222 0.04479600694444444 0.15513194444444445
2 0.47327256944444446 0.33994444444444444 0.02851128472222222 0.1265
2 0.3715364583333333 0.39091666666666663 0.039496527777777776 0.1364861111111111
2 0.3698654513888889 0.31401388888888887 0.038723958333333336 0.11581250000000001
2 0.31360243055555553 0.3783680555555556 0.04286024305555555 0.12098611111111111
2 0.9907118055555555 0.5394583333333334 0.01857638888888889 0.10918749999999999
3 0.13086805555555556 0.19761111111111113 0.027821180555555554 0.09777083333333333
2 0.0286328125 0.3065902777777778 0.025967881944444444 0.10625
2 0.050980902777777774 0.3147152777777778 0.025151909722222223 0.11950694444444444
2 0.048328993055555554 0.4375972222222222 0.052890625 0.12486805555555555
0 0.05740017361111111 0.4704652777777778 0.019288194444444445 0.028020833333333335
2 0.09922309027777779 0.45234722222222223 0.04184027777777778 0.15038888888888888
3 0.1452560763888889 0.49497916666666664 0.04600260416666666 0.14886805555555555
2 0.29042534722222224 0.6373125000000001 0.04705729166666667 0.1592222222222222
2 0.3408506944444445 0.8091736111111112 0.056892361111111116 0.18972916666666664