2 0.3184592013888889 0.3398888888888889 0.03319878472222222 0.09877083333333332
2 0.48272135416666667 0.6421736111111112 0.06098958333333334 0.14397222222222222
2 0.37907118055555555 0.35688888888888887 0.04728732638888889 0.1056875
2 0.5534809027777778 0.3794444444444444 0.03523003472222222 0.10870833333333332
2 0.7724348958333334 0.5251736111111112 0.04834635416666667 0.13250694444444444
2 0.6386197916666667 0.3377847222222222 0.02882378472222222 0.10056944444444443
2 0.7579600694444444 0.30650694444444443 0.04572048611111111 0.09815972222222222
2 0.8289105902777778 0.2899652777777778 0.046649305555555555 0.09514583333333333
2 0.9156467013888889 0.33493055555555556 0.041558159722222224 0.09184722222222222
2 0.9439322916666667 0.2905625 0.03610243055555556 0.09634722222222222
3 0.7117274305555555 0.34665972222222224 0.03595486111111111 0.1092986111111111
2 0.7098480902777777 0.28725694444444444 0.03219618055555556 0.08371527777777778
0 0.3388541666666667 0.28153472222222226 0.011961805555555555 0.018145833333333333
2 0.4464496527777777 0.2580763888888889 0.03731336805555555 0.05543055555555555