2 0.06211805555555556 0.7605833333333334 0.07194878472222223 0.18734027777777776
2 0.2235199652777778 0.4261388888888889 0.045668402777777777 0.12927083333333333
2 0.3895052083333333 0.4780486111111111 0.03896267361111111 0.13565972222222222
2 0.35103732638888885 0.28749305555555554 0.03190972222222222 0.09366666666666666
2 0.4089279513888889 0.284 0.02814236111111111 0.08810416666666666
2 0.4800303819444445 0.32838194444444446 0.02939670138888889 0.08265972222222222
2 0.49260850694444447 0.3106875 0.024218749999999997 0.08152777777777778
2 0.5202604166666667 0.4493125 0.03669704861111111 0.1146875
3 0.5487586805555555 0.38880555555555557 0.03392361111111111 0.10216666666666667
2 0.6495269097222223 0.38245833333333334 0.028485243055555554 0.09090277777777778
2 0.6738324652777777 0.31018055555555557 0.03694878472222222 0.0905138888888889
0 0.7239192708333334 0.3213958333333333 0.013116319444444444 0.025868055555555554
2 0.8158767361111111 0.32766666666666666 0.03823784722222222 0.08979166666666667
2 0.8897352430555555 0.3437152777777778 0.03250434027777778 0.08621527777777778
2 0.8899565972222222 0.4426875 0.03920138888888888 0.11572222222222221
2 0.9596918402777779 0.4506805555555556 0.04038628472222222 0.1145763888888889
2 0.9853602430555556 0.5206041666666666 0.029279513888888886 0.11738888888888889
2 0.6403255208333333 0.6247361111111112 0.04398871527777778 0.13724305555555555