2 0.2886197916666667 0.5899375 0.039388020833333336 0.16563194444444443
2 0.4181119791666667 0.38366666666666666 0.04356770833333333 0.12750694444444446
2 0.445 0.25353472222222223 0.03575954861111111 0.08840277777777777
2 0.48385850694444443 0.38278472222222226 0.04231336805555555 0.13451388888888888
2 0.46757812499999996 0.5301041666666667 0.050802951388888885 0.1357361111111111
2 0.5943489583333333 0.5889930555555556 0.045698784722222226 0.13526388888888888
2 0.7423307291666666 0.5629375 0.06384548611111111 0.15760416666666666
2 0.8048611111111111 0.6769791666666667 0.05479166666666666 0.18862500000000001
2 0.4588888888888889 0.6482013888888889 0.05395399305555556 0.12888194444444445
2 0.4656597222222223 0.6983333333333334 0.03602864583333334 0.11090277777777777
0 0.44506944444444446 0.6948402777777778 0.01810763888888889 0.042604166666666665
3 0.8249479166666667 0.43411805555555555 0.051171875000000006 0.12113194444444444
2 0.9472743055555556 0.42886805555555557 0.06043402777777778 0.12813888888888889
2 0.9491883680555555 0.6977222222222222 0.05879340277777778 0.18411805555555555
3 0.14198350694444445 0.18456944444444442 0.04033420138888889 0.09506944444444444