2 0.015911458333333333 0.4257430555555556 0.031822916666666666 0.13664583333333333
3 0.1651519097222222 0.3737291666666666 0.036467013888888886 0.12407638888888887
2 0.20524739583333332 0.48765972222222226 0.050230034722222226 0.12452083333333333
2 0.2909722222222222 0.5525208333333333 0.045568576388888886 0.13313194444444446
2 0.35507378472222223 0.2910625 0.04091145833333334 0.099625
2 0.2925954861111111 0.2673402777777778 0.02872829861111111 0.10161805555555556
2 0.4266276041666667 0.37853472222222223 0.03571180555555556 0.116375
2 0.5838932291666666 0.38952777777777775 0.03508680555555556 0.11611805555555556
2 0.6374131944444444 0.5606458333333334 0.047890625 0.13949305555555555
2 0.7738411458333334 0.2787013888888889 0.0333984375 0.11445833333333333
2 0.8579427083333333 0.43091666666666667 0.05174913194444444 0.12227083333333333
0 0.7056467013888889 0.3163958333333333 0.012877604166666667 0.029180555555555557