1 0.2676605902777778 0.3002222222222222 0.05974392361111111 0.12840277777777778
2 0.1255295138888889 0.6502013888888889 0.05325520833333333 0.1367013888888889
2 0.18270399305555554 0.6384861111111111 0.042608506944444444 0.12160416666666668
2 0.23889756944444443 0.6400972222222222 0.056809895833333325 0.17795833333333333
2 0.3523263888888889 0.5675902777777778 0.05217881944444444 0.13963194444444443
2 0.4055685763888889 0.4117152777777778 0.05430989583333333 0.15138888888888888
2 0.6580338541666666 0.3525416666666667 0.04013888888888889 0.12748611111111113
2 0.7117664930555556 0.49124305555555553 0.04510416666666667 0.16177083333333334
2 0.6025651041666666 0.7346111111111111 0.0732986111111111 0.16940277777777776
2 0.7654123263888889 0.3900347222222222 0.05239149305555555 0.12530555555555556
2 0.7832682291666667 0.2860972222222222 0.02671875 0.09738194444444444
2 0.8435373263888889 0.31706249999999997 0.041970486111111115 0.1156875
2 0.8786371527777779 0.27706250000000004 0.0325390625 0.10679861111111111
3 0.9306076388888889 0.47291666666666665 0.05056857638888889 0.12379861111111112
3 0.9780598958333333 0.1915486111111111 0.03508246527777778 0.07505555555555556