0 0.5133116319444445 0.6647152777777778 0.028650173611111114 0.052111111111111115
2 0.03547743055555555 0.512625 0.05822048611111111 0.1784861111111111
2 0.1406640625 0.43183333333333335 0.05158420138888889 0.16968055555555556
2 0.40059895833333337 0.35960416666666667 0.05496527777777778 0.13633333333333333
2 0.45049045138888894 0.6186041666666666 0.036749131944444444 0.14984027777777778
2 0.4702083333333333 0.5402986111111111 0.033789062499999994 0.0916875
2 0.6959852430555555 0.4335486111111111 0.0312890625 0.11888194444444444
3 0.6811197916666667 0.3987847222222222 0.02891493055555556 0.09969444444444445
2 0.6844053819444444 0.33343055555555556 0.035481770833333336 0.07400694444444444
2 0.8127517361111111 0.2831666666666667 0.03306857638888889 0.07764583333333333
2 0.8927604166666667 0.378875 0.0473828125 0.10800694444444445
2 0.9083984374999999 0.26507638888888885 0.03215711805555556 0.09048611111111111
2 0.9745746527777778 0.3184375 0.04279513888888889 0.10748611111111112
2 0.9555598958333333 0.49230555555555555 0.04579861111111111 0.13793055555555556
3 0.015334201388888889 0.2239375 0.030672743055555556 0.08129861111111111