3 0.28036024305555557 0.3878402777777778 0.03150173611111111 0.10947916666666667
2 0.12489583333333333 0.37175694444444446 0.046085069444444446 0.11202777777777777
2 0.14522135416666665 0.7364861111111111 0.05636284722222223 0.167875
2 0.4867621527777778 0.6375138888888888 0.0493359375 0.1435486111111111
2 0.35689670138888885 0.4618888888888889 0.03565104166666667 0.10870138888888889
2 0.3173003472222222 0.329875 0.017643229166666666 0.08762500000000001
2 0.42031684027777777 0.3603819444444445 0.0258203125 0.07845138888888889
2 0.4311979166666667 0.2977430555555556 0.025655381944444444 0.08275694444444445
2 0.49433593750000004 0.3403541666666667 0.02538628472222222 0.08969444444444444
2 0.5110069444444444 0.36802083333333335 0.020564236111111113 0.0952361111111111
2 0.5688845486111112 0.3146111111111111 0.022916666666666665 0.08057638888888889
2 0.6965277777777777 0.5546249999999999 0.04003038194444444 0.11330555555555555
2 0.7041493055555555 0.4375 0.026588541666666667 0.10852083333333334
2 0.7211328125 0.3677638888888889 0.035243055555555555 0.10401388888888889
2 0.7968272569444445 0.4424513888888889 0.036471354166666664 0.11302083333333333
2 0.9095616319444445 0.5164722222222222 0.03923177083333333 0.12338194444444443