2 0.5854470486111111 0.5142152777777778 0.059201388888888894 0.1719513888888889
2 0.37231336805555554 0.4896875 0.08953559027777777 0.16733333333333333
2 0.24874565972222223 0.47047916666666667 0.06461805555555555 0.13170138888888888
2 0.26972222222222225 0.3455 0.045811631944444445 0.14840972222222223
2 0.08842013888888889 0.33925 0.04258680555555556 0.13869444444444445
2 0.42700520833333333 0.28231944444444446 0.03919270833333333 0.1359375
2 0.5021006944444444 0.34874305555555557 0.04181857638888889 0.15488888888888888
3 0.6003472222222223 0.3137986111111111 0.04907552083333333 0.13777777777777778
2 0.6881770833333333 0.27398611111111115 0.045911458333333335 0.12483333333333332
2 0.6557638888888889 0.1809513888888889 0.040117187500000005 0.09431250000000001
2 0.8636892361111111 0.30315277777777777 0.058398437500000004 0.11093055555555556
2 0.8639800347222222 0.24320833333333336 0.0555078125 0.11049305555555557
2 0.7457682291666666 0.4068333333333334 0.07428819444444444 0.1182986111111111
2 0.9275 0.33231249999999996 0.05581163194444445 0.13036111111111112
2 0.9610633680555556 0.30895833333333333 0.047204861111111114 0.11911805555555556
0 0.5970182291666667 0.5683888888888889 0.030264756944444447 0.041402777777777774