2 0.26740885416666665 0.6079513888888889 0.048125 0.17330555555555555
2 0.10245659722222222 0.4744097222222222 0.0480859375 0.13679166666666667
2 0.3657986111111111 0.3350902777777778 0.04004774305555556 0.10259027777777777
2 0.25626736111111115 0.3059305555555556 0.037994791666666666 0.09427083333333333
2 0.30792100694444446 0.26056944444444446 0.028459201388888886 0.08132638888888889
2 0.3192057291666667 0.3332569444444444 0.03230902777777778 0.09552083333333335
2 0.59875 0.324 0.0461328125 0.08625694444444444
2 0.6408550347222222 0.3325625 0.05046440972222222 0.10524305555555556
2 0.8827821180555556 0.45893055555555556 0.06313802083333334 0.11361805555555557
2 0.5651822916666667 0.47768055555555555 0.05424479166666667 0.14001388888888888
1 0.9604861111111112 0.3739930555555555 0.048359375 0.10850000000000001
2 0.8181032986111112 0.6181666666666666 0.055338541666666664 0.16181944444444446
0 0.3863454861111111 0.3559236111111111 0.018637152777777777 0.03315277777777778