2 0.2250390625 0.5709791666666667 0.02831597222222222 0.11437499999999999
1 0.19002604166666667 0.40536805555555555 0.05204427083333333 0.11370138888888888
2 0.2941666666666667 0.5032430555555555 0.036362847222222223 0.09278472222222223
2 0.25345486111111115 0.57325 0.04000868055555556 0.12168749999999999
2 0.33574652777777775 0.4731944444444444 0.030985243055555556 0.14102777777777778
2 0.36470920138888885 0.5363402777777778 0.03435329861111111 0.12157638888888889
2 0.60375 0.3925416666666667 0.03573784722222222 0.11860416666666666
2 0.7477647569444444 0.3527222222222222 0.019947916666666666 0.09452083333333335
2 0.7665972222222223 0.3731319444444444 0.03439236111111111 0.1063263888888889
2 0.8296527777777778 0.4306944444444445 0.04136284722222222 0.12824305555555554
2 0.7423828125 0.5220416666666666 0.04737847222222222 0.10260416666666666
3 0.7845399305555555 0.5746319444444444 0.03323784722222222 0.14777777777777779
3 0.8801128472222222 0.27886805555555555 0.02437934027777778 0.08374305555555556