2 0.14731770833333335 0.44984027777777774 0.03805989583333333 0.1415625
2 0.32549913194444446 0.32076388888888885 0.032239583333333335 0.08757638888888888
0 0.32174045138888885 0.37248611111111113 0.017209201388888887 0.022611111111111113
2 0.5575868055555556 0.4196736111111111 0.03404079861111112 0.09894444444444443
2 0.7741883680555556 0.4013333333333333 0.03494357638888889 0.11638888888888889
2 0.8242708333333333 0.3307569444444445 0.033845486111111114 0.09497222222222222
2 0.857482638888889 0.3962361111111111 0.041558159722222224 0.10234722222222221
2 0.9182638888888888 0.2556319444444445 0.028715277777777777 0.09304166666666666
2 0.9744097222222222 0.5047708333333334 0.037500000000000006 0.13897222222222222
2 0.9743532986111111 0.627826388888889 0.05129340277777778 0.1576736111111111
2 0.8187109375 0.6760069444444444 0.053619791666666666 0.15023611111111113
3 0.47193576388888886 0.22530555555555556 0.026046006944444443 0.06542361111111111