0 0.17558159722222222 0.5262361111111111 0.02416232638888889 0.02338888888888889
2 0.14677083333333335 0.34594444444444444 0.03990017361111112 0.1155763888888889
2 0.258515625 0.3783680555555556 0.03980034722222223 0.1021736111111111
2 0.2627083333333333 0.26040972222222225 0.04119357638888889 0.08983333333333335
2 0.40120659722222224 0.4559375 0.04917534722222222 0.12036111111111111
2 0.46683159722222217 0.22895833333333332 0.023220486111111112 0.08003472222222222
2 0.6139149305555556 0.45705555555555555 0.05012152777777778 0.12259027777777778
3 0.6107769097222222 0.33238194444444447 0.029869791666666663 0.1192013888888889
2 0.5865104166666666 0.27102777777777776 0.026749131944444445 0.09430555555555556
2 0.7352256944444444 0.33489583333333334 0.046436631944444445 0.10745833333333334
2 0.8420269097222222 0.4031041666666667 0.046927083333333335 0.12089583333333334
2 0.7959331597222222 0.3919236111111111 0.045572916666666664 0.10970833333333332
2 0.9782248263888889 0.3209166666666667 0.032838541666666665 0.11583333333333334