2 0.9874435763888889 0.34442361111111114 0.02511284722222222 0.12395138888888889
2 0.8921788194444444 0.5972986111111112 0.045546875 0.15790277777777778
3 0.6869965277777778 0.41470138888888886 0.04376736111111111 0.14655555555555555
2 0.6559809027777779 0.5697777777777778 0.0476171875 0.1693611111111111
2 0.6479427083333333 0.6624791666666667 0.04174045138888889 0.16654166666666667
2 0.5071093750000001 0.5289166666666667 0.06591579861111112 0.1328125
2 0.5085199652777779 0.47497222222222224 0.046783854166666666 0.15040277777777777
2 0.5338845486111111 0.3181805555555556 0.03320746527777778 0.13295138888888888
2 0.6169704861111112 0.23019444444444445 0.03547309027777778 0.10252083333333332
3 0.6008116319444444 0.12148611111111111 0.029036458333333334 0.07332638888888889
2 0.42804253472222226 0.31572222222222224 0.030125868055555553 0.12426388888888888
2 0.3491927083333333 0.6682083333333334 0.0648046875 0.15119444444444444
2 0.3388802083333333 0.6520277777777778 0.057070312500000005 0.169125
0 0.3076605902777778 0.7304166666666666 0.022838541666666667 0.04223611111111111