3 0.854140625 0.48135416666666664 0.049713541666666666 0.13400694444444444
2 0.8095746527777777 0.4630694444444445 0.04739149305555555 0.15021527777777777
2 0.7145138888888889 0.6850208333333333 0.08122395833333333 0.17466666666666666
2 0.9400824652777777 0.6746388888888889 0.07006944444444445 0.19886805555555556
2 0.8169444444444445 0.5901597222222222 0.07848958333333333 0.1539375
2 0.2273220486111111 0.5582222222222223 0.07892361111111111 0.15670833333333334
2 0.36868489583333336 0.4695763888888889 0.06181423611111111 0.1367708333333333
2 0.32180555555555557 0.4836944444444444 0.04446180555555555 0.1335347222222222
2 0.24338541666666666 0.38371527777777775 0.041588541666666666 0.11127777777777778
2 0.153671875 0.4265277777777778 0.062443576388888894 0.1265625
2 0.23022135416666664 0.34434722222222225 0.027569444444444445 0.09888194444444444
0 0.3332421875 0.39735416666666673 0.0322265625 0.04655555555555556
3 0.30039930555555555 0.20918750000000003 0.04813368055555556 0.0896736111111111