2 0.24844618055555553 0.5425555555555556 0.05650173611111112 0.16751388888888888
0 0.25625 0.5608125 0.01730034722222222 0.04060416666666666
2 0.19151041666666668 0.38297916666666665 0.04317708333333334 0.13265972222222222
2 0.38398003472222225 0.4436388888888889 0.04793402777777778 0.12120138888888889
2 0.5640624999999999 0.30864583333333334 0.03177951388888889 0.10904861111111111
3 0.8022786458333333 0.3730833333333333 0.03539496527777777 0.0974375
2 0.8807118055555556 0.3760902777777778 0.02822916666666667 0.13586805555555556
2 0.9631336805555555 0.4570416666666667 0.039648437499999994 0.13565972222222222
2 0.7578038194444444 0.29804166666666665 0.03232638888888889 0.09865277777777778
2 0.7589626736111111 0.2553680555555556 0.023064236111111112 0.09512499999999999
2 0.7664366319444444 0.5117222222222222 0.05055989583333333 0.1276875
2 0.7642664930555555 0.517125 0.027886284722222224 0.1415763888888889