3 0.5641927083333333 0.3793472222222222 0.02780815972222222 0.10054166666666667
2 0.12879774305555555 0.3800902777777778 0.033754340277777774 0.10202777777777777
2 0.14558159722222222 0.5113402777777778 0.036848958333333334 0.11602777777777779
2 0.21028211805555555 0.38948611111111114 0.03005208333333333 0.1069375
2 0.31826822916666664 0.3687847222222222 0.05258246527777778 0.1094722222222222
2 0.3713671875 0.5595 0.04493055555555556 0.1580763888888889
2 0.4636979166666666 0.4754097222222222 0.03602430555555555 0.12121527777777778
2 0.48629774305555556 0.24915277777777775 0.03174045138888889 0.07348611111111111
2 0.6940581597222222 0.28804166666666664 0.023650173611111113 0.08460416666666666
2 0.5832899305555556 0.4041111111111111 0.038164062500000005 0.09715277777777778
2 0.6651215277777778 0.4893125 0.03522135416666667 0.11769444444444443
2 0.8814756944444445 0.35513194444444446 0.03216145833333333 0.11045138888888889
2 0.9158506944444444 0.4173611111111111 0.024522569444444444 0.10156944444444443
2 0.889140625 0.7315833333333334 0.04799045138888888 0.15053472222222222
2 0.9566796875 0.4487430555555556 0.0275 0.08565972222222222
2 0.9495008680555556 0.3830972222222222 0.027591145833333334 0.066375