2 0.2146484375 0.6642708333333333 0.07570746527777777 0.1609513888888889
2 0.7435373263888888 0.4369236111111111 0.05710069444444445 0.1414375
2 0.7127256944444444 0.6728402777777778 0.0678125 0.17345833333333333
2 0.9556163194444444 0.5563888888888889 0.05880208333333333 0.15813888888888888
2 0.6674479166666667 0.2850486111111111 0.04959201388888889 0.09694444444444444
2 0.5232161458333333 0.47396527777777775 0.041805555555555554 0.12293055555555556
2 0.4329470486111111 0.4380763888888889 0.03487413194444444 0.12060416666666665
2 0.41226128472222223 0.34246527777777774 0.03690538194444445 0.1191875
2 0.3366015625 0.4341458333333333 0.056302083333333336 0.11736111111111111
2 0.3360199652777778 0.3269513888888889 0.04357204861111111 0.1020486111111111
2 0.2531293402777778 0.3940902777777778 0.054288194444444444 0.11595833333333333
3 0.09993055555555556 0.5214236111111111 0.04592447916666667 0.13914583333333333
2 0.05002170138888889 0.47350000000000003 0.041592881944444444 0.14978472222222222
2 0.08155815972222222 0.43506944444444445 0.05258246527777778 0.11920833333333333
2 0.2548654513888889 0.8298055555555556 0.08090711805555556 0.2003611111111111
0 0.4952994791666667 0.5654027777777777 0.023580729166666665 0.03266666666666666