2 0.1681814236111111 0.46940277777777784 0.030920138888888886 0.127875
2 0.1271484375 0.5795486111111111 0.042608506944444444 0.11205555555555556
2 0.12150607638888888 0.4535694444444444 0.02611545138888889 0.1239861111111111
2 0.11340277777777777 0.4015694444444444 0.023797743055555556 0.1005486111111111
2 0.08073784722222223 0.3756875 0.026171874999999997 0.09600694444444445
2 0.04537760416666667 0.3031388888888889 0.028368055555555556 0.08701388888888889
2 0.10721354166666668 0.2886875 0.028776041666666665 0.08034722222222222
2 0.39092447916666667 0.3260486111111111 0.020112847222222223 0.09216666666666666
2 0.4637022569444444 0.3150833333333333 0.01953125 0.07201388888888889
2 0.49474826388888893 0.36604861111111114 0.02775173611111111 0.1010486111111111
2 0.5534027777777778 0.3736041666666667 0.02532118055555556 0.10017361111111112
2 0.5281987847222223 0.6871041666666666 0.04609375 0.15772916666666667
2 0.8221831597222222 0.41401388888888885 0.03259982638888889 0.10511111111111113
2 0.8267881944444445 0.33763194444444444 0.030425347222222218 0.0921111111111111
2 0.9551432291666667 0.5306527777777778 0.04408854166666667 0.1476111111111111
0 0.7902690972222222 0.39045833333333335 0.016419270833333333 0.033875