2 0.7458810763888889 0.6564791666666667 0.052148437500000006 0.12950694444444444
2 0.6443055555555556 0.5869305555555555 0.06754774305555555 0.11326388888888889
1 0.7458810763888889 0.4462430555555556 0.044270833333333336 0.09651388888888889
2 0.5841623263888889 0.6668472222222223 0.05063368055555555 0.1297638888888889
2 0.5305034722222222 0.6008402777777778 0.04372829861111111 0.11588194444444445
2 0.39758680555555553 0.6814166666666667 0.06141927083333333 0.1258263888888889
2 0.45911892361111106 0.47380555555555554 0.0486328125 0.09177777777777778
2 0.3184331597222222 0.6830069444444444 0.07145833333333333 0.13215972222222222
2 0.21414930555555556 0.5736875 0.04895399305555556 0.12616666666666668
2 0.2981684027777778 0.5453472222222222 0.05553819444444444 0.104125
2 0.3697960069444444 0.4827430555555555 0.046197916666666665 0.10021527777777778
2 0.30907986111111113 0.5083333333333333 0.04290364583333333 0.10256944444444444
2 0.20840711805555556 0.41765277777777776 0.03746527777777778 0.09604166666666668
2 0.3697135416666667 0.4420625 0.03914496527777778 0.08500694444444444
2 0.11273871527777778 0.4575486111111111 0.04105034722222222 0.10967361111111111
2 0.07975260416666667 0.6891805555555556 0.043997395833333335 0.1271736111111111
3 0.031098090277777782 0.5369444444444444 0.0382421875 0.11252777777777777
0 0.2973003472222222 0.7251041666666668 0.025047743055555557 0.03917361111111111
3 0.9176605902777778 0.767638888888889 0.07432725694444445 0.1926875