2 0.4008159722222222 0.5193055555555556 0.07883246527777778 0.19324305555555554
2 0.31139756944444447 0.6313263888888889 0.07013020833333333 0.17838888888888887
2 0.3066232638888889 0.4711666666666667 0.06578993055555556 0.16919444444444443
2 0.03966145833333333 0.30454166666666665 0.05096354166666667 0.11370833333333334
2 0.07235677083333333 0.2712361111111111 0.05378472222222222 0.14734027777777778
2 0.41180555555555554 0.21406944444444445 0.04154947916666667 0.12000694444444444
2 0.45723958333333337 0.24716666666666667 0.05484809027777778 0.1232638888888889
2 0.6052604166666666 0.444125 0.07304253472222222 0.14879166666666666
2 0.6326085069444445 0.32400694444444444 0.051332465277777774 0.13624999999999998
2 0.7773003472222223 0.28002777777777776 0.060559895833333335 0.12420138888888889
2 0.871640625 0.6156180555555556 0.0628515625 0.19190277777777776
2 0.7560286458333334 0.5834513888888888 0.08053385416666667 0.17569444444444443
2 0.5330555555555556 0.6725555555555556 0.08724392361111111 0.18359722222222222
3 0.0533984375 0.4207430555555556 0.07607204861111111 0.14277083333333335
0 0.38113715277777777 0.5869027777777778 0.02558159722222222 0.05620833333333333