2 0.36811631944444445 0.6850486111111111 0.08634982638888888 0.1775138888888889
2 0.45565538194444444 0.6244166666666666 0.06871961805555556 0.15624305555555557
2 0.7842491319444445 0.5628541666666667 0.08354166666666667 0.16089583333333332
2 0.8982682291666667 0.6133055555555555 0.08935763888888888 0.15624305555555557
2 0.8204210069444444 0.4348680555555556 0.0725564236111111 0.14104166666666668
2 0.4333680555555556 0.40825694444444444 0.071015625 0.14058333333333334
2 0.5038237847222222 0.31293055555555555 0.06411024305555556 0.12784722222222222
2 0.5070138888888889 0.1726527777777778 0.04643229166666667 0.10272222222222221
2 0.4026909722222222 0.20459027777777777 0.04785590277777778 0.11104166666666668
2 0.29214409722222223 0.41334722222222225 0.06287760416666667 0.1452152777777778
2 0.2684157986111111 0.27726388888888887 0.05361111111111111 0.12859722222222222
3 0.19490451388888888 0.4064305555555556 0.062161458333333336 0.14084027777777777
2 0.036189236111111106 0.23090972222222222 0.05444010416666667 0.11644444444444445