2 0.4431032986111111 0.5064652777777777 0.03470052083333333 0.1285138888888889
3 0.4472612847222222 0.42175694444444445 0.031098090277777782 0.10092361111111112
2 0.008433159722222222 0.3991805555555556 0.016866319444444444 0.11272222222222222
2 0.11805989583333333 0.4255069444444445 0.03934895833333333 0.10931249999999999
2 0.28259114583333333 0.3286527777777778 0.025416666666666667 0.09454861111111111
2 0.3284375 0.38952777777777775 0.02900607638888889 0.11509722222222223
2 0.42217881944444446 0.35785416666666664 0.022960069444444443 0.08920138888888889
2 0.45101562500000003 0.3758402777777778 0.025082465277777778 0.06502777777777778
2 0.5277430555555556 0.37074305555555553 0.03171006944444445 0.09894444444444443
2 0.6205208333333334 0.4472013888888889 0.03333333333333333 0.09920833333333334
2 0.678046875 0.6974930555555555 0.04703559027777778 0.14134027777777777
2 0.8034809027777778 0.5142291666666666 0.035243055555555555 0.12459027777777777
2 0.6870789930555555 0.3938125 0.027565104166666667 0.10004166666666667
2 0.8275217013888888 0.41921527777777773 0.0241015625 0.1133125
2 0.8570355902777778 0.41758333333333336 0.02291232638888889 0.10768055555555556
2 0.9090755208333334 0.4467777777777778 0.03236545138888888 0.12488194444444445
2 0.9814019097222223 0.6345763888888889 0.037196180555555555 0.140125
0 0.2841753472222222 0.29238194444444443 0.0115625 0.014409722222222223