3 0.22559027777777776 0.40452083333333333 0.034518229166666664 0.11181944444444446
2 0.14890625 0.6107291666666667 0.06285590277777778 0.16219444444444445
2 0.4116666666666667 0.5720763888888889 0.0432421875 0.16545138888888888
2 0.24917100694444447 0.48323611111111114 0.040429687500000006 0.13445833333333335
2 0.2785460069444444 0.35825 0.03550347222222222 0.09552777777777778
2 0.30820746527777776 0.35454861111111113 0.030000000000000002 0.10849305555555555
2 0.2798480902777778 0.30361805555555554 0.020928819444444444 0.050756944444444445
2 0.4005208333333333 0.4406458333333333 0.06412326388888889 0.10852083333333334
2 0.42106770833333335 0.38510416666666664 0.0369140625 0.11405555555555556
2 0.5049956597222223 0.3978125 0.037187500000000005 0.10302777777777779
2 0.5287196180555556 0.48277083333333337 0.061197916666666664 0.12983333333333333
2 0.617126736111111 0.32816666666666666 0.04583767361111111 0.11125694444444445
2 0.6954079861111111 0.4147291666666667 0.03337673611111111 0.12147222222222222
2 0.7544401041666666 0.4267638888888889 0.043780381944444446 0.119625
2 0.7848263888888889 0.35964583333333333 0.038563368055555554 0.10941666666666666
2 0.8172352430555556 0.5137847222222223 0.057078993055555555 0.15113194444444444
2 0.0816232638888889 0.30662500000000004 0.048081597222222223 0.10398611111111111