2 0.13457899305555554 0.7634722222222223 0.06719618055555555 0.17879861111111112
2 0.2705902777777778 0.47025 0.030186631944444445 0.10624305555555556
2 0.26176649305555555 0.41308333333333336 0.04552083333333333 0.10024305555555556
2 0.4058810763888889 0.38693750000000005 0.03861111111111111 0.0896111111111111
2 0.43930555555555556 0.2994513888888889 0.04122395833333334 0.09241666666666667
2 0.4578255208333333 0.43669444444444444 0.043541666666666666 0.10856944444444444
2 0.5860243055555556 0.5320416666666666 0.03952256944444445 0.14370833333333333
2 0.6399869791666667 0.6827361111111111 0.05914496527777778 0.14101388888888888
2 0.8984114583333334 0.5901597222222222 0.04577256944444444 0.1539375
2 0.7755729166666667 0.4461805555555556 0.043619791666666664 0.11365277777777777
2 0.6482421875 0.4010486111111111 0.03895833333333334 0.12061805555555555
2 0.5622916666666666 0.44779861111111113 0.03372829861111111 0.10300694444444446
3 0.5666319444444444 0.39318055555555553 0.0319921875 0.10488194444444444
2 0.9068055555555556 0.37767361111111114 0.03005208333333333 0.10997916666666667
2 0.9842187499999999 0.36656944444444445 0.026883680555555553 0.09887499999999999
3 0.08769965277777778 0.28070833333333334 0.028984375 0.07993055555555555