0 0.14608072916666667 0.4459444444444444 0.02537326388888889 0.053
2 0.02586371527777778 0.30009722222222224 0.0366796875 0.12241666666666667
2 0.05870225694444445 0.3295 0.035807291666666664 0.13029166666666667
2 0.09602430555555556 0.2862013888888889 0.04679253472222222 0.11314583333333333
2 0.2078515625 0.42465277777777777 0.03606770833333333 0.14004166666666668
2 0.26643663194444445 0.45845138888888887 0.057760416666666675 0.12431249999999999
2 0.28944010416666666 0.35102777777777777 0.04878472222222222 0.15020833333333333
2 0.5656032986111111 0.2896736111111111 0.04266493055555556 0.10620138888888889
2 0.5259635416666666 0.7538680555555555 0.09648437500000001 0.19663194444444443
2 0.6305555555555555 0.6344097222222221 0.053936631944444445 0.17993055555555557
2 0.6914626736111111 0.4239583333333333 0.045538194444444444 0.13402777777777777
2 0.7604644097222222 0.415625 0.041766493055555555 0.135875
2 0.9206076388888889 0.2642083333333333 0.04086805555555555 0.12009027777777778
2 0.6657118055555555 0.3262569444444444 0.04611979166666667 0.1145486111111111
3 0.3951866319444444 0.44572222222222224 0.05484375 0.13125694444444444
2 0.3998177083333333 0.38945833333333335 0.05253038194444445 0.0881736111111111
2 0.6712065972222222 0.5795347222222222 0.06289930555555555 0.1488888888888889
3 0.14260850694444444 0.1711388888888889 0.030004340277777777 0.09135416666666668