0 0.7238628472222222 0.6331597222222223 0.01743923611111111 0.030722222222222224
2 0.08053385416666667 0.5195902777777778 0.04138888888888889 0.12825694444444444
2 0.16855468750000002 0.5927916666666667 0.05424045138888889 0.1329861111111111
2 0.3168489583333333 0.3334097222222222 0.029375000000000002 0.12466666666666668
2 0.2555642361111111 0.23863888888888887 0.03207899305555555 0.08857638888888889
2 0.28285156250000004 0.20349305555555552 0.02619357638888889 0.09005555555555556
2 0.43849826388888885 0.3241111111111111 0.040303819444444444 0.09840972222222223
2 0.4621354166666667 0.4604097222222222 0.0495703125 0.11788888888888888
2 0.3413324652777778 0.6815972222222222 0.043888888888888894 0.17170833333333332
2 0.6742361111111111 0.4173958333333333 0.038563368055555554 0.1177986111111111
2 0.6702170138888889 0.2865138888888889 0.04540798611111111 0.12321527777777778
2 0.7700130208333333 0.5852291666666667 0.04492621527777778 0.15713194444444445