0 0.13109809027777777 0.2841388888888889 0.017703993055555554 0.035229166666666666
2 0.17028211805555554 0.3835555555555556 0.04419270833333333 0.13444444444444445
2 0.17801649305555556 0.25553472222222223 0.02947482638888889 0.11536111111111111
2 0.44988715277777774 0.39924305555555556 0.04027777777777777 0.12960416666666666
2 0.5299739583333333 0.2351736111111111 0.031610243055555556 0.1078263888888889
2 0.6147743055555556 0.2848819444444445 0.04745659722222222 0.1061388888888889
3 0.6967361111111111 0.33029166666666665 0.03876736111111111 0.12753472222222223
2 0.8325998263888889 0.26761111111111113 0.028463541666666665 0.10931944444444444
2 0.8561328125 0.27552777777777776 0.02364583333333333 0.11761111111111112
2 0.8807508680555556 0.44029166666666664 0.03986545138888889 0.13774305555555555
2 0.9926649305555555 0.30616666666666664 0.014674479166666667 0.08984722222222222
2 0.9272395833333333 0.7159166666666668 0.04983940972222222 0.18340972222222224