2 0.25862847222222224 0.38229861111111113 0.056497395833333325 0.11345833333333333
2 0.27121961805555556 0.65775 0.07643663194444444 0.1605625
2 0.5154340277777778 0.6669861111111112 0.05713541666666666 0.13705555555555557
2 0.5221874999999999 0.48086805555555556 0.03522569444444444 0.11117361111111111
2 0.597556423611111 0.3680277777777778 0.032456597222222223 0.10169444444444445
2 0.47843749999999996 0.4585138888888889 0.05661458333333333 0.1189375
2 0.7265190972222223 0.5995902777777777 0.05685763888888889 0.1240138888888889
2 0.7132682291666667 0.7464375 0.04085503472222222 0.1658125
2 0.8468272569444444 0.5678819444444444 0.040329861111111115 0.09627083333333333
2 0.9057291666666667 0.5398541666666666 0.04530815972222222 0.11368750000000001
2 0.9288802083333333 0.4252222222222223 0.04307291666666666 0.10273611111111111
2 0.980568576388889 0.42659027777777775 0.038862847222222226 0.12016666666666666
2 0.8667664930555555 0.2926458333333333 0.03822916666666667 0.087375