2 0.7321657986111112 0.4982430555555556 0.06791666666666667 0.19278472222222223
2 0.7501085069444444 0.32490277777777776 0.06907986111111111 0.1877638888888889
2 0.7038020833333333 0.18141666666666667 0.04938802083333334 0.12856944444444443
2 0.35075086805555555 0.34688888888888886 0.06551215277777778 0.14563194444444444
2 0.4368359375 0.606826388888889 0.08003038194444444 0.18727083333333333
2 0.49833333333333335 0.6072847222222222 0.07683159722222223 0.16413194444444443
2 0.19433159722222224 0.384875 0.07546006944444444 0.1672847222222222
2 0.24757812499999998 0.1927777777777778 0.05924045138888889 0.11814583333333332
2 0.042877604166666666 0.21985416666666666 0.043298611111111114 0.12232638888888889
2 0.11435329861111113 0.20411805555555557 0.06700954861111111 0.12602083333333333
2 0.11319444444444444 0.4003819444444444 0.06932725694444444 0.1446111111111111
3 0.13375 0.32393055555555555 0.051640625 0.14693055555555556
0 0.8152126736111112 0.5579305555555555 0.05172309027777778 0.08159722222222222