0 0.6486762152777777 0.5991666666666666 0.02767361111111111 0.06684722222222222
2 0.5116493055555555 0.5183819444444444 0.05049913194444444 0.16361805555555556
2 0.406171875 0.5223194444444444 0.07391493055555556 0.11872222222222223
2 0.3995138888888889 0.37767361111111114 0.04323784722222222 0.12664583333333335
2 0.20634548611111111 0.3360138888888889 0.04753472222222222 0.1155486111111111
2 0.024014756944444444 0.459625 0.04802951388888889 0.14833333333333332
2 0.5902213541666667 0.3804513888888889 0.04965277777777778 0.1266388888888889
2 0.695412326388889 0.3128680555555555 0.036076388888888894 0.11926388888888889
2 0.7336024305555555 0.3945902777777778 0.057677951388888885 0.12007638888888889
3 0.8697612847222222 0.353625 0.04404079861111111 0.12700694444444444
2 0.7851128472222223 0.5151736111111112 0.05881944444444445 0.14835416666666668
2 0.9771223958333333 0.4188888888888889 0.044596354166666664 0.11314583333333333
2 0.9405164930555555 0.22471527777777775 0.043155381944444446 0.09872222222222223
3 0.26827690972222223 0.2059513888888889 0.0325 0.09430555555555556