2 0.8838845486111111 0.38857638888888885 0.03567274305555555 0.12220138888888889
0 0.7500477430555555 0.43256944444444445 0.019335937499999997 0.033125
2 0.6342881944444445 0.36413194444444447 0.03486979166666667 0.11036805555555557
2 0.6004947916666666 0.44069444444444444 0.04963107638888889 0.13721527777777778
2 0.5323741319444444 0.4187430555555556 0.03348958333333333 0.11527083333333334
2 0.5167664930555556 0.4688888888888889 0.033151041666666665 0.12910416666666666
2 0.48266493055555554 0.34839583333333335 0.03871961805555555 0.11184027777777779
2 0.4171657986111111 0.28436805555555555 0.029531250000000002 0.0922013888888889
2 0.2640451388888889 0.37656944444444446 0.04325520833333333 0.10092361111111112
2 0.14399739583333332 0.4790069444444444 0.04763020833333333 0.1438472222222222
2 0.2887282986111111 0.5709375 0.049726562499999995 0.13555555555555554
2 0.0135546875 0.4227222222222222 0.027105034722222223 0.1320486111111111
2 0.5605425347222223 0.7270972222222222 0.055789930555555554 0.18774305555555557