2 0.8872569444444445 0.35202083333333334 0.02637152777777778 0.10229861111111112
2 0.7253602430555556 0.41881250000000003 0.028537326388888888 0.09756250000000001
2 0.636171875 0.33345833333333336 0.030855034722222223 0.08184027777777778
2 0.5831944444444445 0.37785416666666666 0.027934027777777776 0.1087986111111111
2 0.5225390625 0.3521875 0.024522569444444444 0.08282638888888888
2 0.4766666666666667 0.31525 0.02343315972222222 0.09216666666666666
2 0.43694444444444447 0.3033611111111111 0.019283854166666666 0.08108333333333334
2 0.39292968749999996 0.35839583333333336 0.033294270833333334 0.1071388888888889
2 0.3128298611111111 0.43506944444444445 0.027157118055555554 0.11147916666666667
2 0.2851128472222222 0.33865972222222224 0.02572048611111111 0.09936805555555556
3 0.23758246527777777 0.4169236111111111 0.029735243055555558 0.11560416666666666
2 0.21581163194444444 0.36306249999999995 0.023342013888888888 0.11171527777777777
2 0.23609375000000002 0.3141805555555556 0.030716145833333333 0.0884513888888889
3 0.1648828125 0.29275 0.02898003472222222 0.07175
2 0.1329861111111111 0.3459513888888889 0.024631076388888888 0.09968750000000001
2 0.19582899305555557 0.6377361111111112 0.07603298611111112 0.1877638888888889