2 0.5253862847222223 0.652 0.06061197916666667 0.1595625
2 0.8670833333333333 0.5492083333333333 0.04377170138888889 0.13915277777777776
2 0.6062543402777778 0.3922361111111111 0.03079861111111111 0.12336805555555556
2 0.3426779513888889 0.34500694444444446 0.03951822916666667 0.12890972222222222
2 0.3920052083333333 0.36491666666666667 0.031119791666666667 0.10390972222222222
2 0.48110243055555557 0.2612083333333333 0.02406684027777778 0.08291666666666667
2 0.5448524305555555 0.2367986111111111 0.020394965277777777 0.07802777777777778
0 0.5337586805555555 0.2689513888888889 0.009036458333333334 0.01275
2 0.6667144097222222 0.3511458333333333 0.02619357638888889 0.10538888888888888
3 0.7847612847222222 0.36548611111111107 0.025121527777777777 0.101125
2 0.9281250000000001 0.33838888888888885 0.04341145833333333 0.09086805555555555
2 0.8452387152777778 0.2881111111111111 0.0286328125 0.09280555555555554
2 0.8072612847222222 0.29756944444444444 0.028940972222222226 0.08365277777777777
2 0.9720529513888889 0.3560833333333333 0.021458333333333333 0.09574305555555555
2 0.9751822916666667 0.2921388888888889 0.026184895833333333 0.08498611111111111
2 0.00927517361111111 0.2855138888888889 0.01855034722222222 0.0818125
3 0.1049609375 0.22821527777777778 0.028819444444444446 0.0765138888888889