2 0.9130512152777778 0.5294097222222223 0.0384375 0.14956250000000001
2 0.9246050347222222 0.46147222222222223 0.03484809027777778 0.11374305555555556
3 0.883888888888889 0.46897222222222223 0.038828125 0.11044444444444444
2 0.9253298611111112 0.33616666666666667 0.03401041666666667 0.11325694444444445
2 0.8960503472222222 0.3262222222222222 0.03341145833333334 0.11655555555555555
2 0.8105598958333333 0.47512499999999996 0.03858940972222222 0.10565972222222222
2 0.7322439236111111 0.41300694444444447 0.026848958333333332 0.10588888888888888
2 0.7285460069444444 0.37580555555555556 0.02021701388888889 0.09249305555555555
2 0.697165798611111 0.5138541666666667 0.03905381944444444 0.14040972222222223
2 0.5633289930555556 0.3972777777777778 0.03218315972222222 0.10004166666666667
1 0.30486979166666667 0.33289583333333334 0.05251736111111111 0.14506944444444445
2 0.20879774305555554 0.5245694444444444 0.043858506944444445 0.12409722222222222
2 0.1334809027777778 0.5624097222222222 0.07993489583333332 0.1328263888888889