3 0.3283376736111111 0.41129166666666667 0.0439453125 0.1255486111111111
2 0.05877170138888889 0.38332638888888887 0.05342881944444444 0.1251736111111111
2 0.07321180555555556 0.6886805555555556 0.059735243055555554 0.16643055555555555
2 0.22200086805555555 0.5591319444444445 0.06217013888888889 0.13511111111111113
2 0.23108506944444443 0.28123611111111113 0.0421484375 0.10710416666666665
2 0.3140147569444445 0.26636805555555554 0.038519965277777776 0.10319444444444444
2 0.4260546875 0.4658819444444445 0.04667100694444445 0.13195138888888888
2 0.3051909722222222 0.6991875000000001 0.053203125 0.15134027777777778
2 0.4964279513888889 0.7323402777777778 0.07630208333333334 0.16208333333333333
2 0.6880989583333333 0.23155555555555554 0.04297743055555556 0.09385416666666667
2 0.8960026041666667 0.36624305555555553 0.043854166666666666 0.13267361111111112
2 0.8645182291666667 0.4766597222222222 0.046892361111111114 0.13260416666666666
2 0.8988671874999999 0.6839097222222222 0.05479166666666666 0.18189583333333334
2 0.9768446180555556 0.29812500000000003 0.027096354166666666 0.13411805555555556