2 0.5554947916666666 0.4058888888888889 0.031063368055555554 0.09670833333333333
3 0.5761762152777777 0.37325 0.03225260416666667 0.12804166666666666
2 0.30980902777777775 0.46343055555555557 0.051328125 0.12870833333333334
2 0.20990017361111113 0.3194375 0.038142361111111106 0.09072222222222222
2 0.5348741319444444 0.5750138888888888 0.04572916666666667 0.15743055555555555
2 0.6027256944444445 0.5347222222222222 0.039045138888888886 0.12500694444444443
2 0.6180859375 0.2447986111111111 0.020347222222222225 0.08925000000000001
2 0.6413628472222223 0.28013194444444445 0.024296875 0.1004513888888889
2 0.7011241319444445 0.47045833333333337 0.04694878472222222 0.11713194444444444
2 0.8074348958333333 0.36259027777777775 0.027100694444444445 0.1131111111111111
2 0.8324392361111111 0.34718055555555555 0.024813368055555556 0.10940277777777777
2 0.9031163194444445 0.38080555555555556 0.022730034722222223 0.09804166666666667
2 0.9210894097222222 0.4155625 0.022747395833333333 0.12713194444444445
2 0.9522092013888889 0.4180069444444444 0.027569444444444445 0.11521527777777778
2 0.9854557291666666 0.5004097222222222 0.029088541666666665 0.14269444444444443
2 0.028910590277777776 0.4441805555555556 0.038272569444444446 0.13036805555555556
0 0.3532899305555556 0.5117499999999999 0.01392795138888889 0.029180555555555557