2 0.5194878472222223 0.6558055555555555 0.06166232638888888 0.1284583333333333
0 0.5487152777777777 0.6970972222222223 0.015303819444444443 0.022284722222222223
2 0.05405815972222222 0.38143055555555555 0.03878472222222222 0.14082638888888888
2 0.11059895833333333 0.39854861111111106 0.03910590277777778 0.1304861111111111
2 0.11528645833333334 0.2818819444444445 0.029296875 0.10284722222222221
2 0.23374999999999999 0.62775 0.04052951388888889 0.16679166666666667
2 0.3676605902777778 0.6144583333333333 0.03752604166666666 0.14299305555555555
2 0.4222048611111111 0.662875 0.05304253472222222 0.14350694444444445
2 0.4850260416666667 0.38832638888888893 0.03614149305555556 0.12406944444444444
2 0.5857508680555555 0.3858194444444445 0.024561631944444447 0.11984027777777777
2 0.6860720486111112 0.25679166666666664 0.028506944444444446 0.10265277777777777
2 0.7088715277777777 0.6356666666666667 0.053276909722222224 0.16873611111111111
2 0.6928125 0.7241805555555555 0.05349392361111111 0.16534722222222223
2 0.5396006944444445 0.6158472222222222 0.05848090277777778 0.14021527777777779
3 0.514453125 0.44796527777777784 0.027287326388888887 0.1322222222222222