2 0.6129817708333333 0.4712083333333333 0.0246875 0.10648611111111111
2 0.6305729166666666 0.47031944444444446 0.023463541666666667 0.12584722222222222
0 0.6204470486111111 0.4232847222222222 0.0153125 0.024527777777777777
1 0.3420269097222222 0.464125 0.03138888888888888 0.11176388888888888
2 0.1350173611111111 0.6941388888888889 0.05835069444444444 0.14957638888888888
2 0.12706163194444445 0.6087638888888889 0.0372265625 0.10104166666666667
2 0.2783072916666667 0.5895833333333333 0.030073784722222226 0.15397916666666667
2 0.37234809027777777 0.5654166666666667 0.03296440972222223 0.1412013888888889
2 0.42304687500000004 0.5918055555555556 0.02879340277777778 0.14953472222222222
2 0.4663020833333333 0.5131458333333333 0.04123263888888889 0.13741666666666666
2 0.6531727430555556 0.5381944444444444 0.024214409722222222 0.14602083333333335
2 0.7271006944444445 0.45337500000000003 0.038736979166666664 0.10973611111111112
2 0.8749045138888889 0.7179374999999999 0.04159722222222222 0.15828472222222223
3 0.6946093750000001 0.6551527777777777 0.057734375000000004 0.1327222222222222
2 0.9752560763888888 0.4168472222222222 0.040902777777777774 0.1144375
3 0.9843446180555555 0.3302222222222222 0.031306423611111106 0.07729166666666666