2 0.11884114583333333 0.40093055555555557 0.05191840277777778 0.1620486111111111
2 0.22236979166666668 0.28872916666666665 0.02927517361111111 0.10474305555555556
2 0.39493055555555556 0.4705069444444444 0.03818576388888889 0.11474305555555554
2 0.3706467013888889 0.4212986111111111 0.048671875 0.1351875
2 0.39883680555555556 0.28789583333333335 0.032664930555555555 0.0985
3 0.351171875 0.18554861111111112 0.024956597222222224 0.08734027777777778
2 0.8064366319444445 0.21954166666666666 0.028754340277777776 0.08218055555555556
2 0.7946744791666667 0.3034861111111111 0.04618489583333333 0.11749305555555556
2 0.6683897569444445 0.4557361111111111 0.05172743055555556 0.13700694444444445
2 0.8926258680555557 0.5804583333333333 0.04492621527777778 0.16092361111111111
2 0.8984548611111111 0.3959930555555556 0.02618923611111111 0.10801388888888888
2 0.8825651041666667 0.37959027777777776 0.02330295138888889 0.11166666666666668
2 0.962868923611111 0.31725694444444447 0.03997395833333333 0.11415277777777777
3 0.9899175347222222 0.33818750000000003 0.02016059027777778 0.12489583333333333