0 0.35299045138888885 0.38948611111111114 0.016861979166666666 0.018041666666666668
3 0.623107638888889 0.3256875 0.04147135416666667 0.10711111111111112
2 0.23236111111111113 0.3675902777777778 0.037751736111111114 0.12702777777777777
2 0.04178819444444445 0.6437569444444444 0.05519965277777778 0.17341666666666666
2 0.39379340277777775 0.5962152777777777 0.04638020833333333 0.16761805555555556
2 0.3721484375 0.3589305555555556 0.0378125 0.12359722222222222
2 0.5192578124999999 0.6537986111111111 0.06380208333333333 0.17277083333333332
2 0.5525911458333334 0.24248611111111112 0.030646701388888888 0.10459722222222223
2 0.6323654513888889 0.19044444444444444 0.032209201388888886 0.07829166666666666
2 0.5772135416666667 0.47870833333333335 0.02954861111111111 0.12704166666666666
2 0.6112413194444444 0.483 0.02739583333333333 0.13936805555555556
2 0.6224435763888888 0.4018472222222222 0.033541666666666664 0.09110416666666667
2 0.8089322916666667 0.2905 0.0346484375 0.10340277777777779
2 0.9030598958333333 0.2839652777777778 0.03713975694444444 0.09868055555555555
2 0.9449609375 0.3622986111111111 0.03184027777777778 0.11132638888888889
2 0.9618880208333334 0.35684027777777777 0.03791666666666667 0.09447222222222222