2 0.026705729166666668 0.4731319444444444 0.040238715277777774 0.13342361111111112
2 0.07987847222222222 0.38768055555555553 0.04054253472222222 0.15018055555555554
3 0.14477430555555557 0.37277777777777776 0.06108072916666666 0.13065972222222222
2 0.28825520833333335 0.45629861111111114 0.05401909722222222 0.14859722222222221
2 0.3665668402777778 0.3553125 0.038732638888888886 0.106
2 0.3986154513888889 0.2965833333333333 0.04016927083333333 0.11451388888888889
2 0.4339539930555556 0.3635347222222222 0.03372829861111111 0.08131944444444444
2 0.4306640625 0.4279166666666667 0.028749999999999998 0.07382638888888889
2 0.4503428819444444 0.4288125 0.034366319444444446 0.08847916666666666
2 0.4816666666666667 0.35774999999999996 0.04238715277777778 0.12372916666666665
2 0.6019097222222222 0.4335625 0.040269097222222223 0.12625
2 0.6433550347222222 0.36982638888888886 0.039613715277777774 0.11189583333333333
2 0.6906597222222222 0.6151458333333333 0.04907118055555556 0.16808333333333333
2 0.43733072916666665 0.7084305555555556 0.059761284722222224 0.17470833333333335
2 0.9852951388888889 0.35752083333333334 0.029409722222222226 0.10785416666666667