2 0.32093750000000004 0.6074513888888889 0.04959635416666666 0.13719444444444445
2 0.4808029513888889 0.5035208333333334 0.025121527777777777 0.10756249999999999
2 0.5016232638888889 0.5068888888888888 0.02762152777777778 0.1046736111111111
0 0.35107204861111113 0.3882013888888889 0.020551215277777778 0.03267361111111111
2 0.5316970486111111 0.4853055555555556 0.032578125 0.09521527777777779
1 0.5245225694444444 0.45818055555555554 0.029270833333333333 0.08913194444444444
2 0.5633029513888889 0.474625 0.04159722222222222 0.11400694444444444
2 0.6257638888888889 0.4781597222222222 0.025021701388888887 0.10180555555555555
2 0.6359461805555555 0.47005555555555556 0.026323784722222222 0.08720138888888888
2 0.6080034722222222 0.49068055555555556 0.02763454861111111 0.11399305555555556
2 0.6646397569444444 0.43474305555555554 0.03955729166666667 0.10648611111111111
2 0.7360286458333333 0.4639513888888889 0.022777777777777775 0.10068750000000001
2 0.7558940972222222 0.47679166666666667 0.046449652777777774 0.11352083333333333
3 0.9719531250000001 0.5737430555555556 0.02999565972222222 0.12759027777777776
2 0.9806336805555556 0.5015138888888888 0.026280381944444445 0.118