2 0.16285590277777778 0.42041666666666666 0.034157986111111115 0.1132361111111111
0 0.18846354166666668 0.46110416666666665 0.017057291666666665 0.030381944444444444
2 0.1715668402777778 0.3141597222222222 0.04637152777777778 0.1035
2 0.32376736111111115 0.4449097222222222 0.038276909722222224 0.12055555555555555
2 0.33166666666666667 0.5624097222222222 0.055303819444444444 0.15
2 0.4777039930555556 0.3153611111111111 0.026705729166666668 0.08923611111111111
2 0.6700998263888889 0.32906250000000004 0.03822916666666667 0.09442361111111111
2 0.7465451388888888 0.4887569444444444 0.027934027777777776 0.12769444444444444
2 0.7766710069444445 0.3817986111111111 0.03435763888888889 0.11934027777777777
2 0.8363628472222222 0.3987013888888889 0.0408984375 0.10036111111111112
2 0.7773350694444444 0.32711805555555556 0.020065104166666667 0.06275694444444445
2 0.892673611111111 0.23275694444444445 0.03198784722222223 0.07959722222222222
2 0.9613932291666667 0.6095069444444445 0.04269965277777778 0.14697222222222223
3 0.9852126736111111 0.3463819444444445 0.029570312499999998 0.10127777777777779
3 0.35313802083333334 0.21025 0.029722222222222223 0.07097916666666666