3 0.7677560763888889 0.46931944444444446 0.041879340277777774 0.13215972222222222
2 0.6945442708333334 0.6174444444444445 0.058650173611111106 0.13951388888888888
2 0.8226345486111111 0.7142638888888888 0.060703125000000004 0.1637361111111111
2 0.9009852430555555 0.6824791666666666 0.06416666666666666 0.1757638888888889
2 0.8655815972222222 0.4155625 0.05508246527777778 0.13124305555555557
2 0.6944878472222222 0.3968541666666667 0.05918402777777779 0.1218888888888889
2 0.47142361111111114 0.3524097222222222 0.04055989583333333 0.1094513888888889
2 0.5065060763888889 0.27642361111111113 0.03860243055555555 0.0915
2 0.3886762152777778 0.43644444444444447 0.05503472222222222 0.14870833333333333
2 0.30961805555555555 0.5306111111111111 0.045572916666666664 0.11471527777777778
2 0.1606076388888889 0.604 0.05616753472222222 0.15033333333333332
2 0.1191970486111111 0.34475 0.037660590277777774 0.12321527777777778
2 0.22554253472222222 0.7537152777777777 0.05794704861111111 0.18004166666666666
3 0.26003472222222224 0.20907638888888888 0.03201822916666666 0.07716666666666668
2 0.8038324652777777 0.5083958333333334 0.05586371527777778 0.12565277777777778