2 0.44972222222222225 0.6088749999999999 0.062061631944444445 0.18070833333333336
2 0.38692708333333337 0.4827430555555555 0.054522569444444446 0.15900694444444444
2 0.5171484375 0.347125 0.044136284722222224 0.11554166666666667
2 0.07105902777777778 0.3725833333333333 0.04258246527777778 0.12756944444444443
2 0.3074869791666667 0.41933333333333334 0.05016059027777778 0.13218055555555555
2 0.2367317708333333 0.32745138888888886 0.035386284722222223 0.10675694444444443
2 0.2711631944444444 0.2851180555555555 0.03463541666666667 0.09735416666666666
2 0.30821180555555555 0.22747222222222221 0.029036458333333334 0.09013194444444445
2 0.6763107638888889 0.38461805555555556 0.03259982638888889 0.11830555555555557
0 0.6572092013888889 0.34343055555555557 0.018702256944444447 0.035930555555555556
2 0.6841232638888889 0.30546527777777777 0.027391493055555556 0.10445138888888889
2 0.7965538194444445 0.4239583333333333 0.05259548611111112 0.13032638888888887
2 0.9448611111111112 0.5088958333333333 0.04887152777777778 0.1363125