2 0.6806119791666667 0.6881180555555555 0.04409288194444445 0.15771527777777777
2 0.6107378472222222 0.43252083333333335 0.02877170138888889 0.1094861111111111
2 0.6848046875 0.38621527777777775 0.03801649305555556 0.1094722222222222
2 0.8063237847222222 0.5010486111111111 0.06114149305555556 0.1354375
2 0.8445138888888889 0.4096041666666667 0.033359375 0.1145763888888889
2 0.8641883680555555 0.4054375 0.026414930555555556 0.13402083333333334
2 0.9227777777777777 0.43390972222222224 0.03652777777777778 0.1400486111111111
2 0.9722526041666667 0.6260694444444445 0.048671875 0.1447361111111111
2 0.16965711805555556 0.41284027777777776 0.05227864583333333 0.09327777777777778
2 0.019205729166666668 0.40797916666666667 0.038415798611111114 0.1252222222222222
2 0.3568012152777778 0.3559791666666667 0.0315234375 0.07276388888888889
2 0.2863324652777778 0.37072222222222223 0.02329861111111111 0.07843750000000001
2 0.27558159722222225 0.3170763888888889 0.02467013888888889 0.08465277777777779
2 0.49939670138888886 0.3462777777777778 0.022690972222222223 0.0789861111111111
2 0.4048480902777778 0.3494861111111111 0.01778645833333333 0.08722222222222221
3 0.43578993055555554 0.40989583333333335 0.028190104166666667 0.09090277777777778
2 0.44276909722222224 0.48541666666666666 0.03528211805555556 0.1083125
2 0.5786241319444445 0.34802083333333333 0.025559895833333332 0.09161805555555556