2 0.9723654513888889 0.5054236111111111 0.055264756944444444 0.1377013888888889
2 0.8577560763888888 0.38577083333333334 0.04479600694444444 0.1400625
2 0.6329036458333334 0.7373263888888889 0.07078559027777778 0.1626111111111111
2 0.5628732638888888 0.5276458333333333 0.047621527777777777 0.13954166666666667
2 0.6055512152777778 0.44990972222222225 0.05163194444444444 0.14555555555555555
2 0.5543315972222222 0.28951388888888885 0.036015625 0.09134027777777778
2 0.5061458333333334 0.34205555555555556 0.047313368055555555 0.10570833333333333
2 0.4144097222222222 0.472125 0.0641189236111111 0.15111805555555557
2 0.32875000000000004 0.4087083333333333 0.061827256944444436 0.12239583333333333
2 0.29200086805555553 0.6406111111111111 0.06241319444444445 0.15303472222222222
2 0.12401041666666668 0.5924722222222222 0.05984809027777777 0.14375694444444445
2 0.09797309027777777 0.46445833333333336 0.04432291666666667 0.13633333333333333
0 0.8249088541666666 0.43137499999999995 0.022504340277777778 0.056263888888888884