2 0.33015625 0.9027314814814815 0.05561979166666667 0.16564814814814816
0 0.36049479166666665 0.7751574074074074 0.019942708333333333 0.035500000000000004
2 0.453453125 0.4471111111111111 0.04440625 0.14329629629629628
2 0.35333333333333333 0.2426759259259259 0.034265625 0.11869444444444444
2 0.07184375 0.5593981481481481 0.039 0.14100925925925925
2 0.18146875 0.5723611111111111 0.044708333333333336 0.14842592592592593
2 0.4684270833333333 0.6816388888888889 0.045703125 0.16326851851851854
3 0.5992760416666666 0.4056666666666667 0.033963541666666666 0.14837037037037037
2 0.4866510416666667 0.14081481481481484 0.030078125 0.10013888888888889
2 0.7388437499999999 0.23387962962962963 0.031859375 0.11035185185185185
2 0.9252864583333333 0.42975 0.04016145833333333 0.14097222222222222
2 0.12965104166666666 0.7781759259259259 0.04003125 0.14801851851851852
2 0.15022395833333332 0.6939074074074074 0.03430208333333333 0.14614814814814814
2 0.5264947916666667 0.11997222222222222 0.031635416666666666 0.10476851851851852
2 0.7306458333333333 0.07413888888888888 0.03368229166666667 0.09641666666666666
2 0.8262083333333333 0.11209259259259259 0.000859375 0.031370370370370375
2 0.6480989583333333 0.4899444444444444 0.04463020833333333 0.16136111111111112
2 0.5206354166666667 0.6786203703703704 0.06418229166666667 0.1507777777777778