2 0.6129479166666666 0.7201111111111111 0.027755208333333333 0.12778703703703703
3 0.4633541666666667 0.4257314814814815 0.018682291666666666 0.10468518518518519
2 0.5805260416666667 0.3494259259259259 0.027083333333333334 0.09943518518518518
2 0.817875 0.3735462962962963 0.021833333333333333 0.10253703703703704
2 0.9166614583333333 0.4150277777777778 0.029567708333333335 0.10706481481481481
2 0.9605104166666667 0.46709259259259256 0.037046875 0.1303703703703704
2 0.6667500000000001 0.612212962962963 0.031078125 0.12351851851851853
2 0.7970208333333333 0.45829629629629626 0.02290625 0.09851851851851852
2 0.8101197916666667 0.5450555555555555 0.036270833333333335 0.12468518518518518
2 0.6781145833333333 0.6876851851851852 0.03722916666666667 0.12092592592592592
2 0.41127604166666665 0.35299074074074077 0.030838541666666667 0.0827962962962963
2 0.43687499999999996 0.2917777777777778 0.024552083333333332 0.08159259259259259
2 0.11777083333333334 0.41003703703703703 0.025374999999999998 0.11134259259259259
2 0.029208333333333333 0.28737962962962965 0.02071354166666667 0.08467592592592593
2 0.08154166666666667 0.3004537037037037 0.025114583333333333 0.07755555555555556
3 0.086671875 0.23580555555555555 0.027348958333333333 0.07185185185185185
2 0.30323958333333334 0.2858425925925926 0.016635416666666666 0.07448148148148148
2 0.3059583333333334 0.307537037037037 0.014510416666666666 0.0714074074074074