2 0.56953125 0.6891203703703703 0.06208854166666666 0.16116666666666668
2 0.4694010416666667 0.5788055555555556 0.045859375 0.11646296296296296
2 0.5624375 0.469 0.053119791666666666 0.1530185185185185
1 0.4737395833333334 0.4728611111111111 0.044125 0.14530555555555555
2 0.665890625 0.6004074074074075 0.03028125 0.12262037037037038
2 0.6546093749999999 0.4664351851851852 0.034328125 0.07999074074074074
2 0.7077083333333333 0.5343148148148148 0.041578125 0.12933333333333333
2 0.7237708333333334 0.48108333333333336 0.03723958333333333 0.1247222222222222
2 0.7699270833333334 0.4738888888888889 0.03406770833333333 0.1350185185185185
2 0.8076875 0.40267592592592594 0.031036458333333336 0.12159259259259259
3 0.8577552083333334 0.26073148148148145 0.03159895833333334 0.0968611111111111
2 0.8189791666666667 0.643351851851852 0.04710416666666666 0.14987037037037038
2 0.86875 0.5037407407407407 0.040859375 0.11391666666666667
2 0.8654270833333333 0.41860185185185184 0.030619791666666667 0.10366666666666666
2 0.884375 0.43019444444444443 0.03738020833333333 0.10669444444444445
2 0.9875572916666666 0.3818240740740741 0.024885416666666667 0.11756481481481482