2 0.31978645833333336 0.49548148148148147 0.05219270833333333 0.17821296296296296
0 0.32557291666666666 0.553611111111111 0.015151041666666667 0.03521296296296297
2 0.463609375 0.33450925925925923 0.03775520833333333 0.11552777777777777
3 0.4604270833333333 0.20001851851851854 0.034859375000000005 0.09037037037037036
2 0.6467916666666667 0.5343148148148148 0.04301041666666667 0.14167592592592593
2 0.7323072916666666 0.5479444444444445 0.04563541666666667 0.1535
2 0.6930989583333333 0.8578148148148149 0.055755208333333334 0.17755555555555555
2 0.9136093750000001 0.7714074074074074 0.05580729166666667 0.18993518518518518
2 0.8140625 0.4016296296296296 0.04768229166666667 0.12321296296296295
2 0.7738333333333334 0.32833333333333337 0.043619791666666664 0.13403703703703704
2 0.96078125 0.406 0.042505208333333336 0.13503703703703704