2 0.94078125 0.6341759259259259 0.03208333333333333 0.16557407407407407
2 0.5723229166666666 0.4167777777777778 0.029541666666666667 0.11503703703703703
1 0.609296875 0.3989537037037037 0.030578125 0.12105555555555557
2 0.40905729166666666 0.5140185185185185 0.031130208333333336 0.12432407407407409
2 0.4762395833333333 0.4302037037037037 0.030078125 0.11412037037037037
2 0.33184895833333333 0.48391666666666666 0.025156249999999998 0.11042592592592593
2 0.23485416666666667 0.45660185185185187 0.021265625 0.10208333333333333
2 0.07627083333333333 0.5063796296296296 0.03222916666666667 0.13219444444444445
2 0.14202083333333335 0.43136111111111114 0.036125 0.13032407407407406
3 0.03200520833333333 0.4255740740740741 0.027026041666666667 0.10485185185185185
2 0.1872916666666667 0.5150185185185185 0.02203125 0.10193518518518518
2 0.2194375 0.5132407407407407 0.0211875 0.11618518518518518
2 0.19363541666666664 0.4608981481481481 0.021359375 0.08424999999999999
2 0.29324479166666667 0.4649814814814815 0.02184375 0.10577777777777778
2 0.3060625 0.42637962962962966 0.024932291666666665 0.11764814814814815
2 0.014510416666666666 0.47508333333333336 0.023848958333333333 0.11409259259259259
2 0.009380208333333334 0.5655740740740741 0.018755208333333332 0.13624074074074072
2 0.05408854166666666 0.49393518518518525 0.022838541666666667 0.11914814814814816