2 0.8443489583333333 0.7860185185185184 0.047296875 0.21478703703703703
2 0.9335572916666667 0.5541666666666667 0.044223958333333334 0.1198611111111111
2 0.8863072916666667 0.3348055555555555 0.029354166666666667 0.13882407407407407
2 0.7253958333333334 0.4055462962962963 0.033468750000000005 0.14858333333333335
3 0.697875 0.5215092592592593 0.038234375 0.12655555555555556
2 0.60103125 0.6416666666666667 0.049562499999999995 0.17633333333333334
2 0.5053697916666666 0.6008888888888889 0.0473125 0.15876851851851853
2 0.43065625 0.6463055555555556 0.029197916666666667 0.1362037037037037
2 0.33467708333333335 0.49336111111111114 0.03539583333333333 0.13653703703703704
2 0.426921875 0.4696944444444444 0.03840104166666667 0.12212962962962963
2 0.43178645833333335 0.2637222222222222 0.040765625 0.0955462962962963
2 0.266328125 0.15172222222222223 0.02278125 0.08215740740740742
2 0.21980208333333331 0.3866203703703704 0.0369375 0.10987037037037037
2 0.17011979166666666 0.3301388888888889 0.040005208333333334 0.11417592592592593
2 0.062390625000000005 0.4540092592592592 0.027880208333333333 0.10721296296296297
2 0.04176041666666667 0.3921296296296296 0.02634375 0.10544444444444444
2 0.4485364583333334 0.7707037037037037 0.02392708333333333 0.11877777777777777
0 0.46358333333333335 0.7221851851851853 0.015421875 0.024555555555555556