2 0.19627604166666668 0.7474537037037037 0.05065625 0.15869444444444444
2 0.07541145833333333 0.5865370370370371 0.02941145833333333 0.1084537037037037
2 0.097515625 0.5063240740740741 0.016651041666666665 0.12295370370370369
2 0.07416666666666667 0.412962962962963 0.035604166666666666 0.11316666666666667
2 0.30585416666666665 0.9428518518518518 0.03891145833333333 0.1142962962962963
2 0.233109375 0.29170370370370374 0.028838541666666665 0.10213888888888889
2 0.29853645833333337 0.14107407407407407 0.029479166666666667 0.09717592592592593
2 0.5141614583333334 0.18242592592592594 0.023989583333333335 0.09089814814814814
2 0.46627604166666664 0.3756111111111111 0.04030729166666667 0.11871296296296296
2 0.5780520833333332 0.44825000000000004 0.026015625 0.12819444444444444
2 0.6369375 0.47125 0.03788020833333334 0.12171296296296295
2 0.7711145833333333 0.2611944444444444 0.0323125 0.11012962962962963
2 0.8115052083333333 0.22770370370370369 0.027911458333333337 0.1122962962962963
0 0.35047395833333334 0.6011944444444444 0.027453125000000002 0.029750000000000002