0 0.9060833333333334 0.5062962962962962 0.019921875 0.033166666666666664
2 0.8311354166666667 0.6556944444444445 0.04016145833333333 0.15603703703703706
2 0.602375 0.6202037037037037 0.053125 0.15912962962962965
2 0.5531770833333333 0.5916574074074075 0.051958333333333336 0.16068518518518518
2 0.4349635416666667 0.5708333333333333 0.036015625 0.14063888888888887
2 0.30936979166666667 0.5528333333333333 0.038296875 0.10463888888888889
2 0.20547916666666666 0.5975833333333334 0.035380208333333336 0.07067592592592592
2 0.22675 0.5610648148148148 0.024098958333333333 0.11492592592592593
2 0.24657291666666667 0.5559166666666666 0.03076041666666667 0.1355
2 0.33598958333333334 0.48160185185185184 0.018625 0.11958333333333333
2 0.35234375 0.48983333333333334 0.02528645833333333 0.10517592592592592
2 0.4756145833333333 0.5119722222222222 0.03371875 0.10980555555555556
2 0.4885 0.47800000000000004 0.018083333333333333 0.09387037037037037
2 0.4873385416666667 0.4227222222222222 0.015770833333333335 0.054287037037037036
2 0.48647395833333335 0.3862037037037037 0.017505208333333334 0.049157407407407414
2 0.5232239583333333 0.4638611111111111 0.0215625 0.09952777777777777
2 0.512515625 0.4175740740740741 0.024458333333333335 0.0995462962962963
2 0.5967291666666666 0.39905555555555555 0.026213541666666666 0.09338888888888888
3 0.62421875 0.37619444444444444 0.026447916666666668 0.10358333333333333
3 0.582546875 0.3088148148148148 0.02645833333333333 0.0963611111111111
2 0.8027708333333333 0.4716018518518518 0.03740104166666667 0.14425