2 0.2798541666666667 0.5682592592592592 0.045234375 0.15400925925925926
1 0.290703125 0.43376851851851855 0.05478645833333333 0.1412037037037037
2 0.42859895833333334 0.5613148148148148 0.04411458333333333 0.1740648148148148
2 0.588046875 0.46308333333333335 0.03663020833333333 0.13193518518518518
3 0.651859375 0.559 0.040984374999999997 0.1355
2 0.691359375 0.46128703703703705 0.038390625 0.11907407407407407
2 0.84646875 0.6479814814814815 0.03611458333333333 0.1529537037037037
2 0.8618072916666667 0.6824351851851852 0.03553645833333333 0.15396296296296297
2 0.5761875 0.7287222222222222 0.06845833333333333 0.17246296296296296
0 0.5727083333333333 0.7829907407407407 0.0233125 0.04335185185185185
3 0.7670364583333333 0.2051666666666667 0.03522395833333333 0.113