0 0.43821875 0.7473796296296296 0.016546875 0.03549074074074074
3 0.5839114583333332 0.4165462962962963 0.05011458333333333 0.11920370370370371
2 0.16298437500000001 0.4755833333333333 0.04419270833333333 0.14932407407407408
2 0.19396875 0.7955462962962964 0.048875 0.16886111111111113
2 0.22547916666666667 0.7353425925925926 0.044182291666666665 0.1410648148148148
2 0.23328645833333334 0.5061481481481481 0.03897395833333333 0.11784259259259258
2 0.37520312499999997 0.21582407407407408 0.025932291666666666 0.12053703703703704
2 0.437046875 0.38437037037037036 0.03763541666666667 0.1428148148148148
2 0.476109375 0.12830555555555556 0.032421875 0.08439814814814815
2 0.707078125 0.20980555555555555 0.030822916666666665 0.11775925925925927
2 0.5376927083333333 0.0940462962962963 0.027984375 0.10846296296296297
2 0.6802552083333333 0.42927777777777776 0.024057291666666664 0.13078703703703703
2 0.46790625 0.5654166666666667 0.044661458333333334 0.14378703703703702
2 0.6507031249999999 0.6513055555555555 0.06650520833333333 0.1350185185185185
2 0.87346875 0.37719444444444444 0.04589583333333334 0.14234259259259258
2 0.72465625 0.06487037037037037 0.037328125000000004 0.0778888888888889