2 0.13895833333333335 0.8379537037037037 0.045760416666666665 0.1554722222222222
2 0.14794270833333334 0.49172222222222217 0.026369791666666666 0.11962037037037036
2 0.2801197916666667 0.6596759259259259 0.03621354166666667 0.14860185185185187
2 0.3318541666666667 0.7015555555555555 0.045598958333333335 0.14214814814814816
2 0.28785937500000003 0.3796759259259259 0.040192708333333334 0.12459259259259259
2 0.37371875 0.4018611111111111 0.029130208333333334 0.12563888888888888
2 0.44975 0.566675925925926 0.031885416666666666 0.12312962962962962
2 0.3819166666666666 0.18272222222222223 0.034312499999999996 0.08562962962962964
3 0.5751927083333332 0.5208518518518518 0.03861979166666667 0.13130555555555556
2 0.61028125 0.8173796296296296 0.06108854166666667 0.16994444444444443
2 0.6312031250000001 0.7140925925925926 0.037869791666666666 0.14012962962962963
2 0.7892864583333333 0.9312222222222223 0.03550520833333334 0.1367037037037037
2 0.7919895833333332 0.48499999999999993 0.04030208333333333 0.12855555555555556