2 0.9568854166666667 0.6697500000000001 0.04133333333333333 0.15744444444444444
2 0.9478281249999999 0.3914537037037037 0.03123958333333333 0.11224074074074074
3 0.8793541666666667 0.40512037037037035 0.029703125 0.09400925925925926
2 0.8619270833333333 0.27740740740740744 0.02609895833333333 0.10780555555555556
2 0.6728906250000001 0.5683148148148148 0.024625 0.11412037037037037
2 0.7153229166666667 0.5230277777777778 0.035296875 0.12850925925925924
2 0.5572395833333333 0.47232407407407406 0.034854166666666665 0.1179074074074074
2 0.6139010416666667 0.4977407407407407 0.04747916666666666 0.11317592592592593
2 0.6632187500000001 0.4935185185185185 0.016739583333333332 0.10314814814814816
2 0.6314947916666667 0.39917592592592593 0.027109374999999998 0.12591666666666668
2 0.6853177083333333 0.3383703703703704 0.03059375 0.10924074074074075
2 0.48292708333333334 0.38281481481481483 0.03900520833333333 0.09937037037037036
2 0.5133125 0.3431018518518519 0.03380208333333334 0.10636111111111111
2 0.6485104166666668 0.24412037037037035 0.026421874999999997 0.09359259259259259
2 0.5948020833333333 0.19 0.030114583333333333 0.09646296296296297
3 0.6632395833333333 0.1705462962962963 0.026473958333333332 0.06596296296296296
0 0.6579375 0.23023148148148148 0.012354166666666666 0.02277777777777778
2 0.3666041666666667 0.40579629629629627 0.03783333333333334 0.12619444444444444
2 0.25540104166666666 0.40974074074074074 0.019765625000000002 0.09737037037037037
1 0.2565 0.3349351851851852 0.021989583333333333 0.09287962962962963
2 0.13452604166666668 0.6126574074074074 0.04128645833333333 0.12503703703703703