2 0.8809791666666666 0.3624907407407407 0.039749999999999994 0.0922962962962963
3 0.7011927083333334 0.2215925925925926 0.030453125 0.0909537037037037
2 0.7088802083333333 0.39919444444444446 0.025770833333333333 0.10629629629629629
2 0.6929739583333333 0.47712962962962957 0.03941145833333334 0.1100462962962963
2 0.6151770833333334 0.6706481481481481 0.03355729166666667 0.1334537037037037
2 0.5998072916666667 0.6239722222222223 0.037572916666666664 0.08049074074074075
2 0.6510052083333334 0.385537037037037 0.030338541666666666 0.10511111111111111
2 0.6065572916666666 0.37400925925925926 0.033692708333333335 0.11296296296296296
2 0.4928697916666666 0.5638518518518519 0.042958333333333334 0.12662962962962962
2 0.530765625 0.5170462962962963 0.034520833333333334 0.10432407407407407
2 0.5394583333333334 0.4603796296296296 0.02783333333333333 0.10744444444444445
2 0.5073072916666667 0.42639814814814814 0.029052083333333333 0.11078703703703704
2 0.4119114583333333 0.4444722222222222 0.025416666666666664 0.06136111111111111
1 0.32549479166666667 0.47332407407407406 0.03573958333333334 0.1119537037037037
2 0.3423333333333333 0.45063888888888887 0.03733854166666666 0.11172222222222222
2 0.2579895833333333 0.5506666666666666 0.037098958333333334 0.12639814814814815