1 0.16716145833333332 0.3377777777777778 0.032755208333333334 0.10500000000000001
2 0.2689166666666667 0.4105740740740741 0.035380208333333336 0.11937037037037036
2 0.35421875 0.4462777777777778 0.034140625 0.12192592592592594
2 0.47191145833333337 0.5287777777777778 0.02175 0.1185462962962963
2 0.5353645833333334 0.57625 0.022536458333333335 0.12624074074074074
2 0.510296875 0.4285277777777778 0.021489583333333333 0.108
3 0.49470833333333336 0.4579537037037037 0.02136979166666667 0.10389814814814814
2 0.520765625 0.3987685185185185 0.019432291666666667 0.09157407407407409
2 0.5428177083333333 0.4166574074074074 0.02253125 0.10083333333333334
2 0.561328125 0.3945740740740741 0.019791666666666666 0.10085185185185186
2 0.578875 0.4200833333333333 0.021963541666666666 0.0966388888888889
2 0.6234427083333334 0.42184259259259255 0.024739583333333332 0.11341666666666667
2 0.9121875 0.2780648148148148 0.018130208333333335 0.08830555555555555
2 0.8947447916666668 0.27539814814814817 0.021453125 0.09187037037037037
3 0.8513229166666666 0.267712962962963 0.02165625 0.08764814814814814
0 0.8646927083333333 0.3071203703703704 0.013953125 0.03286111111111111
2 0.7492291666666666 0.2984351851851852 0.021005208333333334 0.1000925925925926
2 0.7321041666666667 0.29910185185185184 0.023703125 0.09251851851851851
2 0.7144479166666666 0.3035 0.023458333333333335 0.09351851851851851
2 0.421828125 0.9710092592592593 0.029713541666666666 0.057990740740740745