3 0.07027604166666666 0.513175925925926 0.026473958333333332 0.15380555555555556
2 0.4246979166666666 0.3111759259259259 0.024109375 0.1013425925925926
2 0.41555729166666666 0.24850925925925924 0.016859375 0.07584259259259259
2 0.34705208333333337 0.6289722222222222 0.024432291666666665 0.1058888888888889
2 0.36734374999999997 0.5900833333333333 0.04197395833333333 0.11884259259259258
2 0.381265625 0.5461296296296296 0.018296875 0.09869444444444445
2 0.5379739583333334 0.3465092592592593 0.026979166666666665 0.11439814814814815
2 0.608328125 0.4499351851851852 0.0316875 0.11675
2 0.537875 0.44123148148148145 0.033255208333333335 0.11942592592592592
2 0.7117864583333334 0.6097037037037037 0.034874999999999996 0.13362962962962963
2 0.6191770833333333 0.6434351851851852 0.03363541666666667 0.1418148148148148
2 0.5972708333333333 0.7658425925925926 0.036921875 0.1246388888888889
2 0.8441458333333334 0.8335092592592593 0.04448958333333333 0.17084259259259257
0 0.37227604166666667 0.6433333333333333 0.015010416666666667 0.03663888888888889