2 0.768046875 0.788537037037037 0.05640625 0.20114814814814816
2 0.8296510416666667 0.5755740740740741 0.04497395833333333 0.15487037037037035
2 0.801953125 0.4791296296296297 0.036656249999999994 0.1315462962962963
2 0.7608489583333333 0.45735185185185184 0.04741145833333334 0.18025925925925926
2 0.776421875 0.3557592592592593 0.04716666666666667 0.1466388888888889
2 0.8797447916666666 0.3649907407407407 0.04616666666666667 0.1350462962962963
2 0.620953125 0.2538518518518519 0.05011458333333333 0.11022222222222222
2 0.5508854166666667 0.46658333333333335 0.06088541666666667 0.10859259259259259
2 0.5342916666666666 0.4473796296296296 0.05545833333333334 0.1195462962962963
2 0.49759375 0.6319999999999999 0.06416145833333334 0.15183333333333332
2 0.44955208333333335 0.69325 0.06466145833333334 0.17346296296296296
2 0.5738802083333333 0.8172407407407407 0.047718750000000004 0.17033333333333334
2 0.142171875 0.8928703703703703 0.04627604166666666 0.16492592592592592
2 0.14814583333333334 0.9728148148148149 0.03529166666666667 0.05437037037037037
2 0.26384375 0.5196851851851851 0.04816666666666667 0.14396296296296296
2 0.161546875 0.5211851851851852 0.05483854166666667 0.1340925925925926
3 0.18816145833333334 0.4246388888888889 0.039260416666666666 0.12986111111111112
0 0.21870312500000003 0.4555462962962963 0.020661458333333334 0.05431481481481481
2 0.04947395833333333 0.41325925925925927 0.049203125 0.13716666666666666