1 0.2509270833333333 0.3668518518518518 0.02965625 0.10466666666666667
2 0.43071875 0.5264722222222222 0.026119791666666666 0.11963888888888889
2 0.44566666666666666 0.4985555555555556 0.030223958333333335 0.11163888888888888
2 0.47688020833333333 0.4613703703703703 0.02984375 0.11774074074074074
2 0.4542083333333334 0.45004629629629633 0.02421875 0.10493518518518519
2 0.4642291666666667 0.38502777777777775 0.021166666666666667 0.11942592592592592
2 0.5220104166666667 0.5270370370370371 0.026807291666666667 0.11112962962962962
2 0.5622291666666667 0.5449351851851851 0.034270833333333334 0.0779537037037037
2 0.6018072916666667 0.5310555555555555 0.045989583333333334 0.13723148148148148
0 0.5885572916666667 0.5383796296296297 0.011171875 0.038564814814814816
2 0.5575677083333334 0.4465925925925926 0.0295625 0.10789814814814815
2 0.5280572916666667 0.41721296296296295 0.028744791666666665 0.09838888888888889
2 0.5450520833333333 0.3224814814814815 0.029473958333333335 0.11585185185185186
2 0.5688802083333333 0.38175000000000003 0.025406250000000002 0.1128611111111111
2 0.6299739583333334 0.3645925925925926 0.030276041666666666 0.09333333333333334
2 0.73565625 0.4076851851851852 0.03380208333333334 0.11875925925925924
2 0.7426302083333333 0.3360277777777778 0.041281250000000005 0.12159259259259259
3 0.8600885416666666 0.4750740740740741 0.028640625 0.1336574074074074
2 0.8851614583333334 0.6395740740740741 0.05015104166666667 0.14077777777777778
2 0.9781666666666666 0.5335925925925926 0.038484375 0.17023148148148148
3 0.8876770833333333 0.16175 0.026911458333333336 0.09277777777777778