2 0.16506770833333334 0.5225833333333333 0.03794270833333333 0.15535185185185185
0 0.24083854166666668 0.6436574074074074 0.017619791666666666 0.03175925925925926
1 0.16402083333333334 0.3047222222222222 0.04627604166666666 0.1131574074074074
2 0.3995520833333333 0.7689166666666666 0.035562500000000004 0.16653703703703704
2 0.6150260416666666 0.6112592592592593 0.03161979166666667 0.1706574074074074
2 0.5154270833333333 0.9284722222222223 0.043354166666666666 0.14305555555555555
2 0.8564114583333333 0.9458333333333333 0.04043229166666666 0.10833333333333334
2 0.6700989583333333 0.7406759259259259 0.040203125 0.1563425925925926
2 0.7082499999999999 0.23596296296296296 0.0305625 0.1469351851851852
2 0.7499114583333333 0.4744259259259259 0.05138541666666666 0.1331111111111111
2 0.7100729166666666 0.619824074074074 0.03941666666666667 0.14612037037037037
2 0.9884114583333333 0.9015740740740741 0.023177083333333334 0.16796296296296298