2 0.08783333333333333 0.6280555555555555 0.026776041666666663 0.10081481481481482
0 0.10000520833333333 0.6710462962962963 0.014489583333333333 0.03166666666666667
2 0.8229166666666666 0.5141481481481481 0.03177083333333333 0.1449814814814815
2 0.7480416666666667 0.3765833333333333 0.032526041666666665 0.11473148148148148
1 0.8119947916666667 0.34076851851851847 0.03368229166666667 0.11587962962962964
2 0.8802864583333334 0.37350925925925926 0.029359375 0.10298148148148148
2 0.9122395833333333 0.38525925925925925 0.03658854166666667 0.10969444444444444
2 0.989875 0.4736111111111111 0.02025 0.11985185185185185
2 0.9892291666666666 0.3445462962962963 0.021322916666666667 0.1038425925925926
2 0.9863593749999999 0.3708518518518518 0.016369791666666668 0.09487037037037037
2 0.9947916666666666 0.3679814814814815 0.010411458333333333 0.09053703703703704