0 0.5335260416666666 0.3290277777777778 0.03006770833333333 0.04601851851851852
2 0.14514583333333334 0.33042592592592596 0.042375 0.13214814814814815
2 0.35996875 0.2866666666666667 0.039734375 0.12333333333333332
2 0.4785833333333333 0.6825648148148148 0.03997395833333333 0.14660185185185187
3 0.8458697916666666 0.491787037037037 0.05319270833333333 0.11691666666666667
2 0.9858072916666667 0.43275925925925923 0.028385416666666666 0.1386574074074074
2 0.6591666666666666 0.40844444444444444 0.049578125 0.13540740740740742
2 0.5154270833333333 0.5547592592592593 0.043354166666666666 0.13175
2 0.5706302083333333 0.5624074074074074 0.032927083333333336 0.14981481481481482
2 0.238625 0.4278888888888889 0.026213541666666666 0.11875
2 0.26297395833333337 0.4362314814814815 0.025427083333333333 0.15393518518518517