2 0.017364583333333336 0.3254907407407407 0.030703125 0.12339814814814816
2 0.03666666666666667 0.2503796296296297 0.02721875 0.09677777777777777
2 0.34792708333333333 0.4274444444444444 0.02949479166666667 0.09635185185185186
2 0.34371875 0.3765555555555556 0.03205729166666667 0.07588888888888888
2 0.33484375 0.3185 0.045411458333333335 0.13218518518518518
2 0.4192708333333333 0.36971296296296297 0.047760416666666666 0.13377777777777777
3 0.5302343749999999 0.4373518518518518 0.037333333333333336 0.12593518518518518
2 0.527953125 0.2381851851851852 0.019953125000000002 0.10816666666666666
2 0.6290208333333334 0.3311851851851852 0.04461458333333333 0.12501851851851853
2 0.7015520833333333 0.34712037037037036 0.03416145833333333 0.0853425925925926
2 0.6933229166666667 0.4966944444444444 0.05794791666666667 0.1632962962962963
2 0.7278958333333333 0.3450092592592593 0.042937499999999997 0.11037962962962962
2 0.8891510416666667 0.6992777777777778 0.04525520833333333 0.15862037037037038
2 0.9890677083333334 0.436537037037037 0.021864583333333333 0.15357407407407409
2 0.8973697916666666 0.37812962962962965 0.03329166666666667 0.12966666666666665
2 0.9119010416666666 0.304962962962963 0.038390625 0.1352685185185185
2 0.8766302083333334 0.267 0.03558854166666667 0.1297314814814815