2 0.9573072916666666 0.19744444444444445 0.039031249999999997 0.14694444444444443
2 0.9082552083333333 0.14164814814814813 0.032942708333333334 0.11868518518518519
2 0.78975 0.13855555555555554 0.047671875 0.13102777777777777
2 0.7325989583333333 0.34582407407407406 0.063578125 0.16283333333333336
3 0.58746875 0.3177962962962963 0.03894270833333333 0.13455555555555554
2 0.5625833333333333 0.5898611111111111 0.08292708333333333 0.154
2 0.46896354166666665 0.6988888888888889 0.04325520833333333 0.16218518518518518
3 0.43915104166666663 0.7717037037037038 0.05803645833333334 0.19527777777777777
2 0.414703125 0.7030092592592593 0.030218750000000003 0.16424074074074074
2 0.43857812500000004 0.6181481481481482 0.04151041666666667 0.14267592592592593
2 0.22096354166666668 0.5818888888888889 0.05071875 0.1905185185185185
2 0.08871354166666667 0.4628240740740741 0.064 0.1530185185185185
2 0.4643333333333333 0.48442592592592587 0.040937499999999995 0.18387037037037038
2 0.3336770833333333 0.30312962962962964 0.059140624999999995 0.17005555555555554
2 0.3886614583333333 0.16864814814814813 0.03716145833333333 0.12021296296296298
2 0.47041145833333337 0.1519351851851852 0.0253125 0.12073148148148147
2 0.4795260416666667 0.1022962962962963 0.03833854166666666 0.1295