0 0.31049479166666666 0.6869537037037037 0.024119791666666668 0.03037962962962963
3 0.026406250000000003 0.5144814814814814 0.052807291666666666 0.1345185185185185
2 0.2892708333333333 0.5466574074074074 0.051984375 0.11090740740740741
2 0.43535416666666665 0.5691203703703703 0.04727083333333334 0.13267592592592592
2 0.453453125 0.6334814814814814 0.04440625 0.14103703703703704
2 0.39291145833333335 0.29824074074074075 0.03009375 0.11871296296296296
2 0.4251979166666667 0.3410740740740741 0.032171875 0.12566666666666668
2 0.490296875 0.37372222222222223 0.037369791666666666 0.1307685185185185
2 0.5813072916666666 0.4711851851851852 0.03448958333333333 0.1358888888888889
2 0.6371614583333333 0.5543055555555555 0.029010416666666667 0.15860185185185185
2 0.7135885416666666 0.6364907407407407 0.049046875000000004 0.14242592592592593
2 0.879328125 0.7288611111111111 0.055010416666666666 0.14662037037037037
1 0.98296875 0.29500000000000004 0.022703125 0.14000925925925928
2 0.3353645833333333 0.6353333333333333 0.034791666666666665 0.16325925925925924
2 0.3431770833333333 0.5846296296296296 0.03999479166666667 0.11277777777777777