2 0.11090104166666667 0.24290740740740738 0.03378645833333334 0.11452777777777777
3 0.0991875 0.5010555555555556 0.036390625 0.1354351851851852
2 0.15256770833333333 0.5619444444444445 0.03378125 0.13221296296296295
2 0.19579166666666667 0.34547222222222224 0.036895833333333336 0.12057407407407407
2 0.2314635416666667 0.5438796296296297 0.04053645833333333 0.16091666666666665
2 0.42415625 0.4008055555555556 0.040505208333333334 0.12475925925925926
2 0.5684166666666666 0.5887962962962963 0.0394375 0.13777777777777778
2 0.8860989583333333 0.5968981481481481 0.03730208333333333 0.15121296296296297
2 0.5914635416666666 0.7145092592592592 0.039171874999999995 0.1642037037037037
1 0.46530208333333334 0.3788148148148148 0.029041666666666667 0.13169444444444445
2 0.481703125 0.32325000000000004 0.035807291666666664 0.1131574074074074
2 0.6570833333333332 0.4149259259259259 0.034994791666666664 0.11133333333333333
2 0.6350625 0.5303611111111111 0.018203125 0.1179074074074074
2 0.6502760416666666 0.5297499999999999 0.023895833333333335 0.1163425925925926