2 0.662859375 0.6448425925925926 0.04394791666666666 0.15912037037037036
2 0.6115677083333334 0.43657407407407406 0.040317708333333334 0.13148148148148148
1 0.591515625 0.3951574074074074 0.03668229166666667 0.11808333333333333
2 0.5274635416666666 0.5469537037037038 0.054406249999999996 0.1439074074074074
2 0.26839583333333333 0.5141018518518519 0.0310625 0.10598148148148148
2 0.30185416666666665 0.4777592592592593 0.053703125 0.1490462962962963
2 0.335703125 0.4652685185185185 0.038072916666666665 0.15182407407407408
2 0.2668177083333333 0.45711111111111113 0.02059375 0.1073425925925926
2 0.247140625 0.5058518518518519 0.025385416666666667 0.118
2 0.23948958333333334 0.45994444444444443 0.01665625 0.11636111111111111
2 0.22605729166666666 0.44742592592592595 0.033 0.1013425925925926
2 0.22432291666666665 0.4073611111111111 0.022953125 0.10804629629629629
2 0.16297395833333334 0.4956666666666667 0.027067708333333333 0.12768518518518518
2 0.11423437500000001 0.4547685185185185 0.021635416666666667 0.11602777777777779
2 0.08493229166666666 0.5186203703703703 0.038177083333333334 0.12183333333333335
2 0.059671875 0.46044444444444443 0.030859375 0.1073425925925926