2 0.6058854166666666 0.524425925925926 0.05455729166666667 0.14267592592592593
2 0.6561822916666666 0.39610185185185187 0.037723958333333335 0.11737037037037037
2 0.5063229166666666 0.3113518518518518 0.025239583333333333 0.11995370370370372
2 0.52440625 0.316712962962963 0.0550625 0.10247222222222223
2 0.5364687499999999 0.26566666666666666 0.034749999999999996 0.08500925925925926
2 0.4023125 0.3625462962962963 0.050505208333333336 0.10102777777777777
2 0.37565624999999997 0.4214907407407407 0.054322916666666665 0.12299074074074075
2 0.3257552083333334 0.4934074074074074 0.05132291666666667 0.13705555555555557
3 0.294734375 0.3848240740740741 0.044828124999999996 0.10609259259259259
2 0.3148854166666667 0.3488611111111111 0.03752083333333334 0.12162962962962964
2 0.23999479166666668 0.35775 0.040088541666666665 0.13092592592592592
2 0.21619270833333332 0.44560185185185186 0.06230729166666667 0.12889814814814815
2 0.14931770833333333 0.409787037037037 0.047578125 0.0742037037037037
2 0.10536458333333334 0.2426759259259259 0.032677083333333336 0.12649074074074076