2 0.328984375 0.7353518518518518 0.066296875 0.17810185185185184
2 0.6061718749999999 0.7121944444444444 0.09723958333333332 0.16883333333333334
2 0.10139583333333334 0.532537037037037 0.048630208333333334 0.10581481481481482
2 0.07874479166666666 0.6987685185185185 0.060609375 0.13271296296296298
2 0.22575520833333332 0.5350925925925926 0.045864583333333334 0.12925
2 0.24625 0.4060740740740741 0.028932291666666665 0.10683333333333334
2 0.28016145833333334 0.47855555555555557 0.03327083333333333 0.10923148148148148
2 0.39431770833333335 0.35121296296296295 0.027682291666666668 0.08820370370370371
2 0.43569270833333335 0.34378703703703706 0.022442708333333335 0.09512962962962962
2 0.4347447916666667 0.5294537037037037 0.03502604166666667 0.11201851851851852
2 0.48419270833333333 0.4135 0.03591145833333333 0.10782407407407407
2 0.5917760416666666 0.43765740740740744 0.028317708333333334 0.1165462962962963
2 0.5571979166666666 0.27824074074074073 0.02264583333333333 0.08679629629629629
2 0.573234375 0.29636111111111113 0.0253125 0.10125925925925926
3 0.6349322916666666 0.4191388888888889 0.03555208333333334 0.10921296296296297