2 0.5909427083333333 0.7099537037037037 0.042416666666666665 0.16887037037037037
2 0.7898958333333332 0.8248981481481481 0.04969791666666667 0.17345370370370372
2 0.9327083333333334 0.6016851851851852 0.06275520833333333 0.15913888888888889
2 0.6948333333333333 0.4278518518518518 0.04880729166666666 0.13246296296296298
2 0.6059895833333333 0.44842592592592595 0.041265625 0.11805555555555555
3 0.7268072916666667 0.20979629629629631 0.02421875 0.09139814814814815
3 0.4775052083333333 0.46823148148148147 0.048177083333333336 0.12987037037037036
1 0.421359375 0.44662962962962965 0.04353125 0.12371296296296297
2 0.3831614583333333 0.47105555555555556 0.04352604166666666 0.13244444444444445
2 0.24483854166666666 0.49548148148148147 0.062010416666666665 0.14735185185185184
0 0.5087552083333333 0.6361574074074073 0.027348958333333333 0.06758333333333333