1 0.3403333333333334 0.31548148148148153 0.04119791666666666 0.1330185185185185
2 0.695265625 0.40882407407407406 0.054885416666666666 0.1622962962962963
2 0.834609375 0.43042592592592593 0.057526041666666666 0.16228703703703704
3 0.8011822916666667 0.5986018518518519 0.061859375 0.15297222222222223
2 0.9234479166666667 0.6896388888888888 0.05465104166666667 0.16219444444444445
2 0.18493229166666666 0.6729259259259259 0.06026041666666667 0.13802777777777778
2 0.20229687500000001 0.6335833333333333 0.04290104166666667 0.11181481481481483
2 0.37129687499999997 0.7048055555555556 0.047572916666666666 0.17710185185185187
2 0.44075000000000003 0.761638888888889 0.051062500000000004 0.16422222222222224
2 0.5209114583333333 0.6001481481481481 0.04471354166666666 0.13137037037037036
2 0.456234375 0.57675 0.049041666666666664 0.1432037037037037
2 0.4798177083333333 0.4833981481481482 0.04933333333333333 0.12626851851851853
0 0.22298437499999998 0.6623888888888889 0.016572916666666666 0.039796296296296295