3 0.8684218749999999 0.913425925925926 0.05142708333333333 0.17314814814814813
2 0.8078854166666667 0.4224537037037037 0.037125 0.16342592592592592
3 0.6947500000000001 0.40347222222222223 0.08429166666666667 0.17176851851851851
2 0.437375 0.16720370370370372 0.040901041666666665 0.14830555555555555
2 0.4225364583333333 0.509462962962963 0.05808854166666667 0.17077777777777778
2 0.4798177083333333 0.6432222222222221 0.04765625 0.1697685185185185
2 0.530328125 0.7142592592592593 0.044515624999999996 0.18685185185185185
2 0.5699062500000001 0.6573333333333333 0.050749999999999997 0.19336111111111112
2 0.6001093750000001 0.5858240740740741 0.04865625 0.16610185185185183
0 0.40586979166666665 0.6716944444444444 0.045598958333333335 0.0832037037037037
2 0.3011979166666666 0.7871666666666667 0.07583854166666668 0.09655555555555556
2 0.222046875 0.8045185185185185 0.06336458333333334 0.1358888888888889
2 0.1943177083333333 0.4219814814814815 0.041765625 0.19026851851851853
2 0.154875 0.35974074074074075 0.04359895833333333 0.18150925925925926
2 0.03978645833333334 0.4645648148148148 0.053015625000000004 0.20135185185185187