2 0.975390625 0.45433333333333337 0.024354166666666666 0.11722222222222221
2 0.9508593750000001 0.6397592592592594 0.03929166666666666 0.14491666666666667
2 0.858625 0.7239074074074074 0.03363541666666667 0.10369444444444444
2 0.7106822916666666 0.6620648148148148 0.03541145833333333 0.12630555555555556
3 0.7515677083333333 0.43825925925925924 0.026765625 0.11037037037037037
2 0.7189114583333333 0.28259259259259256 0.02246875 0.07444444444444445
2 0.6847031250000001 0.3156481481481481 0.028864583333333336 0.09418518518518518
2 0.5715312499999999 0.2818055555555556 0.02694791666666667 0.0838425925925926
2 0.49499479166666666 0.35450000000000004 0.029671875 0.0877037037037037
2 0.41524479166666667 0.396212962962963 0.02803125 0.0930462962962963
2 0.33583854166666666 0.31449074074074074 0.025697916666666668 0.09064814814814816
2 0.3001875 0.2360648148148148 0.019598958333333336 0.07776851851851851
3 0.257359375 0.22532407407407407 0.02521875 0.08558333333333334
2 0.29420833333333335 0.4851296296296297 0.031713541666666664 0.1102037037037037
2 0.04344270833333333 0.30414814814814817 0.024421875 0.10151851851851852
2 0.055359375 0.42987037037037035 0.029270833333333336 0.11850925925925926
2 0.075296875 0.6139907407407408 0.037494791666666666 0.1341388888888889