2 0.39814062499999997 0.49475 0.0420625 0.10667592592592592
2 0.41304166666666664 0.45862037037037034 0.050109375 0.11672222222222223
2 0.346078125 0.4531296296296296 0.028786458333333334 0.12113888888888891
2 0.24961458333333333 0.43249074074074073 0.0376875 0.12341666666666666
2 0.0605625 0.5570277777777778 0.03635416666666667 0.15647222222222223
3 0.3380520833333333 0.17762962962962964 0.026588541666666667 0.09060185185185185
2 0.40518750000000003 0.30816666666666664 0.030932291666666667 0.10222222222222223
2 0.710140625 0.4450277777777778 0.043182291666666664 0.1542037037037037
2 0.9698177083333334 0.5108888888888888 0.03763020833333333 0.14733333333333334
2 0.9874583333333333 0.29256481481481483 0.022677083333333334 0.11413888888888889
0 0.43923958333333335 0.2753148148148148 0.017614583333333333 0.03036111111111111