2 0.4485208333333333 0.6826574074074074 0.035562500000000004 0.10088888888888889
2 0.467296875 0.5638055555555556 0.034640625 0.11724074074074074
1 0.36123437500000005 0.45537962962962963 0.046036458333333335 0.10233333333333333
2 0.5528645833333333 0.4565092592592592 0.039052083333333334 0.12088888888888889
2 0.6339270833333334 0.5817129629629629 0.038119791666666666 0.12049074074074073
2 0.8070364583333334 0.6412962962962964 0.043557291666666664 0.14194444444444446
2 0.6849479166666667 0.5279907407407407 0.028395833333333335 0.11075
2 0.6558177083333334 0.4557037037037037 0.025109375 0.09646296296296297
2 0.7101614583333333 0.47930555555555554 0.03484895833333333 0.10133333333333333
2 0.769421875 0.4693703703703704 0.030614583333333334 0.12381481481481481
2 0.7888385416666667 0.3910648148148148 0.025479166666666667 0.1293888888888889
2 0.9380416666666667 0.366 0.03623958333333333 0.08317592592592593
3 0.97540625 0.4947777777777778 0.03769270833333334 0.09644444444444444
3 0.8274895833333333 0.2572407407407407 0.04048958333333333 0.07412037037037036
2 0.8446145833333334 0.49525925925925923 0.03993229166666667 0.1137037037037037
2 0.8503541666666667 0.4327222222222222 0.024458333333333335 0.09149074074074075
2 0.8492604166666666 0.397037037037037 0.028708333333333332 0.07504629629629629