2 0.488671875 0.7106666666666667 0.03995833333333333 0.14994444444444444
2 0.34260416666666665 0.8626851851851852 0.03948958333333333 0.14225
2 0.015802083333333335 0.516824074074074 0.02825 0.13262962962962963
2 0.09453645833333332 0.30980555555555556 0.034765625 0.10857407407407407
2 0.17339062500000002 0.4291111111111111 0.048281250000000005 0.1269537037037037
3 0.21898958333333332 0.4039537037037037 0.03366145833333333 0.09930555555555555
2 0.5048489583333333 0.38363888888888886 0.042796875 0.12241666666666667
2 0.689890625 0.53175 0.024572916666666667 0.1258425925925926
2 0.7861041666666666 0.4034444444444445 0.03586458333333333 0.11573148148148148
1 0.7320520833333333 0.44202777777777774 0.0458125 0.08796296296296297
2 0.6883854166666666 0.4290648148148148 0.033140625 0.07437962962962963