2 0.5811041666666666 0.38053703703703706 0.057463541666666666 0.12425
2 0.68296875 0.4250277777777777 0.045911458333333335 0.1422314814814815
2 0.33859895833333337 0.6873148148148148 0.07245312500000001 0.19767592592592592
3 0.267265625 0.4674537037037037 0.05652083333333333 0.16227777777777777
2 0.29605729166666667 0.30210185185185184 0.06376041666666667 0.1494814814814815
2 0.06802083333333334 0.43350925925925926 0.0475 0.13760185185185186
2 0.4899479166666667 0.18587962962962962 0.03139583333333333 0.12072222222222222
2 0.7237708333333334 0.3100833333333333 0.052286458333333334 0.12117592592592594
2 0.8315677083333333 0.30030555555555555 0.070546875 0.16130555555555556
2 0.92084375 0.3861944444444444 0.04249479166666667 0.16025
2 0.98278125 0.3746203703703703 0.03443229166666666 0.15253703703703705
2 0.9767083333333333 0.7395185185185185 0.04658333333333333 0.21257407407407408