2 0.8906510416666666 0.39316666666666666 0.05025 0.15192592592592594
2 0.8057708333333333 0.37305555555555553 0.0478125 0.1434074074074074
2 0.8103645833333334 0.5476944444444445 0.04740104166666667 0.1684074074074074
2 0.5968697916666666 0.37659259259259265 0.05103645833333333 0.13828703703703704
2 0.5585416666666667 0.3837777777777778 0.044333333333333336 0.16485185185185183
2 0.7219218749999999 0.2503888888888889 0.054286458333333336 0.12481481481481482
2 0.5961145833333333 0.16312962962962962 0.037187500000000005 0.1160925925925926
2 0.5669062500000001 0.12962037037037039 0.030890625 0.11489814814814815
2 0.47722916666666665 0.6240277777777778 0.054510416666666665 0.15771296296296297
2 0.5829479166666667 0.618175925925926 0.071203125 0.1655185185185185
2 0.6116770833333334 0.8106018518518519 0.04774479166666667 0.18221296296296297
2 0.5288541666666666 0.7720925925925926 0.07409895833333334 0.18321296296296297
0 0.391875 0.8638796296296296 0.02340625 0.06201851851851852
3 0.3077708333333333 0.8866944444444445 0.06461979166666666 0.1924351851851852
2 0.32745833333333335 0.8084074074074075 0.06902604166666666 0.1924537037037037
2 0.29715104166666667 0.5613796296296296 0.06602083333333333 0.1738425925925926
2 0.05713541666666667 0.5136666666666666 0.053656249999999996 0.15155555555555555
3 0.06865625 0.39812962962962967 0.06571875 0.17405555555555555
2 0.010010416666666666 0.2760648148148148 0.02002083333333333 0.15297222222222223