2 0.114734375 0.5796759259259259 0.025744791666666666 0.11635185185185185
0 0.13678645833333333 0.6293240740740741 0.008906250000000001 0.02588888888888889
2 0.10042708333333333 0.3863240740740741 0.020755208333333334 0.11468518518518518
2 0.17789583333333334 0.17683333333333331 0.025770833333333333 0.08300925925925927
2 0.33861979166666667 0.5504074074074075 0.03538541666666666 0.12426851851851853
2 0.5601770833333333 0.5133888888888889 0.027328124999999998 0.13249074074074074
2 0.34256770833333333 0.3856851851851852 0.043479166666666666 0.1332037037037037
2 0.5161145833333334 0.3474722222222222 0.02596875 0.1297222222222222
2 0.6535520833333333 0.48818518518518517 0.03188020833333333 0.13350925925925924
3 0.5767135416666667 0.4426851851851852 0.03436979166666666 0.10933333333333334
2 0.5557395833333333 0.22500925925925924 0.030026041666666666 0.10587962962962963
2 0.6842135416666667 0.3674351851851852 0.035354166666666666 0.13366666666666668
2 0.7705729166666667 0.490324074074074 0.031968750000000004 0.13472222222222222
2 0.9206406250000001 0.24 0.029723958333333335 0.1057962962962963