2 0.9551979166666666 0.8378888888888889 0.039093750000000003 0.16385185185185186
2 0.12409374999999999 0.7048425925925926 0.03977604166666667 0.18249074074074073
2 0.013833333333333333 0.39031481481481484 0.027661458333333333 0.12636111111111112
2 0.15639062499999998 0.31685185185185183 0.0376875 0.13749074074074075
2 0.21819791666666666 0.25687037037037036 0.0390625 0.10312962962962963
2 0.254140625 0.30523148148148144 0.033151041666666665 0.08789814814814816
2 0.3795 0.3559537037037037 0.03938020833333333 0.08398148148148149
2 0.45219270833333336 0.43980555555555556 0.032880208333333334 0.1199814814814815
2 0.4038125 0.31275 0.023130208333333332 0.10121296296296296
3 0.6483333333333333 0.4252962962962963 0.039906250000000004 0.1304722222222222
2 0.5546927083333333 0.3303425925925926 0.04365104166666667 0.10553703703703704
2 0.6567291666666667 0.3062685185185185 0.03591145833333333 0.09442592592592593
2 0.7749114583333333 0.22847222222222222 0.026338541666666666 0.08585185185185185
2 0.9027552083333333 0.33475925925925926 0.044947916666666664 0.11402777777777778
2 0.9625468749999999 0.4969166666666666 0.05032291666666667 0.16091666666666665
2 0.9721562499999999 0.2364074074074074 0.03481770833333333 0.10901851851851851