2 0.7825833333333333 0.4546296296296296 0.03371875 0.12473148148148148
2 0.46947395833333333 0.4898611111111111 0.044708333333333336 0.11700925925925926
2 0.5302135416666667 0.37186111111111114 0.035416666666666666 0.09447222222222222
2 0.537046875 0.3415462962962963 0.026500000000000003 0.09089814814814814
2 0.511671875 0.3173518518518519 0.036375000000000005 0.09535185185185185
2 0.3435416666666667 0.6028981481481481 0.034171875 0.1275
2 0.3495416666666667 0.2974907407407408 0.030723958333333336 0.09789814814814815
3 0.22911458333333332 0.42087962962962966 0.035958333333333335 0.10796296296296296
2 0.194703125 0.38401851851851854 0.027765625000000002 0.09551851851851852
2 0.19940104166666667 0.2942222222222222 0.033588541666666666 0.08923148148148148
2 0.10494270833333334 0.46261111111111114 0.03845833333333334 0.11744444444444445