2 0.5675 0.2799907407407407 0.04761979166666667 0.12994444444444445
0 0.5459427083333334 0.21905555555555556 0.017807291666666666 0.037907407407407404
2 0.564609375 0.19282407407407406 0.038359375 0.10683333333333334
2 0.394015625 0.28179629629629627 0.0391875 0.11811111111111111
2 0.29923958333333334 0.24116666666666664 0.04581770833333333 0.11710185185185185
3 0.16467708333333334 0.3892777777777778 0.040578125 0.16025
2 0.188984375 0.3905648148148148 0.04174479166666667 0.12476851851851851
2 0.07597916666666667 0.5759722222222222 0.07325520833333334 0.16325925925925924
2 0.6855729166666666 0.3753888888888889 0.05806770833333333 0.19419444444444445
2 0.8748333333333334 0.24734259259259259 0.03264583333333333 0.11503703703703703
2 0.8963854166666666 0.2985277777777778 0.04982291666666667 0.09841666666666667
2 0.9684583333333333 0.37950925925925927 0.063078125 0.16539814814814816