2 0.47316145833333334 0.3530277777777778 0.029078125 0.09083333333333332
0 0.5045572916666666 0.38825925925925925 0.01721875 0.03475925925925926
2 0.23658854166666668 0.5327777777777778 0.036833333333333336 0.14476851851851852
3 0.5278541666666666 0.26379629629629625 0.02735416666666667 0.10063888888888889
2 0.7268072916666667 0.30416666666666664 0.03463541666666667 0.10422222222222223
2 0.7993020833333334 0.3332222222222222 0.028578125 0.10369444444444444
2 0.7987239583333333 0.4798055555555556 0.03783854166666667 0.13141666666666668
2 0.6236406250000001 0.6824351851851852 0.04184895833333333 0.15396296296296297
2 0.33744270833333334 0.9223240740740741 0.05624479166666666 0.15535185185185185
2 0.9688802083333333 0.6371759259259259 0.03788020833333334 0.12518518518518518
2 0.9836510416666666 0.5304629629629629 0.03269791666666667 0.13704629629629628