2 0.260609375 0.32242592592592595 0.039734375 0.1438148148148148
2 0.23210416666666667 0.5631203703703703 0.05390625 0.13137962962962962
2 0.3527760416666667 0.37334259259259256 0.04178125 0.13453703703703704
2 0.41296354166666666 0.3635925925925926 0.053125 0.16889814814814816
2 0.41181249999999997 0.7364351851851852 0.08346875 0.20023148148148148
2 0.488203125 0.8527037037037036 0.07857291666666667 0.1701111111111111
2 0.793515625 0.479287037037037 0.04478125 0.11803703703703704
3 0.8908854166666667 0.4854814814814815 0.060822916666666664 0.14117592592592593
2 0.766890625 0.37616666666666665 0.050562499999999996 0.11242592592592593
2 0.8489322916666667 0.2979907407407407 0.049713541666666666 0.12274074074074075
2 0.8221614583333333 0.4353148148148148 0.04305208333333333 0.12576851851851853
2 0.6009270833333333 0.24219444444444443 0.04328645833333333 0.1191574074074074
3 0.149484375 0.22316666666666668 0.036234375 0.1057962962962963