2 0.526625 0.7057129629629629 0.039703125 0.15587037037037038
2 0.364265625 0.8318888888888889 0.045723958333333335 0.16285185185185186
2 0.05283333333333333 0.6807129629629629 0.03744270833333333 0.14289814814814816
3 0.19735416666666666 0.39316666666666666 0.04002083333333333 0.11410185185185186
2 0.5337864583333333 0.3866851851851852 0.035796875 0.11965740740740739
2 0.23875520833333336 0.4065925925925926 0.03428645833333333 0.1317037037037037
2 0.16038020833333333 0.30564814814814817 0.03481770833333333 0.09277777777777778
2 0.012994791666666667 0.49827777777777776 0.025989583333333333 0.1484074074074074
2 0.07575 0.5015185185185185 0.041604166666666664 0.12710185185185185
2 0.6947083333333333 0.5292962962962963 0.03472916666666667 0.12711111111111112
2 0.8125364583333333 0.41585185185185186 0.038614583333333334 0.11318518518518518
2 0.7683645833333334 0.3717222222222222 0.03424479166666667 0.0982962962962963
1 0.7888072916666666 0.3551851851851852 0.026567708333333332 0.10824074074074075