2 0.9825520833333333 0.5092314814814815 0.034895833333333334 0.1564259259259259
2 0.7338072916666667 0.44119444444444444 0.047828125 0.1962685185185185
2 0.7102447916666667 0.1665185185185185 0.04497395833333333 0.14228703703703702
2 0.3918125 0.39144444444444443 0.04872916666666667 0.16622222222222224
2 0.42344791666666665 0.05590740740740741 0.03127083333333333 0.11180555555555556
2 0.6146875 0.6566388888888889 0.04656770833333333 0.18735185185185185
2 0.47213541666666664 0.6152222222222222 0.0609375 0.15543518518518518
2 0.43750520833333334 0.7515185185185185 0.06980208333333333 0.16414814814814815
0 0.20069791666666664 0.9051944444444444 0.031088541666666667 0.06408333333333333
2 0.24339583333333334 0.8459351851851852 0.06440104166666667 0.1677962962962963
2 0.10735416666666667 0.7737407407407407 0.08657812499999999 0.1530277777777778
2 0.22347916666666665 0.1572685185185185 0.03758854166666667 0.10526851851851851
2 0.04772916666666667 0.4217685185185185 0.055875 0.12037962962962963
2 0.025208333333333333 0.35812037037037037 0.034270833333333334 0.1366203703703704
2 0.18208333333333335 0.5140925925925927 0.053744791666666666 0.12449074074074074
2 0.19939583333333333 0.5950833333333334 0.04410416666666667 0.14758333333333332