2 0.02206770833333333 0.7197037037037036 0.04082291666666667 0.14015740740740742
2 0.19925520833333332 0.5050555555555556 0.03144270833333333 0.1250648148148148
2 0.301 0.5126666666666666 0.039526041666666664 0.11624074074074074
2 0.239609375 0.29641666666666666 0.026473958333333332 0.09794444444444445
3 0.10705208333333333 0.2455277777777778 0.031927083333333335 0.08435185185185184
2 0.44468749999999996 0.6088425925925925 0.03829166666666666 0.12687037037037038
2 0.4890208333333333 0.9564166666666667 0.03978125 0.0871574074074074
2 0.463921875 0.3978796296296296 0.028666666666666667 0.10846296296296297
2 0.36923958333333334 0.3913425925925926 0.025697916666666668 0.10873148148148148
2 0.3436197916666667 0.32975925925925925 0.02405208333333333 0.09514814814814815
0 0.40846875 0.31281481481481477 0.01696354166666667 0.0265
2 0.754703125 0.309462962962963 0.042041666666666665 0.0972962962962963
2 0.6174166666666667 0.2748703703703704 0.03653125 0.08957407407407407
3 0.7012031249999999 0.4423611111111111 0.03123958333333333 0.11992592592592594
2 0.65784375 0.5806203703703704 0.03621354166666667 0.1292222222222222
2 0.9435885416666667 0.3985648148148148 0.030500000000000003 0.12586111111111112