2 0.301640625 0.3547314814814815 0.027244791666666667 0.10205555555555555
2 0.4186875 0.5024444444444445 0.04519270833333333 0.11413888888888889
2 0.5323541666666667 0.6056944444444444 0.04074479166666667 0.1262037037037037
2 0.6971822916666667 0.6325555555555555 0.042281250000000006 0.1577037037037037
2 0.6087760416666667 0.30356481481481484 0.04203645833333333 0.09694444444444444
2 0.7259583333333333 0.3447777777777778 0.03472395833333333 0.09603703703703703
2 0.802640625 0.40474074074074073 0.03966145833333334 0.10948148148148147
2 0.8670885416666666 0.3709351851851852 0.035744791666666664 0.08816666666666667
2 0.9157864583333333 0.5001203703703704 0.04458854166666667 0.11506481481481481
3 0.51803125 0.21291666666666664 0.023 0.07519444444444444
0 0.56140625 0.34044444444444444 0.010385416666666668 0.018509259259259257