2 0.019187500000000003 0.7124259259259259 0.038375000000000006 0.13625925925925925
3 0.13882291666666668 0.42944444444444446 0.041703124999999994 0.13399074074074074
2 0.21160937500000002 0.5637777777777778 0.034937499999999996 0.16016666666666665
2 0.13483854166666667 0.6286481481481482 0.03550520833333334 0.11357407407407408
2 0.14147916666666666 0.737 0.04347395833333333 0.15391666666666665
2 0.1400625 0.2771666666666666 0.03355729166666667 0.1285925925925926
2 0.229140625 0.33401851851851855 0.038119791666666666 0.13837037037037037
2 0.35626041666666663 0.5371574074074074 0.04083333333333334 0.14472222222222222
2 0.3445729166666667 0.6820370370370371 0.042958333333333334 0.1573611111111111
2 0.35590625000000004 0.059305555555555556 0.033041666666666664 0.10852777777777778
2 0.5448072916666666 0.13032407407407406 0.033546875 0.13090740740740742
2 0.624765625 0.29141666666666666 0.03935416666666667 0.12875
2 0.7608333333333334 0.22464814814814815 0.03870833333333333 0.1337685185185185
2 0.9304218750000001 0.4594166666666667 0.04664583333333334 0.17817592592592593
0 0.8454166666666667 0.5140462962962963 0.01834895833333333 0.05126851851851852
2 0.8603802083333334 0.49925 0.03941666666666667 0.1413333333333333