2 0.6533072916666666 0.4336851851851852 0.030052083333333333 0.14421296296296296
1 0.5892499999999999 0.3973333333333333 0.0269375 0.1317037037037037
2 0.37871875 0.4464166666666667 0.035562500000000004 0.11875
2 0.44446875 0.5008148148148148 0.029041666666666667 0.12108333333333335
2 0.449546875 0.4096018518518519 0.020968749999999998 0.11457407407407406
2 0.5099583333333333 0.4114537037037037 0.037625 0.1367962962962963
2 0.10778125 0.5290648148148148 0.027536458333333333 0.13127777777777777
2 0.009348958333333332 0.4711851851851852 0.018177083333333333 0.11737037037037037
3 0.04307291666666667 0.42765740740740743 0.025723958333333335 0.12291666666666666
2 0.14709895833333334 0.5242037037037037 0.02805208333333333 0.12618518518518518
2 0.18745833333333334 0.49943518518518515 0.030645833333333334 0.14608333333333334
2 0.24771875000000002 0.47152777777777777 0.01872916666666667 0.10083333333333334
2 0.240984375 0.4439166666666667 0.014760416666666666 0.10179629629629629
2 0.19930208333333335 0.4303518518518518 0.0146875 0.10899074074074074
2 0.21315625 0.42626851851851855 0.017489583333333333 0.11050925925925925