2 0.6245104166666666 0.7549537037037037 0.05052604166666667 0.14468518518518517
2 0.6126458333333333 0.5651759259259259 0.054578125000000005 0.13549074074074074
2 0.5906510416666666 0.3828518518518519 0.05225520833333333 0.11344444444444444
2 0.46477083333333336 0.4453425925925926 0.043541666666666666 0.11805555555555555
2 0.41224479166666667 0.559 0.058291666666666665 0.1355
3 0.33136458333333335 0.5662037037037037 0.05103645833333333 0.13137962962962962
2 0.2630677083333333 0.547175925925926 0.05333333333333334 0.1303611111111111
2 0.21705729166666668 0.4533148148148148 0.05158854166666667 0.10622222222222222
2 0.14355208333333333 0.4628333333333333 0.043468749999999994 0.10364814814814814
2 0.9283697916666667 0.4589722222222222 0.054072916666666665 0.1237037037037037
2 0.8759895833333334 0.44328703703703703 0.04538020833333333 0.12422222222222222
2 0.9322760416666667 0.3730833333333333 0.03931770833333333 0.09390740740740741