2 0.9046041666666667 0.7157129629629629 0.03925 0.15346296296296297
2 0.94078125 0.45041666666666663 0.04093229166666667 0.12364814814814815
3 0.7964791666666666 0.5236574074074074 0.03501041666666667 0.12148148148148147
2 0.6755937500000001 0.5241851851851852 0.049046875000000004 0.11192592592592591
2 0.7015833333333333 0.39384259259259263 0.038593749999999996 0.11377777777777777
2 0.6675520833333334 0.40974074074074074 0.025807291666666666 0.10161111111111111
0 0.6551875 0.3468703703703704 0.015630208333333333 0.02887962962962963
2 0.6043958333333334 0.4016018518518519 0.02822916666666667 0.09825925925925927
2 0.5808697916666666 0.4812222222222223 0.050270833333333334 0.06615740740740741
2 0.558328125 0.399787037037037 0.025552083333333333 0.09981481481481481
2 0.5254583333333334 0.3672222222222222 0.02382291666666667 0.07604629629629629
2 0.5365885416666667 0.35435185185185186 0.0184375 0.08523148148148148
2 0.504171875 0.48937037037037034 0.04233854166666667 0.059166666666666666
2 0.453125 0.4710740740740741 0.018796875 0.09886111111111111
2 0.468359375 0.46344444444444444 0.023807291666666668 0.10687962962962963
2 0.44807291666666665 0.40373148148148147 0.019598958333333336 0.09606481481481481
2 0.469015625 0.3992685185185185 0.020755208333333334 0.09877777777777778
1 0.401375 0.3752962962962963 0.040390625 0.07022222222222223
2 0.3542552083333333 0.40399074074074076 0.033427083333333336 0.10175000000000001
3 0.9167239583333333 0.1866574074074074 0.025635416666666667 0.09460185185185185