2 0.37853125 0.6340833333333333 0.06204166666666667 0.20541666666666666
2 0.2646614583333333 0.4360833333333334 0.054781250000000004 0.1797777777777778
2 0.3935833333333333 0.35996296296296293 0.05394270833333333 0.15100000000000002
2 0.4458072916666667 0.4134814814814815 0.044723958333333334 0.1678888888888889
2 0.6065625 0.1887314814814815 0.07217708333333334 0.16060185185185183
1 0.020265625 0.1429537037037037 0.039906250000000004 0.1287037037037037
3 0.8545677083333333 0.49062962962962964 0.062276041666666664 0.18025925925925926
2 0.9733593749999999 0.45720370370370367 0.05327604166666667 0.18538888888888888
2 0.7489427083333333 0.6932685185185186 0.05825 0.18856481481481482
2 0.6922291666666667 0.6068240740740741 0.0644375 0.2064537037037037
2 0.6647291666666667 0.6906944444444445 0.06000520833333333 0.17519444444444446
2 0.6054114583333334 0.6772870370370371 0.06441666666666666 0.17453703703703705
2 0.6083020833333334 0.5132222222222222 0.04473958333333334 0.17975
2 0.4369895833333333 0.7436296296296296 0.06090104166666667 0.19611111111111112
0 0.3944479166666667 0.6685555555555556 0.024427083333333332 0.06448148148148149
3 0.9237395833333333 0.918462962962963 0.06911979166666667 0.16306481481481483