2 0.67746875 0.7035185185185184 0.038385416666666665 0.16526851851851854
2 0.8189791666666667 0.4921388888888889 0.04015625 0.17461111111111113
2 0.9225833333333333 0.6531203703703704 0.06680729166666667 0.18175
2 0.8499427083333334 0.2427037037037037 0.04653125 0.1633888888888889
2 0.36580208333333336 0.19925 0.05741145833333334 0.14128703703703704
2 0.292296875 0.33116666666666666 0.052760416666666664 0.13044444444444445
3 0.26422395833333334 0.3995648148148148 0.055651041666666665 0.13761111111111113
2 0.2833229166666667 0.2722777777777778 0.027875 0.1268611111111111
2 0.30705208333333334 0.5646574074074074 0.044083333333333335 0.1838425925925926
2 0.2497552083333333 0.5816296296296296 0.04407291666666667 0.18075
2 0.06657291666666666 0.5512870370370371 0.07007291666666667 0.16326851851851854
2 0.08191145833333334 0.7379814814814815 0.04866145833333334 0.16628703703703704
2 0.20852083333333335 0.7814351851851852 0.053609375 0.18838888888888888
0 0.6550416666666667 0.7297592592592592 0.019572916666666666 0.04491666666666667
3 0.30155729166666667 0.9354444444444444 0.0678125 0.12911111111111112