2 0.9246666666666666 0.17901851851851852 0.02849479166666667 0.12099074074074073
2 0.88678125 0.5978611111111112 0.04386979166666667 0.19015740740740741
3 0.7477395833333333 0.4398148148148148 0.036625 0.14721296296296296
2 0.7214427083333333 0.3743148148148148 0.05173958333333333 0.17825925925925926
2 0.4764322916666667 0.16952777777777778 0.04609375 0.12516666666666668
2 0.4271875 0.20189814814814816 0.026979166666666665 0.12575
2 0.4456354166666667 0.22746296296296295 0.025166666666666667 0.13330555555555557
2 0.392609375 0.25612962962962965 0.030083333333333333 0.12182407407407407
2 0.361 0.4109259259259259 0.04170833333333333 0.16071296296296295
2 0.3773854166666667 0.5548796296296297 0.035765625 0.1481111111111111
2 0.40215625 0.6249351851851851 0.03885416666666666 0.1804074074074074
2 0.44653645833333333 0.7033703703703703 0.03986979166666667 0.17210185185185187
2 0.48266145833333335 0.7002685185185185 0.03469791666666667 0.18196296296296297
2 0.546265625 0.6791759259259259 0.05093229166666667 0.18564814814814815
3 0.5414895833333334 0.8539814814814815 0.049130208333333335 0.21639814814814815
2 0.38086458333333334 0.7124907407407407 0.0453125 0.17657407407407405
2 0.15295833333333334 0.6313055555555555 0.04500520833333333 0.1702037037037037