2 0.5631822916666667 0.2697407407407407 0.020578125 0.07362962962962963
2 0.5819583333333332 0.306462962962963 0.009572916666666665 0.06896296296296296
2 0.60684375 0.3214814814814815 0.022307291666666666 0.07596296296296297
2 0.690640625 0.28794444444444445 0.021374999999999998 0.08131481481481481
2 0.9445833333333333 0.3458703703703704 0.027385416666666666 0.09509259259259259
2 0.48658854166666665 0.63 0.033651041666666666 0.11017592592592593
2 0.4473229166666667 0.33558333333333334 0.023640625000000002 0.09098148148148148
2 0.47701041666666666 0.2745648148148148 0.016348958333333333 0.07102777777777777
2 0.43956770833333336 0.2419074074074074 0.023348958333333333 0.0766111111111111
3 0.337046875 0.4317407407407407 0.028380208333333334 0.09207407407407407
2 0.31184375000000003 0.379212962962963 0.021374999999999998 0.0950462962962963
2 0.33103125 0.35194444444444445 0.01634375 0.08373148148148149
2 0.26311979166666666 0.3179444444444444 0.028088541666666668 0.09905555555555556
2 0.16227604166666668 0.27781481481481485 0.026057291666666666 0.08052777777777778
2 0.20113541666666668 0.24663888888888888 0.018708333333333334 0.07373148148148148
2 0.12168229166666666 0.3408888888888889 0.03688020833333334 0.08938888888888889
0 0.5692291666666667 0.30250925925925926 0.0066302083333333334 0.01824074074074074