2 0.04053125 0.5788055555555556 0.06311979166666666 0.16583333333333333
3 0.24541666666666667 0.31882407407407404 0.05622395833333334 0.15512962962962962
2 0.318484375 0.26301851851851854 0.044375000000000005 0.17624074074074075
2 0.4145572916666667 0.12441666666666668 0.04093229166666667 0.13051851851851853
2 0.3792552083333333 0.0660462962962963 0.05480729166666667 0.12179629629629629
2 0.483578125 0.19744444444444445 0.04759895833333334 0.149
2 0.521484375 0.1666111111111111 0.051359375 0.1431111111111111
2 0.6459270833333334 0.25196296296296294 0.04821875 0.14487037037037037
2 0.6809427083333334 0.5101388888888889 0.05227604166666667 0.15505555555555556
2 0.5692395833333334 0.5394537037037037 0.07192708333333334 0.16430555555555554
2 0.6236458333333333 0.7842685185185185 0.09393750000000001 0.17244444444444446
2 0.31515625 0.6662314814814815 0.06029166666666667 0.17402777777777775
2 0.36839583333333337 0.7410925925925926 0.06239583333333333 0.15463888888888888
2 0.4491354166666667 0.5346018518518518 0.07105729166666667 0.15096296296296297
0 0.3348333333333333 0.6950462962962963 0.023255208333333333 0.06498148148148149