3 0.23977083333333335 0.16710185185185186 0.046671875 0.11095370370370371
2 0.13269791666666667 0.4437962962962963 0.05127604166666667 0.17050925925925928
2 0.29403124999999997 0.3121388888888889 0.049291666666666664 0.11707407407407407
2 0.32889583333333333 0.48086111111111113 0.045911458333333335 0.15660185185185185
2 0.2947552083333333 0.515287037037037 0.03858333333333333 0.1653425925925926
2 0.24802083333333333 0.48597222222222225 0.04754166666666667 0.15609259259259262
2 0.619015625 0.4394259259259259 0.06731250000000001 0.15868518518518518
2 0.8185468749999999 0.5214629629629629 0.05491666666666666 0.1406574074074074
3 0.9023229166666666 0.5456296296296296 0.05406770833333333 0.15196296296296297
2 0.8317135416666667 0.4260555555555555 0.041317708333333335 0.11960185185185183
2 0.9212760416666667 0.29671296296296296 0.050890624999999995 0.10473148148148148