2 0.6184479166666667 0.43848148148148147 0.03767708333333333 0.10962962962962963
2 0.5384270833333333 0.3829074074074074 0.03955729166666667 0.11713888888888889
2 0.4958489583333333 0.41475925925925927 0.039697916666666666 0.11491666666666667
2 0.4632864583333333 0.39696296296296296 0.03266666666666666 0.1100925925925926
2 0.4170052083333333 0.4726388888888889 0.04021875 0.13619444444444445
2 0.3891354166666667 0.4547407407407407 0.042578125 0.10698148148148148
2 0.4099010416666667 0.3691759259259259 0.03466145833333333 0.10945370370370369
1 0.396859375 0.29712037037037037 0.027125 0.10598148148148148
2 0.358796875 0.2751574074074074 0.039989583333333335 0.08842592592592592
2 0.36528645833333334 0.35379629629629633 0.04678645833333333 0.12264814814814816
2 0.35471874999999997 0.3697314814814815 0.03430729166666667 0.09077777777777778
2 0.2548020833333334 0.34149999999999997 0.028536458333333334 0.11562037037037037
2 0.31331770833333333 0.57325 0.038031249999999996 0.12646296296296297
2 0.066453125 0.29467592592592595 0.037083333333333336 0.1104537037037037
2 0.009630208333333333 0.519175925925926 0.019260416666666665 0.11718518518518518
2 0.029156249999999998 0.513361111111111 0.029078125 0.11872222222222222