2 0.44509375 0.48597222222222225 0.059744791666666665 0.13758333333333334
1 0.43814583333333335 0.33939814814814817 0.035437500000000004 0.11603703703703704
2 0.7072760416666667 0.2707407407407407 0.03897395833333333 0.11760185185185186
2 0.7972760416666667 0.371287037037037 0.03841666666666667 0.11190740740740741
2 0.8934947916666667 0.3347685185185185 0.03815104166666667 0.1129537037037037
2 0.9389322916666667 0.24733333333333335 0.035265624999999995 0.11092592592592593
3 0.8068229166666666 0.20722222222222222 0.03320833333333333 0.09860185185185184
2 0.5588229166666667 0.7963518518518518 0.07192708333333334 0.16266666666666668
2 0.9784427083333332 0.46617592592592594 0.04311458333333333 0.11959259259259258
2 0.9823489583333332 0.701462962962963 0.03530208333333333 0.1920185185185185
0 0.46520312500000005 0.37283333333333335 0.032260416666666666 0.040935185185185186