0 0.5245260416666667 0.37283333333333335 0.015489583333333333 0.022416666666666668
2 0.5514375 0.33478703703703705 0.04180208333333334 0.08453703703703704
2 0.48184375 0.34042592592592597 0.03949479166666667 0.1180925925925926
2 0.7014895833333333 0.36871296296296296 0.048234375 0.1191111111111111
3 0.7068333333333333 0.48213888888888895 0.057390625 0.13860185185185184
2 0.7340364583333333 0.6726944444444445 0.05159895833333333 0.15563888888888888
2 0.5609895833333333 0.6402685185185185 0.05716666666666667 0.13752777777777778
2 0.534796875 0.7729814814814815 0.05945833333333333 0.16493518518518518
2 0.36608854166666666 0.5991203703703704 0.06146354166666667 0.1293148148148148
2 0.39575 0.4381388888888889 0.03571354166666666 0.12216666666666666
2 0.28650520833333337 0.3859444444444444 0.03771354166666666 0.11962037037037036
2 0.25655729166666663 0.5530833333333334 0.04552083333333334 0.15761111111111112
2 0.2713177083333333 0.8886666666666666 0.064625 0.18371296296296297
2 0.16713541666666665 0.4371111111111111 0.054177083333333334 0.12628703703703703
2 0.12994791666666666 0.3239722222222222 0.040567708333333334 0.09135185185185185
3 0.10361458333333333 0.2506851851851852 0.026093750000000002 0.08366666666666667