3 0.8435572916666667 0.4851666666666667 0.04076041666666667 0.16385185185185186
3 0.7102916666666667 0.8883425925925925 0.04918229166666667 0.1950740740740741
2 0.6873958333333333 0.705787037037037 0.034520833333333334 0.16199074074074074
2 0.7344479166666668 0.6382129629629629 0.047098958333333336 0.1770462962962963
2 0.7345208333333333 0.3842685185185185 0.039838541666666664 0.15401851851851853
2 0.5783177083333333 0.6280740740740741 0.04759895833333334 0.15940740740740741
2 0.45603125 0.7047314814814815 0.03722916666666667 0.18096296296296296
2 0.38859895833333336 0.7331851851851852 0.04169791666666667 0.1851574074074074
2 0.35718229166666665 0.6091111111111112 0.026296875 0.16362962962962962
2 0.380078125 0.6342685185185185 0.029104166666666667 0.14280555555555555
2 0.3093125 0.6739074074074074 0.04024479166666666 0.1983611111111111
2 0.4130520833333333 0.4536111111111111 0.04168229166666667 0.17675925925925925
2 0.37629687500000003 0.3116203703703704 0.021541666666666667 0.1510277777777778
2 0.38748958333333333 0.244712962962963 0.027614583333333335 0.1436851851851852
2 0.4324635416666667 0.2581481481481482 0.036046875 0.13366666666666668
2 0.46662499999999996 0.19228703703703703 0.031734375 0.12844444444444444
1 0.022953125 0.15593518518518518 0.02930729166666667 0.1295185185185185