2 0.244484375 0.4431759259259259 0.04573958333333333 0.17709259259259258
2 0.38353645833333333 0.3748796296296296 0.032177083333333335 0.1655
2 0.38575 0.6288518518518518 0.04441666666666667 0.18733333333333332
2 0.6298697916666666 0.19175 0.03526041666666667 0.12793518518518518
2 0.43613541666666666 0.4093703703703704 0.03320833333333333 0.13725925925925928
2 0.6281770833333333 0.5193425925925926 0.044895833333333336 0.1396111111111111
2 0.5802656249999999 0.7068703703703704 0.03240625 0.15355555555555556
2 0.4512395833333333 0.7615092592592592 0.042583333333333334 0.17024074074074075
2 0.6845520833333333 0.6913611111111111 0.04045833333333334 0.15494444444444444
3 0.8758125 0.47882407407407407 0.045375000000000006 0.16506481481481483
2 0.7579843749999999 0.6258425925925926 0.031072916666666665 0.16742592592592592
2 0.7881927083333333 0.6733055555555555 0.03940104166666667 0.1651203703703704
3 0.97515625 0.9351851851851852 0.038328125000000005 0.12962962962962962
1 0.021067708333333334 0.13086111111111112 0.025989583333333333 0.1126388888888889
0 0.41426562499999997 0.6672777777777777 0.02071354166666667 0.05121296296296297