2 0.9407239583333333 0.5067222222222222 0.037218749999999995 0.13324074074074074
2 0.8367552083333333 0.3981759259259259 0.03668229166666667 0.11234259259259259
2 0.695015625 0.5638796296296297 0.03863541666666667 0.11900000000000001
3 0.640984375 0.45262037037037034 0.03713020833333334 0.10622222222222222
2 0.48019270833333333 0.5892407407407407 0.03332291666666667 0.13589814814814816
2 0.5238541666666666 0.30737037037037035 0.038828125 0.0965
2 0.4383385416666667 0.29976851851851855 0.025729166666666668 0.08466666666666667
2 0.33503125 0.5155185185185185 0.036036458333333334 0.11024074074074074
2 0.20536979166666666 0.5011481481481481 0.03930208333333333 0.12546296296296297
0 0.29126562500000003 0.32122222222222224 0.02271875 0.04301851851851852
2 0.3061979166666667 0.3159722222222222 0.04307291666666667 0.09678703703703703
2 0.20841145833333333 0.29416666666666663 0.030166666666666668 0.09713888888888889
3 0.03594791666666666 0.2698148148148148 0.02965625 0.08903703703703704
2 0.5617135416666666 0.956851851851852 0.040328125000000006 0.0862962962962963
2 0.46901041666666665 0.39652777777777776 0.03363541666666667 0.09372222222222222
2 0.46475000000000005 0.36953703703703705 0.016979166666666667 0.0885