2 0.39982291666666664 0.19653703703703704 0.025026041666666665 0.07493518518518519
2 0.27932291666666664 0.2215648148148148 0.0154375 0.07598148148148148
0 0.38441145833333334 0.2245277777777778 0.008401041666666666 0.016564814814814817
2 0.166484375 0.3509259259259259 0.023854166666666666 0.0976574074074074
2 0.11427604166666666 0.2859351851851852 0.025369791666666665 0.08738888888888889
2 0.13553645833333333 0.30777777777777776 0.020270833333333335 0.09244444444444445
2 0.49781770833333333 0.5992777777777778 0.027520833333333335 0.12650925925925927
2 0.5755104166666667 0.2713888888888889 0.019661458333333333 0.08800925925925926
2 0.8279947916666667 0.6147777777777778 0.035625000000000004 0.15225
2 0.810125 0.43044444444444446 0.046218749999999996 0.12777777777777777
2 0.364265625 0.9524537037037037 0.04311979166666667 0.09509259259259259
2 0.5800520833333334 0.21406481481481482 0.014697916666666666 0.06400925925925925