2 0.70178125 0.6190833333333333 0.09314583333333333 0.6400092592592593
2 0.8116562500000001 0.39323148148148146 0.11497916666666666 0.5957129629629629
2 0.9219427083333334 0.29421296296296295 0.09934895833333333 0.5884259259259259
2 0.6726197916666667 0.24097222222222223 0.09731770833333334 0.48194444444444445
2 0.2775052083333333 0.3691851851851852 0.08573958333333334 0.43651851851851853
2 0.36733333333333335 0.3877037037037037 0.10393229166666668 0.43650925925925926
2 0.5126197916666667 0.5728055555555556 0.11325520833333333 0.5659907407407407
2 0.455859375 0.38099074074074074 0.10390104166666667 0.4462314814814815
2 0.4847604166666667 0.33955555555555555 0.10441666666666666 0.48837962962962966
2 0.42397916666666663 0.14722222222222223 0.11349479166666666 0.29444444444444445
2 0.35757291666666663 0.20258333333333334 0.071390625 0.36257407407407405