2 0.5170781249999999 0.5960648148148148 0.042354166666666665 0.11814814814814814
2 0.5599947916666667 0.6067037037037037 0.04330729166666667 0.11885185185185186
2 0.6039687499999999 0.39714814814814814 0.02325 0.07694444444444444
2 0.448375 0.5146111111111111 0.022604166666666665 0.11641666666666667
2 0.475578125 0.48442592592592587 0.034578125 0.09720370370370371
2 0.42947395833333335 0.5521666666666667 0.031088541666666667 0.11264814814814815
3 0.6298229166666667 0.3829166666666667 0.028661458333333334 0.09991666666666667
3 0.5831354166666666 0.3024907407407407 0.02015625 0.07965740740740741
2 0.45127083333333334 0.4350462962962963 0.024536458333333334 0.06700925925925927
2 0.46458333333333335 0.4177222222222222 0.031875 0.09066666666666667
2 0.5063489583333334 0.4005740740740741 0.020895833333333332 0.0837962962962963
2 0.5198541666666666 0.4487685185185185 0.024760416666666667 0.10816666666666666
2 0.3077916666666667 0.5314166666666666 0.026901041666666667 0.11573148148148148
2 0.33103645833333334 0.4871759259259259 0.025171875 0.1164074074074074
2 0.34771875 0.49607407407407406 0.020541666666666666 0.1126851851851852
2 0.20708333333333334 0.5986296296296296 0.03380208333333334 0.058138888888888886
2 0.22203645833333333 0.5770277777777778 0.03477604166666667 0.07664814814814815
2 0.23756770833333332 0.563138888888889 0.025328125 0.0934537037037037
2 0.8795000000000001 0.6673888888888888 0.04002083333333333 0.13735185185185186
2 0.8405260416666667 0.4713888888888889 0.023802083333333335 0.11225925925925925
0 0.9083385416666666 0.5034444444444445 0.014760416666666666 0.028925925925925924