2 0.290703125 0.6176296296296296 0.04784375 0.14781481481481482
0 0.287375 0.6572407407407408 0.018614583333333334 0.041851851851851855
3 0.14803645833333334 0.43376851851851855 0.04722916666666667 0.14737037037037037
2 0.33584895833333334 0.41190740740740744 0.06174479166666667 0.1499537037037037
2 0.3443802083333333 0.6320648148148148 0.068765625 0.1504814814814815
2 0.43191666666666667 0.7557592592592592 0.07597916666666667 0.19630555555555554
2 0.5685104166666667 0.6045462962962963 0.05973958333333333 0.1715648148148148
2 0.694828125 0.613037037037037 0.06231770833333334 0.1700185185185185
2 0.718265625 0.8249259259259258 0.04668229166666667 0.17833333333333332
2 0.609890625 0.3491944444444444 0.06378125 0.13598148148148148
2 0.5139583333333333 0.2684444444444445 0.049046875000000004 0.14314814814814814
2 0.4821354166666667 0.3108518518518519 0.05396875 0.11141666666666666
2 0.41904687500000004 0.2128796296296296 0.04932291666666667 0.12225925925925925
2 0.3782447916666667 0.17275925925925928 0.047572916666666666 0.12844444444444444