2 0.9663854166666667 0.7560648148148148 0.030989583333333334 0.18000925925925926
2 0.9514166666666667 0.3691759259259259 0.051666666666666666 0.15428703703703703
2 0.8687239583333334 0.3491296296296296 0.030875 0.11421296296296296
2 0.8033020833333333 0.2801296296296297 0.034515625 0.11245370370370371
2 0.6401458333333333 0.3040277777777778 0.05090625 0.11398148148148148
2 0.6376197916666667 0.40862037037037036 0.05018229166666666 0.13293518518518518
2 0.5178385416666667 0.1765648148148148 0.03764583333333334 0.10583333333333333
2 0.47540625 0.35812962962962963 0.04966145833333333 0.11677777777777779
2 0.25277083333333333 0.2886111111111111 0.03964583333333334 0.14483333333333331
3 0.17665104166666667 0.42636111111111114 0.05658854166666667 0.12212962962962963
2 0.06720833333333333 0.42918518518518517 0.04303125 0.13292592592592592
2 0.195953125 0.6549444444444444 0.05614583333333333 0.17056481481481484