2 0.31284375 0.46797222222222223 0.048718750000000005 0.16330555555555556
2 0.32716666666666666 0.21930555555555556 0.030489583333333334 0.12585185185185185
2 0.5136770833333333 0.2704814814814815 0.0615 0.13251851851851854
2 0.551578125 0.36591666666666667 0.06755729166666667 0.1920462962962963
3 0.36840625 0.060898148148148146 0.04178645833333334 0.09916666666666667
2 0.8380781249999999 0.18510185185185185 0.04363541666666667 0.14077777777777778
2 0.8991354166666666 0.24633333333333335 0.04953125 0.12564814814814815
2 0.87309375 0.559 0.06505729166666667 0.16018518518518518
2 0.6967135416666667 0.5466666666666666 0.043890624999999996 0.11699074074074074
2 0.726515625 0.6958333333333333 0.0458125 0.14639814814814817
2 0.629859375 0.936787037037037 0.07940625 0.1264259259259259
0 0.4984791666666667 0.7472592592592592 0.029661458333333335 0.062064814814814816
3 0.99103125 0.4309351851851852 0.0179375 0.15096296296296297