2 0.9839687500000001 0.4826388888888889 0.0320625 0.12460185185185184
2 0.81025 0.5168333333333333 0.04316145833333333 0.13282407407407407
2 0.7480677083333334 0.3762407407407407 0.024197916666666666 0.10742592592592592
1 0.8078177083333333 0.33571296296296294 0.031489583333333335 0.10101851851851851
2 0.8745677083333334 0.3710925925925926 0.0274375 0.11257407407407408
2 0.9027968749999999 0.38299074074074074 0.034666666666666665 0.11449999999999999
2 0.9905104166666666 0.3895648148148148 0.018979166666666665 0.09418518518518518
2 0.9838020833333334 0.36486111111111114 0.02365625 0.09625925925925925
2 0.9896041666666666 0.3508425925925926 0.02078645833333333 0.09651851851851852
2 0.9961197916666666 0.36769444444444443 0.007755208333333334 0.11221296296296296
2 0.09233854166666666 0.6425 0.0381875 0.08475925925925927
0 0.10103645833333334 0.6699722222222223 0.018994791666666667 0.036166666666666666