3 0.15673958333333332 0.4903333333333333 0.03940625 0.14775
2 0.24447916666666666 0.4675925925925926 0.034328125 0.12078703703703703
2 0.3187291666666667 0.654537037037037 0.028973958333333334 0.1411388888888889
2 0.292921875 0.5421851851851851 0.03746354166666667 0.10330555555555555
2 0.3986041666666667 0.3463888888888889 0.033546875 0.11294444444444444
2 0.44507291666666665 0.3598611111111111 0.029760416666666668 0.13788888888888887
2 0.6372187500000001 0.6782962962962963 0.06213020833333334 0.1491574074074074
2 0.5769166666666667 0.4913611111111111 0.03254166666666666 0.11276851851851852
2 0.6931302083333333 0.45101851851851854 0.04059375 0.11606481481481482
1 0.6173749999999999 0.39917592592592593 0.04053645833333333 0.12591666666666668
0 0.5605416666666667 0.36912962962962964 0.017140625 0.04113888888888889