2 0.34630208333333334 0.4964166666666667 0.035828125 0.12617592592592594
2 0.40202604166666667 0.6774629629629629 0.043109375 0.14567592592592593
2 0.4882135416666667 0.7015462962962963 0.033203125 0.11975000000000001
2 0.6372760416666666 0.41674074074074074 0.024687499999999998 0.10273148148148148
0 0.578421875 0.3830462962962963 0.023708333333333335 0.021824074074074076
3 0.7606458333333334 0.5203055555555555 0.0244375 0.11101851851851853
2 0.692890625 0.4726851851851852 0.019348958333333333 0.11316666666666667
2 0.786890625 0.4053055555555556 0.017583333333333333 0.09745370370370371
2 0.8013645833333333 0.5063703703703704 0.03647916666666667 0.10776851851851851
2 0.9548645833333332 0.3958333333333333 0.021010416666666667 0.09610185185185185
2 0.5227135416666667 0.4582037037037037 0.03646354166666667 0.08827777777777777
2 0.5496875 0.45496296296296296 0.020260416666666666 0.09260185185185185