2 0.27394270833333334 0.7923518518518519 0.0470625 0.19706481481481483
2 0.21686979166666667 0.6744907407407408 0.04708333333333334 0.1947685185185185
2 0.10119270833333333 0.5779351851851852 0.06690625 0.22830555555555554
2 0.29515625 0.6153148148148148 0.05333333333333334 0.19141666666666665
2 0.46590624999999997 0.7054351851851852 0.054223958333333336 0.19237962962962965
2 0.631234375 0.7409537037037037 0.06901041666666667 0.13487037037037036
2 0.7253802083333334 0.5505555555555556 0.05088020833333333 0.1638888888888889
3 0.7045729166666667 0.4135648148148148 0.04507291666666667 0.13255555555555557
2 0.5499791666666667 0.4742037037037037 0.06705208333333333 0.17029629629629628
2 0.5942239583333334 0.14050925925925925 0.03134895833333333 0.1055925925925926
2 0.6169322916666666 0.11624999999999999 0.029776041666666666 0.11276851851851852
2 0.4338125 0.24460185185185188 0.028276041666666665 0.1327685185185185
2 0.852109375 0.25298148148148153 0.045890625 0.11769444444444445
2 0.9845104166666666 0.10951851851851852 0.030979166666666665 0.10724074074074073
2 0.839421875 0.0856851851851852 0.029833333333333333 0.09953703703703703
0 0.20796354166666667 0.9512870370370371 0.019786458333333333 0.06960185185185186