2 0.284484375 0.5386851851851852 0.047552083333333335 0.14733333333333334
2 0.410078125 0.5325185185185185 0.04873958333333333 0.16585185185185186
1 0.31776041666666666 0.42734259259259255 0.04466666666666667 0.13760185185185186
2 0.6051197916666666 0.44560185185185186 0.039526041666666664 0.1278240740740741
2 0.6531614583333333 0.4499722222222223 0.0314375 0.14582407407407408
3 0.5999114583333333 0.5289166666666667 0.032578125 0.10927777777777778
2 0.5753177083333333 0.7217777777777777 0.03894270833333333 0.16166666666666665
2 0.8250572916666666 0.6978611111111112 0.03494791666666666 0.16630555555555557
2 0.8670156250000001 0.6127407407407407 0.04595833333333333 0.17199074074074075
0 0.5693802083333334 0.7698796296296296 0.021864583333333333 0.04489814814814815
3 0.7324531249999999 0.19487962962962962 0.030296875 0.09860185185185184