1 0.2564270833333333 0.45035185185185184 0.039260416666666666 0.08287962962962964
2 0.38296354166666663 0.6640740740740741 0.03959375 0.1394351851851852
2 0.42959895833333334 0.5602222222222222 0.041276041666666666 0.12774074074074074
2 0.517875 0.46723148148148147 0.03293229166666666 0.11362037037037036
2 0.556625 0.5789166666666666 0.040890625 0.11687037037037037
2 0.7442135416666668 0.62775 0.061552083333333334 0.13011111111111112
2 0.6355052083333333 0.516361111111111 0.03750520833333334 0.12143518518518519
2 0.6392395833333333 0.4397962962962963 0.02461979166666667 0.1250925925925926
2 0.6831614583333334 0.4726574074074074 0.04122395833333334 0.11241666666666666
2 0.7278489583333333 0.4673796296296296 0.037307291666666666 0.09885185185185186
2 0.7855989583333333 0.4817037037037037 0.03576041666666666 0.09432407407407407
3 0.8826875 0.4958611111111111 0.05183854166666667 0.12867592592592592
2 0.8741249999999999 0.3425740740740741 0.03640625 0.09049074074074075
2 0.7415052083333333 0.38342592592592595 0.028989583333333332 0.09076851851851853
2 0.7799999999999999 0.4271388888888889 0.041526041666666666 0.08772222222222222
2 0.7922135416666667 0.3767962962962963 0.032026041666666664 0.0775
3 0.8470729166666667 0.2720462962962963 0.0295625 0.0940925925925926