2 0.464625 0.6299814814814815 0.05541145833333334 0.1416388888888889
2 0.4283072916666667 0.5510277777777778 0.0400625 0.13498148148148148
3 0.317328125 0.469 0.03164583333333333 0.14067592592592593
2 0.34611458333333334 0.4677407407407408 0.05140104166666667 0.1303611111111111
2 0.15136458333333333 0.42064814814814816 0.05215104166666666 0.1797777777777778
2 0.20750520833333336 0.22933333333333333 0.035958333333333335 0.11813888888888889
2 0.07265104166666667 0.5793148148148148 0.05444791666666667 0.1915462962962963
2 0.11908854166666667 0.6752685185185184 0.06274479166666666 0.1813611111111111
2 0.19158333333333333 0.6827222222222222 0.05838541666666666 0.1757037037037037
2 0.4566614583333333 0.11877777777777777 0.0490625 0.10297222222222221
2 0.7295520833333333 0.24324074074074073 0.055359375 0.13182407407407407
3 0.33439583333333334 0.04346296296296296 0.038385416666666665 0.08692592592592592
2 0.7000364583333333 0.4829074074074074 0.03800520833333333 0.1277962962962963
2 0.7340364583333333 0.40164814814814814 0.062015625 0.12365740740740742
2 0.6353593750000001 0.7112685185185185 0.051041666666666666 0.19577777777777777
0 0.40341666666666665 0.6119814814814816 0.021536458333333335 0.04393518518518519