2 0.5342291666666666 0.6578148148148149 0.028374999999999997 0.12539814814814815
2 0.5401718750000001 0.41797222222222224 0.031302083333333335 0.1055
3 0.4281197916666667 0.4157037037037037 0.026307291666666666 0.10673148148148148
2 0.38990625 0.3844722222222222 0.022598958333333332 0.10438888888888888
2 0.4967083333333333 0.3144722222222222 0.022041666666666668 0.09612962962962962
2 0.37040625 0.3140555555555556 0.028072916666666666 0.08158333333333333
3 0.2685052083333333 0.2407685185185185 0.01727604166666667 0.07225
2 0.3424583333333333 0.2524351851851852 0.02559895833333333 0.08076851851851852
2 0.285796875 0.26691666666666664 0.022833333333333334 0.07706481481481482
2 0.17610416666666667 0.33690740740740743 0.016968749999999998 0.09461111111111112
2 0.0570625 0.40387962962962964 0.027770833333333335 0.11198148148148147
2 0.5153489583333334 0.24419444444444446 0.01746354166666667 0.075
2 0.5798125 0.28250000000000003 0.02978645833333333 0.07651851851851851
2 0.6940416666666667 0.2734814814814815 0.024203125 0.08252777777777777
2 0.6037291666666668 0.26935185185185184 0.021005208333333334 0.07275925925925926
2 0.6539114583333333 0.2995555555555555 0.016604166666666666 0.09410185185185185
2 0.666796875 0.3111203703703704 0.01786979166666667 0.08418518518518518