2 0.4602864583333333 0.46025925925925926 0.053671875 0.1417037037037037
2 0.39719791666666665 0.2884814814814815 0.03166145833333333 0.10062962962962964
3 0.31009375 0.23550925925925925 0.03801041666666667 0.09344444444444444
2 0.10651041666666666 0.3483981481481481 0.035354166666666666 0.11860185185185186
2 0.0600625 0.5145185185185185 0.048364583333333336 0.13602777777777778
2 0.064984375 0.6708611111111111 0.04778645833333333 0.14008333333333334
2 0.5510052083333333 0.36460185185185184 0.028515625 0.11705555555555555
2 0.5735781249999999 0.35174074074074074 0.028520833333333332 0.11602777777777779
2 0.5886250000000001 0.3646203703703704 0.038609374999999994 0.11747222222222223
2 0.6889010416666667 0.5939814814814814 0.04215104166666667 0.13137037037037036
2 0.7100260416666667 0.5188888888888888 0.035791666666666666 0.14785185185185185
2 0.8127552083333334 0.3267962962962963 0.032921875 0.12478703703703704
2 0.8868385416666666 0.3044259259259259 0.024838541666666665 0.11399074074074074
3 0.9507916666666667 0.4677407407407408 0.04170833333333333 0.12419444444444444
2 0.9156354166666667 0.3887685185185185 0.03902083333333333 0.14070370370370372
2 0.9445729166666667 0.8292685185185186 0.03440104166666667 0.16676851851851854
2 0.9704739583333333 0.7942962962962963 0.035854166666666666 0.16472222222222221
0 0.31949479166666667 0.35612037037037036 0.020359375000000002 0.04145370370370371