2 0.8051145833333333 0.7360462962962963 0.04720833333333333 0.16560185185185183
2 0.5470624999999999 0.651074074074074 0.046734375 0.1391851851851852
2 0.3434375 0.5688888888888889 0.051973958333333334 0.1368425925925926
2 0.19383854166666667 0.42650925925925925 0.03663541666666667 0.14375
2 0.0366875 0.8286481481481482 0.04681770833333333 0.16562962962962963
2 0.321171875 0.317462962962963 0.02984375 0.12473148148148148
2 0.38548958333333333 0.19499074074074074 0.03660416666666667 0.10293518518518519
2 0.7009583333333332 0.23781481481481478 0.03264583333333333 0.11360185185185186
2 0.46582291666666664 0.3297314814814815 0.04049479166666667 0.12612962962962962
2 0.47715104166666666 0.5107777777777778 0.051166666666666666 0.13081481481481483
3 0.5783124999999999 0.40011111111111114 0.0363125 0.13725925925925928
2 0.6302604166666667 0.37533333333333335 0.03864583333333334 0.12012037037037036
2 0.608390625 0.5130925925925925 0.030317708333333335 0.1298888888888889
2 0.6199739583333332 0.6589444444444444 0.04671875 0.14566666666666667
2 0.9805989583333333 0.3762685185185185 0.038802083333333334 0.12197222222222222
2 0.6411979166666666 0.10562037037037036 0.029270833333333336 0.08531481481481482
0 0.6587760416666666 0.696212962962963 0.014947916666666667 0.048907407407407406
2 0.5816979166666666 0.032462962962962964 0.02745833333333333 0.06491666666666666