2 0.8874270833333333 0.6138333333333333 0.052984375 0.16191666666666668
2 0.6243229166666667 0.7274537037037037 0.060625000000000005 0.1715648148148148
2 0.5402239583333334 0.5927685185185185 0.053885416666666665 0.15221296296296294
2 0.6223697916666667 0.40347222222222223 0.054114583333333334 0.17176851851851851
1 0.45430208333333333 0.3909814814814815 0.027875 0.15603703703703706
2 0.5084583333333333 0.3312777777777777 0.063265625 0.157
2 0.6537447916666667 0.5545925925925926 0.030932291666666667 0.1545462962962963
2 0.6766614583333334 0.5525092592592593 0.037171875 0.16240740740740742
2 0.4398489583333333 0.4007037037037037 0.038036458333333335 0.1291851851851852
2 0.22582291666666665 0.33684259259259264 0.047484375 0.11256481481481481
2 0.16645833333333335 0.2544537037037037 0.04333854166666666 0.13298148148148148
2 0.23897395833333332 0.5645370370370371 0.06075520833333334 0.1605648148148148
2 0.1527916666666667 0.6094351851851852 0.04984895833333333 0.16700925925925927
3 0.10709375 0.5127037037037038 0.049604166666666664 0.168
2 0.014453125 0.4081018518518518 0.02890625 0.18101851851851852