0 0.35046354166666666 0.7127870370370369 0.025572916666666667 0.05212037037037037
2 0.06483854166666667 0.700425925925926 0.09090625 0.2208148148148148
2 0.10404166666666666 0.6804166666666667 0.06158854166666667 0.23896296296296296
2 0.3112447916666667 0.47674074074074074 0.07774479166666667 0.16482407407407407
2 0.3715833333333334 0.4726296296296296 0.052557291666666665 0.12985185185185186
3 0.36348437499999997 0.3679351851851852 0.059723958333333334 0.1391666666666667
2 0.48820833333333336 0.21493518518518517 0.045286458333333335 0.15723148148148147
2 0.6239322916666666 0.21492592592592594 0.059786458333333334 0.16957407407407407
2 0.9616510416666666 0.4661666666666667 0.06855208333333333 0.18748148148148147
2 0.7321666666666666 0.8444351851851852 0.09569791666666667 0.24339814814814814
2 0.61134375 0.6862962962962963 0.06759895833333333 0.1647685185185185
2 0.5599791666666667 0.6880925925925926 0.0811875 0.1714537037037037
2 0.47967708333333337 0.7811759259259259 0.07508854166666666 0.20330555555555554