2 0.048442708333333334 0.5276851851851851 0.024088541666666668 0.11421296296296296
3 0.050583333333333334 0.43400000000000005 0.017953125 0.08425925925925926
2 0.08441145833333333 0.4666111111111111 0.023770833333333335 0.11596296296296296
2 0.13594270833333333 0.49825 0.02313541666666667 0.1298425925925926
2 0.19402083333333334 0.41270370370370374 0.021833333333333333 0.09721296296296296
2 0.4854010416666667 0.5348703703703703 0.023875 0.13066666666666668
2 0.7595104166666666 0.6345740740740741 0.025770833333333333 0.1357962962962963
2 0.5962239583333333 0.43584259259259256 0.04180729166666666 0.09724074074074074
2 0.38702083333333337 0.4417592592592593 0.040078125 0.12553703703703706
2 0.32694791666666667 0.46464814814814814 0.042166666666666665 0.1383888888888889
2 0.247953125 0.5143981481481481 0.023072916666666665 0.11605555555555556
2 0.265 0.4575555555555556 0.02197395833333333 0.1340740740740741
2 0.21734375 0.5101388888888889 0.023338541666666667 0.11307407407407408
2 0.22130729166666668 0.43939814814814815 0.019114583333333334 0.0734537037037037
2 0.24789583333333332 0.4242222222222222 0.028895833333333332 0.07087962962962963
1 0.5988020833333334 0.38775 0.03452604166666667 0.08126851851851852