2 0.5465416666666666 0.6177407407407407 0.03527604166666667 0.14658333333333334
2 0.292921875 0.38992592592592595 0.028026041666666668 0.09836111111111112
3 0.4091875 0.4255740740740741 0.039203125 0.10485185185185185
2 0.6296041666666666 0.3379351851851852 0.021020833333333332 0.09266666666666666
2 0.6404010416666667 0.3794259259259259 0.0271875 0.10662037037037038
2 0.868171875 0.3462777777777778 0.030234374999999997 0.10706481481481481
2 0.7795416666666667 0.3063981481481482 0.03166666666666666 0.09174074074074073
2 0.5737552083333333 0.26719444444444446 0.02372916666666667 0.08600925925925926
2 0.4664895833333333 0.2786203703703704 0.025416666666666664 0.08510185185185185
2 0.09298958333333333 0.32845370370370375 0.02375 0.09335185185185184
2 0.24678645833333332 0.3130277777777778 0.021536458333333335 0.10225925925925926
2 0.1546875 0.30468518518518517 0.018598958333333335 0.08785185185185185
2 0.18328645833333335 0.3188518518518519 0.017947916666666668 0.09791666666666667
3 0.14601041666666664 0.232 0.025666666666666667 0.07046296296296296
0 0.469875 0.3124351851851852 0.015223958333333334 0.021092592592592593
2 0.416078125 0.3286759259259259 0.0271875 0.08556481481481482
2 0.4197447916666667 0.28947222222222224 0.017802083333333333 0.06887037037037036