2 0.42091666666666666 0.9677314814814816 0.03220833333333333 0.06452777777777778
2 0.44923437499999996 0.9739907407407408 0.03607291666666667 0.05201851851851852
2 0.9193541666666667 0.27762037037037035 0.023604166666666666 0.10010185185185184
3 0.8489895833333333 0.274787037037037 0.027682291666666668 0.10987962962962963
0 0.8654947916666667 0.31049074074074073 0.0085625 0.02338888888888889
2 0.87775 0.2908425925925926 0.02342708333333333 0.06818518518518518
2 0.7368802083333333 0.29863888888888884 0.030328124999999997 0.09923148148148149
2 0.7096614583333333 0.29332407407407407 0.018364583333333333 0.09202777777777778
2 0.7175729166666667 0.30799074074074073 0.01875 0.09562037037037037
2 0.6238854166666666 0.42363888888888884 0.031203124999999998 0.12098148148148148
2 0.5625572916666666 0.41591666666666666 0.016385416666666666 0.09541666666666666
2 0.5658958333333334 0.39258333333333334 0.027364583333333335 0.09674074074074074
2 0.5467916666666667 0.4230092592592593 0.017989583333333333 0.1030462962962963
2 0.5309635416666667 0.39416666666666667 0.02069270833333333 0.10316666666666667
1 0.5146510416666666 0.4519537037037037 0.015052083333333332 0.1053148148148148
2 0.5178385416666667 0.5094722222222222 0.023885416666666666 0.10800925925925926
2 0.5263958333333333 0.5285462962962963 0.019526041666666667 0.11344444444444444
2 0.503359375 0.42148148148148146 0.021927083333333333 0.09999074074074074
2 0.36507812500000003 0.385712962962963 0.02695833333333333 0.09826851851851852
2 0.3325052083333333 0.4082314814814815 0.024395833333333335 0.10730555555555556
2 0.31907291666666665 0.44230555555555556 0.028203125 0.10455555555555555
1 0.16077604166666667 0.3338055555555555 0.019671875000000002 0.09662037037037037