0 0.4570989583333333 0.6423333333333333 0.02646875 0.04906481481481482
2 0.49819791666666663 0.8819814814814815 0.08088541666666667 0.18886111111111112
2 0.4209270833333333 0.6855277777777777 0.07565625 0.12927777777777777
2 0.40399999999999997 0.6070925925925925 0.06783854166666667 0.16067592592592592
2 0.40370833333333334 0.3877407407407407 0.046421874999999994 0.12630555555555556
2 0.2782604166666667 0.28282407407407406 0.04378645833333333 0.114
2 0.5756041666666667 0.485712962962963 0.04646354166666666 0.12780555555555556
3 0.34597395833333333 0.1143888888888889 0.03338541666666666 0.1012037037037037
2 0.6149635416666667 0.2931111111111111 0.05226041666666667 0.14074074074074075
2 0.7431614583333332 0.5088611111111112 0.06213020833333334 0.1555740740740741
2 0.8916145833333334 0.2154537037037037 0.036125 0.11505555555555556
2 0.945296875 0.3897962962962963 0.048 0.14893518518518517
3 0.9879895833333333 0.43094444444444446 0.024015625 0.12012037037037036
2 0.9875572916666666 0.5749444444444445 0.024885416666666667 0.1488611111111111