2 0.6632135416666666 0.7707037037037037 0.04888020833333333 0.14675925925925926
2 0.525296875 0.7918981481481482 0.05429166666666666 0.17680555555555555
2 0.43825000000000003 0.6413703703703704 0.04686979166666667 0.1288425925925926
2 0.3632447916666666 0.5123518518518518 0.06352083333333333 0.13005555555555556
2 0.06899999999999999 0.5600925925925926 0.04447916666666667 0.1267685185185185
2 0.12623958333333332 0.4166666666666667 0.037432291666666666 0.12386111111111112
2 0.17548958333333334 0.4418703703703704 0.03523958333333333 0.10637962962962963
2 0.08508854166666667 0.3701574074074074 0.041937499999999996 0.10492592592592592
2 0.24806770833333333 0.3240648148148148 0.0345625 0.1115
2 0.2847604166666667 0.3032777777777778 0.024 0.09057407407407407
2 0.3186145833333333 0.2984351851851852 0.03615104166666667 0.09407407407407407
2 0.4404427083333333 0.29535185185185187 0.03902083333333333 0.08789814814814816
2 0.537328125 0.3717962962962963 0.03275 0.08932407407407407
2 0.570546875 0.29205555555555557 0.02880729166666667 0.09448148148148149
2 0.5345572916666667 0.262212962962963 0.02742708333333333 0.06887037037037036
3 0.6351041666666667 0.41167592592592595 0.030229166666666665 0.10950925925925925
2 0.7412604166666666 0.4793611111111111 0.03390625 0.10747222222222222
2 0.7488229166666667 0.3602037037037037 0.03860416666666667 0.10857407407407407
0 0.5434114583333333 0.2879351851851852 0.013630208333333334 0.01649074074074074