2 0.37359375 0.8350648148148149 0.044182291666666665 0.15798148148148147
2 0.5430104166666666 0.7150277777777778 0.03538541666666666 0.17158333333333334
2 0.5432447916666666 0.39012037037037034 0.034520833333333334 0.12921296296296297
2 0.7001614583333333 0.5223333333333333 0.04106770833333333 0.1282037037037037
2 0.8128697916666667 0.43322222222222223 0.026927083333333334 0.11175
2 0.7867395833333333 0.37762037037037033 0.019776041666666667 0.09494444444444446
2 0.253859375 0.4192407407407407 0.03734895833333333 0.10719444444444444
3 0.196796875 0.4084351851851852 0.027390625000000002 0.12880555555555556
2 0.17344791666666665 0.3059074074074074 0.024088541666666668 0.0935
2 0.088171875 0.5074629629629629 0.04278125 0.14476851851851852
2 0.06418229166666667 0.6725 0.027791666666666666 0.1538425925925926
2 0.013114583333333334 0.49850925925925926 0.026223958333333335 0.13303703703703704
1 0.7987135416666666 0.33091666666666664 0.022734374999999998 0.07756481481481481
0 0.7916927083333333 0.2828055555555556 0.009651041666666667 0.015240740740740742