2 0.698015625 0.704037037037037 0.06559374999999999 0.12926851851851853
3 0.8456041666666666 0.5024259259259259 0.04479166666666667 0.15814814814814815
2 0.8848177083333333 0.6348611111111111 0.06245833333333333 0.19770370370370371
2 0.9781510416666667 0.7559722222222223 0.03790625 0.22285185185185186
2 0.884671875 0.4291388888888889 0.05001041666666666 0.18749074074074074
2 0.4092083333333333 0.7096851851851852 0.07825520833333334 0.20229629629629628
2 0.37708854166666667 0.6245740740740741 0.052203125 0.14626851851851852
2 0.5544791666666666 0.629462962962963 0.03546354166666667 0.1652962962962963
2 0.5983177083333333 0.6881203703703703 0.045265625 0.18650925925925926
2 0.5912291666666667 0.5600370370370371 0.039526041666666664 0.11903703703703704
2 0.5515885416666666 0.4833981481481482 0.047036458333333336 0.16947222222222222
2 0.447984375 0.3393888888888889 0.048171874999999996 0.1654074074074074
2 0.5527447916666667 0.19641666666666666 0.04935416666666667 0.14488888888888887
2 0.38808333333333334 0.31830555555555556 0.05336458333333333 0.17878703703703705
2 0.29432291666666666 0.39211111111111113 0.039453125 0.18133333333333335
1 0.012296875 0.13498148148148148 0.02459375 0.14772222222222223
0 0.38446354166666663 0.6623888888888889 0.02703125 0.06448148148148149
3 0.8638385416666666 0.903037037037037 0.09167708333333334 0.19392592592592592