1 0.30062500000000003 0.3738425925925926 0.02646875 0.10790740740740741
2 0.48330208333333335 0.43949074074074074 0.023921875 0.11599074074074074
2 0.5296354166666667 0.3872685185185185 0.023609375 0.09418518518518518
2 0.6394114583333333 0.3155925925925926 0.030791666666666665 0.09924074074074074
2 0.7129947916666667 0.3535462962962963 0.02053125 0.1
3 0.6649947916666666 0.20512962962962963 0.020677083333333336 0.08117592592592593
2 0.71084375 0.2111574074074074 0.02278125 0.08797222222222223
2 0.8355104166666667 0.257 0.019380208333333333 0.08347222222222223
2 0.8888697916666667 0.5587037037037037 0.03036458333333333 0.12488888888888888
2 0.9765625 0.3585277777777778 0.034171875 0.09682407407407406
2 0.9309791666666667 0.45979629629629626 0.030692708333333332 0.10400925925925926
2 0.9566510416666667 0.4606388888888889 0.020755208333333334 0.10682407407407409
2 0.9739739583333333 0.5516666666666666 0.028359375000000003 0.12169444444444445