0 0.6710260416666666 0.7692592592592592 0.012302083333333333 0.02946296296296296
2 0.5233958333333333 0.6726018518518518 0.053848958333333335 0.1602222222222222
2 0.3903177083333333 0.6793425925925927 0.053322916666666664 0.18296296296296297
2 0.29428125 0.694925925925926 0.043541666666666666 0.16166666666666665
2 0.1638125 0.787324074074074 0.037807291666666666 0.1612685185185185
2 0.19433854166666667 0.896425925925926 0.069546875 0.08657407407407407
2 0.18585937500000002 0.5934814814814815 0.043708333333333335 0.1439537037037037
3 0.5067552083333333 0.44434259259259257 0.05008854166666667 0.1327222222222222
2 0.29775520833333335 0.41598148148148145 0.04673958333333333 0.14312962962962963
2 0.22214583333333332 0.3750462962962963 0.04336458333333334 0.1330185185185185
2 0.42758854166666665 0.16520370370370369 0.030640624999999998 0.11148148148148149
2 0.82059375 0.4858055555555555 0.03540104166666667 0.13539814814814813
2 0.8192343750000001 0.758962962962963 0.04891666666666667 0.16396296296296298
2 0.7196666666666667 0.07507407407407407 0.027989583333333335 0.10405555555555555