2 0.22244270833333332 0.575425925925926 0.03550520833333334 0.07586111111111112
2 0.2920989583333334 0.5200648148148148 0.025859375 0.12137962962962963
2 0.3988072916666667 0.5113981481481481 0.016197916666666666 0.1040462962962963
2 0.41117708333333336 0.5120370370370371 0.021067708333333334 0.11817592592592592
2 0.5060104166666667 0.6055370370370371 0.024677083333333336 0.11731481481481482
2 0.5419479166666666 0.5726296296296297 0.035140625 0.13177777777777777
2 0.5063697916666666 0.43350925925925926 0.019072916666666665 0.08636111111111111
2 0.5107031249999999 0.42203703703703704 0.013291666666666667 0.09391666666666668
2 0.5249270833333334 0.4108055555555556 0.024578125 0.04576851851851852
2 0.5568541666666668 0.4541388888888889 0.02340625 0.09390740740740741
2 0.57875 0.4472407407407407 0.022942708333333332 0.10258333333333335
2 0.5773958333333333 0.4193148148148148 0.022041666666666668 0.0788425925925926
2 0.637546875 0.3968425925925926 0.024932291666666665 0.08527777777777777
3 0.6180885416666667 0.38424074074074077 0.024848958333333334 0.08095370370370371
3 0.6134843750000001 0.31225 0.021057291666666665 0.08628703703703704
2 0.94553125 0.594574074074074 0.031260416666666666 0.11144444444444444
2 0.9208333333333333 0.6633518518518519 0.038760416666666665 0.13821296296296298
2 0.8687291666666667 0.7925555555555556 0.04473958333333334 0.16221296296296295