2 0.21775 0.45253703703703707 0.06779166666666667 0.15877777777777777
2 0.2919583333333333 0.6489999999999999 0.07557812500000001 0.1767037037037037
2 0.27139062500000005 0.5145555555555555 0.060484375 0.15318518518518517
0 0.2755572916666667 0.4361203703703704 0.02715625 0.04725
2 0.36278125 0.3618240740740741 0.06097395833333333 0.14401851851851852
2 0.42422916666666666 0.36066666666666664 0.048453125 0.16485185185185183
2 0.6525729166666667 0.21974074074074074 0.05202083333333333 0.12837037037037036
3 0.682125 0.48424074074074075 0.06164583333333333 0.162
2 0.4398489583333333 0.7318518518518519 0.07969270833333333 0.16647222222222222
2 0.7287291666666668 0.6559444444444444 0.07672916666666667 0.16281481481481483
2 0.793953125 0.642287037037037 0.06915625 0.20494444444444446
2 0.8969322916666667 0.5321388888888889 0.05896875 0.18835185185185185
2 0.9428854166666666 0.4673425925925926 0.06494270833333333 0.16987962962962963