2 0.9903489583333334 0.5198703703703704 0.019296874999999998 0.1105
2 0.9496302083333333 0.4120740740740741 0.047463541666666664 0.10678703703703704
2 0.6707864583333334 0.4778888888888889 0.037807291666666666 0.11733333333333333
2 0.636421875 0.749175925925926 0.06058333333333333 0.1510277777777778
2 0.5802864583333334 0.3441018518518518 0.04089583333333333 0.11272222222222222
3 0.4853854166666667 0.4202222222222222 0.038375000000000006 0.13442592592592592
2 0.447828125 0.36897222222222226 0.03349479166666667 0.11894444444444445
2 0.35861979166666663 0.2708240740740741 0.029604166666666668 0.0853425925925926
2 0.3630364583333333 0.25957407407407407 0.013963541666666666 0.07608333333333334
2 0.290421875 0.29653703703703704 0.048567708333333334 0.10650925925925926
2 0.33814062500000003 0.5288425925925926 0.053546875 0.10762962962962963
2 0.3501614583333333 0.650824074074074 0.041416666666666664 0.12835185185185186
2 0.41894791666666664 0.7748796296296296 0.04596875 0.1570277777777778
2 0.04136458333333334 0.45437962962962963 0.039947916666666666 0.10814814814814815
2 0.0305625 0.32019444444444445 0.025802083333333333 0.08761111111111111
2 0.160734375 0.31827777777777777 0.04297395833333333 0.12070370370370372
2 0.15963020833333333 0.3042037037037037 0.026020833333333333 0.07287037037037038
3 0.16021354166666668 0.23042592592592595 0.025343749999999998 0.08591666666666667