2 0.06116666666666667 0.6682037037037036 0.0749375 0.16419444444444445
2 0.02900520833333333 0.3376018518518519 0.05801041666666666 0.14742592592592593
2 0.30385416666666665 0.09381481481481481 0.039484375 0.09411111111111112
2 0.6559114583333333 0.4397037037037037 0.045671875 0.1284722222222222
3 0.18928125 0.3866851851851852 0.0395 0.1381851851851852
2 0.40593229166666667 0.17553703703703705 0.024885416666666667 0.10477777777777778
2 0.21844791666666669 0.44178703703703703 0.04991145833333333 0.13912962962962963
2 0.4203854166666667 0.24429629629629626 0.04180729166666666 0.10804629629629629
2 0.5423749999999999 0.2649074074074074 0.04777604166666667 0.1261111111111111
2 0.5604739583333332 0.670287037037037 0.055322916666666666 0.145212962962963
2 0.5072239583333333 0.77725 0.05559375 0.16468518518518518
3 0.9647395833333333 0.8080462962962963 0.069578125 0.16608333333333333
2 0.46972916666666664 0.6732962962962963 0.053515625 0.14660185185185187
0 0.44527083333333334 0.6881018518518518 0.016541666666666666 0.023407407407407408