0 0.5211822916666666 0.700324074074074 0.021765625 0.030694444444444444
2 0.5630833333333333 0.6621481481481482 0.04721354166666667 0.1629537037037037
2 0.1198125 0.6192407407407408 0.027505208333333333 0.15616666666666668
2 0.049380208333333335 0.44249074074074074 0.050380208333333336 0.14464814814814814
2 0.12143229166666666 0.40800925925925924 0.03815625 0.1156574074074074
3 0.15881770833333334 0.40101851851851855 0.053656249999999996 0.15435185185185185
2 0.313234375 0.15007407407407408 0.0365 0.10685185185185185
2 0.347265625 0.13864814814814816 0.03788020833333334 0.12351851851851853
2 0.6094479166666668 0.37365740740740744 0.048984375 0.12426851851851853
2 0.6334062500000001 0.2667592592592593 0.05292708333333333 0.14710185185185184
2 0.6443437500000001 0.589212962962963 0.045864583333333334 0.15413888888888888
2 0.8284427083333333 0.5349722222222222 0.040796874999999996 0.1456851851851852
2 0.8335416666666667 0.41306481481481483 0.05272916666666667 0.19691666666666666