2 0.054656249999999997 0.5380925925925926 0.03588020833333334 0.11692592592592593
2 0.28029166666666666 0.35612037037037036 0.036619791666666665 0.09557407407407408
2 0.18303125 0.925 0.04783333333333333 0.15
2 0.39811979166666667 0.6857962962962962 0.03009375 0.12530555555555556
2 0.6001875 0.4723425925925926 0.027973958333333333 0.11505555555555556
2 0.7730885416666666 0.5286018518518518 0.03003125 0.1210925925925926
2 0.8329791666666666 0.6177314814814815 0.035229166666666666 0.12065740740740741
3 0.32729166666666665 0.2690740740740741 0.0259375 0.08813888888888889
2 0.6133385416666666 0.33389814814814817 0.020421875 0.0881574074074074
2 0.528578125 0.30587962962962967 0.025385416666666667 0.09231481481481482
0 0.3509895833333333 0.37510185185185185 0.013953125 0.031685185185185184
3 0.8535520833333333 0.4950277777777778 0.019078125 0.11413888888888889
2 0.8670885416666666 0.4089074074074074 0.025328125 0.10855555555555554
2 0.8293333333333333 0.32810185185185187 0.017520833333333333 0.08121296296296296
2 0.850984375 0.3190648148148148 0.020036458333333333 0.061
2 0.9830156250000001 0.9661944444444445 0.03296875 0.06760185185185186