2 0.19752083333333334 0.6258611111111111 0.052453124999999996 0.1642685185185185
2 0.8029166666666666 0.5273703703703703 0.051437500000000004 0.16174074074074074
2 0.74865625 0.37642592592592594 0.03145833333333333 0.12837037037037036
1 0.7923489583333333 0.33762037037037035 0.040875 0.1313425925925926
2 0.87815625 0.3743888888888889 0.037671875 0.13495370370370371
2 0.9141822916666666 0.3875092592592593 0.04373958333333334 0.13650925925925927
2 0.9901614583333332 0.5520648148148148 0.019677083333333335 0.1308703703703704
2 0.9630937500000001 0.4566574074074074 0.03324479166666667 0.11599074074074074
2 0.9755364583333334 0.42939814814814814 0.023411458333333336 0.11702777777777777
2 0.9545572916666667 0.37513888888888886 0.024854166666666667 0.11653703703703704
2 0.9834947916666666 0.34453703703703703 0.023703125 0.14483333333333331
0 0.18580208333333334 0.6665000000000001 0.027270833333333334 0.04802777777777777