2 0.3578854166666667 0.8603611111111111 0.03556770833333334 0.1503611111111111
2 0.09215625 0.5360092592592592 0.02754166666666667 0.13590740740740742
2 0.5949791666666666 0.617037037037037 0.038390625 0.1405648148148148
2 0.44433854166666664 0.3463981481481482 0.020968749999999998 0.1039074074074074
2 0.5220677083333334 0.4619259259259259 0.027989583333333335 0.09884259259259259
2 0.7663177083333333 0.5380925925925926 0.02690625 0.11692592592592593
2 0.61125 0.4315925925925926 0.03708854166666666 0.1076388888888889
2 0.7086406249999999 0.28342592592592597 0.02353125 0.1075925925925926
2 0.8517291666666666 0.36491666666666667 0.020640625000000003 0.1039074074074074
2 0.8927395833333333 0.38714814814814813 0.028187499999999997 0.11873148148148147
3 0.504828125 0.22549074074074074 0.018723958333333336 0.07526851851851853
0 0.5438124999999999 0.49804629629629626 0.010265625 0.019490740740740743