2 0.23297395833333334 0.7549537037037037 0.052171875 0.15085185185185185
2 0.1626510416666667 0.3496851851851852 0.04 0.11191666666666666
2 0.21473958333333334 0.3949444444444445 0.036536458333333334 0.11601851851851852
2 0.2538020833333333 0.397537037037037 0.038114583333333334 0.13805555555555554
1 0.5032552083333334 0.3471388888888889 0.049630208333333335 0.12775
2 0.4042864583333333 0.4967685185185185 0.044109375 0.14066666666666666
2 0.42468229166666666 0.6400370370370371 0.038359375 0.14380555555555555
2 0.3964739583333333 0.6016944444444445 0.03889583333333334 0.1221111111111111
2 0.4756197916666667 0.4882870370370371 0.04267708333333333 0.12677777777777777
2 0.5798020833333334 0.5854907407407408 0.049651041666666666 0.13599999999999998
2 0.623203125 0.5783148148148148 0.05452083333333334 0.13143518518518518