2 0.5142552083333334 0.44572222222222224 0.04361458333333333 0.16829629629629628
2 0.18641666666666667 0.5512962962962963 0.04939583333333333 0.15721296296296294
2 0.7944375 0.7216851851851851 0.041484375000000004 0.18319444444444444
2 0.9651302083333333 0.4434074074074074 0.031302083333333335 0.17292592592592593
2 0.7755624999999999 0.2107314814814815 0.03758333333333333 0.13812962962962963
2 0.44980729166666666 0.31653703703703706 0.041281250000000005 0.14139814814814816
2 0.4998020833333333 0.19661111111111113 0.0329375 0.13303703703703704
3 0.404890625 0.3047314814814815 0.033213541666666666 0.15019444444444446
2 0.31635416666666666 0.10492592592592592 0.033229166666666664 0.13486111111111113
2 0.12053645833333333 0.18711111111111112 0.03742708333333333 0.11867592592592592
2 0.653828125 0.05931481481481482 0.041505208333333335 0.10382407407407407
2 0.5695885416666666 0.8423055555555556 0.03709375 0.17906481481481482
3 0.6208854166666666 0.838138888888889 0.04072916666666667 0.19850925925925925
0 0.5854427083333333 0.7616759259259259 0.015083333333333334 0.026675925925925926