2 0.6883177083333333 0.757287037037037 0.0450625 0.1829537037037037
2 0.6145989583333333 0.5301203703703703 0.038614583333333334 0.13044444444444445
2 0.6306302083333333 0.4006851851851852 0.039885416666666666 0.11875
2 0.2620677083333333 0.8371851851851851 0.051911458333333334 0.14600000000000002
2 0.3002083333333333 0.550425925925926 0.042609375 0.12770370370370368
2 0.3266458333333333 0.4609074074074074 0.03733854166666666 0.11151851851851852
2 0.51165625 0.4164814814814815 0.055338541666666664 0.14480555555555555
2 0.39017708333333334 0.2986574074074074 0.03764583333333334 0.10564814814814814
2 0.44590104166666666 0.2894074074074074 0.02409375 0.08713888888888889
2 0.054661458333333336 0.4701666666666666 0.037031249999999995 0.11151851851851852
2 0.060385416666666664 0.30814814814814817 0.026505208333333332 0.08296296296296296