2 0.27464583333333337 0.40367592592592594 0.09385416666666666 0.17052777777777778
1 0.17697395833333335 0.1830462962962963 0.046078125 0.1428425925925926
2 0.38200520833333335 0.6829444444444445 0.07246354166666666 0.19819444444444445
2 0.678625 0.6747222222222222 0.04417708333333333 0.1632222222222222
2 0.7117552083333333 0.8241574074074074 0.08228125 0.20764814814814814
2 0.9057864583333333 0.7920185185185186 0.08483854166666666 0.21946296296296297
2 0.81275 0.5245740740740741 0.078203125 0.16175925925925924
2 0.8181041666666666 0.36899074074074073 0.07270312500000001 0.14884259259259258
2 0.7275260416666666 0.13935185185185187 0.055942708333333334 0.13589814814814816
2 0.6823802083333333 0.496287037037037 0.055953125000000006 0.13809259259259257
0 0.3954583333333333 0.716388888888889 0.02471875 0.0552037037037037