2 0.24922395833333333 0.6253981481481481 0.04764583333333334 0.1308888888888889
0 0.2295104166666667 0.6672314814814815 0.017572916666666667 0.04342592592592592
2 0.8040208333333333 0.53725 0.036911458333333334 0.12096296296296295
2 0.7508125 0.38181481481481483 0.025708333333333333 0.1053148148148148
1 0.7946822916666666 0.348 0.025932291666666666 0.10333333333333333
2 0.8697447916666667 0.3791759259259259 0.033130208333333334 0.11858333333333333
2 0.9151979166666667 0.38787962962962963 0.03491666666666667 0.1145925925925926
2 0.9689791666666667 0.5636851851851852 0.030078125 0.1179074074074074
2 0.9640052083333334 0.44525 0.029760416666666668 0.10941666666666666
2 0.9888125 0.4506666666666667 0.02236979166666667 0.10884259259259259
2 0.9590677083333333 0.38652777777777775 0.02550520833333333 0.1104537037037037
2 0.9936302083333334 0.3696203703703704 0.012739583333333334 0.09519444444444444
2 0.9932291666666667 0.34144444444444444 0.013541666666666667 0.07737962962962962