3 0.32571875 0.1956111111111111 0.025984375 0.06763888888888889
2 0.29092187500000005 0.39054629629629634 0.027010416666666665 0.10347222222222222
2 0.3608125 0.4623888888888889 0.033640625 0.11955555555555555
2 0.4221302083333333 0.43110185185185185 0.027760416666666666 0.11460185185185184
2 0.479375 0.2974907407407408 0.02415625 0.09025925925925926
2 0.47625 0.5528703703703703 0.024848958333333334 0.12142592592592591
2 0.5061666666666667 0.5558425925925925 0.033734375 0.12944444444444445
2 0.5888541666666666 0.5503888888888888 0.03701041666666667 0.11235185185185186
3 0.7162135416666667 0.5239351851851852 0.04048958333333333 0.11708333333333333
2 0.767484375 0.38857407407407407 0.023088541666666667 0.09953703703703703
2 0.7791822916666666 0.3426666666666667 0.018223958333333335 0.0777037037037037
2 0.9542604166666667 0.49027777777777776 0.0465 0.11356481481481483
2 0.8292083333333333 0.7440648148148148 0.045328125000000004 0.14772222222222223
2 0.43189062500000003 0.7177129629629629 0.04057291666666667 0.1295925925925926
2 0.38197916666666665 0.6959907407407407 0.045875 0.14832407407407408
0 0.536046875 0.5328333333333334 0.01592708333333333 0.029907407407407403
2 0.022416666666666665 0.49035185185185187 0.03186979166666667 0.11783333333333333
2 0.21122395833333335 0.3590185185185185 0.03295833333333333 0.10463888888888889
2 0.12489062499999999 0.43580555555555556 0.029557291666666666 0.11577777777777779
2 0.13270833333333334 0.37630555555555556 0.027828125 0.06676851851851852