0 0.3555815972222222 0.400375 0.010716145833333334 0.01167361111111111
2 0.14472222222222222 0.7275347222222223 0.047426215277777774 0.13629166666666667
2 0.2391579861111111 0.4194722222222222 0.030807291666666667 0.07596527777777778
2 0.39971354166666667 0.3397986111111111 0.02195746527777778 0.06435416666666667
3 0.3418793402777778 0.30604166666666666 0.026128472222222223 0.058145833333333334
2 0.46877170138888885 0.48488888888888887 0.031189236111111112 0.08812500000000001
2 0.6454296875 0.7149097222222223 0.03821180555555556 0.1282986111111111
2 0.5429730902777777 0.42554166666666665 0.023203125 0.07422916666666667
2 0.6186328125 0.37756944444444446 0.030629340277777774 0.07247916666666666
2 0.6295616319444445 0.5380902777777778 0.027960069444444444 0.10311805555555556
2 0.6831423611111112 0.5332847222222222 0.025121527777777777 0.11056250000000001
2 0.6646137152777778 0.4276319444444444 0.029383680555555555 0.07841666666666666
2 0.9855208333333333 0.4827986111111111 0.020412326388888888 0.10764583333333333
3 0.9325651041666667 0.4555416666666667 0.0338671875 0.09237500000000001