2 0.3818663194444445 0.6414236111111111 0.04686631944444444 0.1199375
2 0.13875434027777778 0.5499236111111111 0.035486111111111114 0.10231250000000001
2 0.015703125 0.45321527777777776 0.03140190972222222 0.08145138888888889
2 0.07358940972222222 0.39236805555555554 0.02775173611111111 0.06692361111111111
2 0.11592013888888889 0.38038194444444445 0.03295572916666667 0.07200694444444444
2 0.02484375 0.3680277777777778 0.029023437500000002 0.06909027777777778
2 0.04300347222222222 0.3773819444444444 0.015394965277777777 0.06055555555555556
2 0.4740277777777778 0.4023611111111111 0.038524305555555555 0.08145138888888889
2 0.5385199652777778 0.5049027777777777 0.05352864583333333 0.08566666666666667
2 0.6552647569444444 0.34379166666666666 0.03205729166666667 0.06422222222222222
2 0.7254817708333333 0.35396527777777775 0.03513020833333333 0.06277083333333333