3 0.030611979166666668 0.3386875 0.03203125 0.07754861111111111
2 0.2540451388888889 0.47237500000000004 0.03909288194444444 0.10525
2 0.3775260416666667 0.3975416666666667 0.03062065972222222 0.07541666666666666
2 0.3016840277777778 0.3731111111111111 0.0210546875 0.0849375
0 0.31646701388888887 0.4265763888888889 0.016059027777777776 0.01979861111111111
2 0.4896875 0.3356111111111111 0.0283203125 0.07140277777777777
2 0.5799305555555556 0.5439861111111112 0.03212239583333334 0.10711111111111112
2 0.6424565972222223 0.4242777777777778 0.036171875 0.08587499999999999
2 0.47329427083333336 0.5495208333333333 0.032026909722222226 0.10588888888888888
2 0.49518663194444446 0.5384513888888889 0.02203125 0.10834027777777777
3 0.7254427083333334 0.41459722222222223 0.02546006944444444 0.08494444444444443
2 0.7781510416666666 0.44225694444444447 0.02908420138888889 0.09109722222222223
2 0.9207769097222221 0.4315 0.022413194444444444 0.10031944444444445
2 0.9400737847222221 0.48343749999999996 0.02835503472222222 0.09971527777777778
2 0.9363281250000001 0.4448680555555556 0.026631944444444444 0.09325