2 0.0671484375 0.21775 0.0503125 0.08736111111111111
2 0.07713541666666666 0.3216736111111111 0.04431857638888889 0.09240277777777778
2 0.20402777777777778 0.5933680555555556 0.04854600694444444 0.1469375
2 0.1681423611111111 0.37999305555555557 0.0358203125 0.1035
2 0.11402777777777778 0.2825763888888889 0.029466145833333332 0.10522222222222223
2 0.4073220486111111 0.28234027777777776 0.04184027777777778 0.10290972222222222
2 0.7009027777777779 0.3258333333333333 0.06057725694444444 0.11184722222222222
2 0.9224262152777778 0.580875 0.07065104166666666 0.1552638888888889
2 0.4434982638888889 0.4549722222222222 0.051354166666666666 0.13124305555555557
2 0.45608072916666664 0.4114861111111111 0.04674479166666667 0.08906944444444444
2 0.4514496527777778 0.3475833333333333 0.049058159722222223 0.10352083333333333
0 0.6634331597222222 0.36009027777777775 0.02246527777777778 0.03592361111111111