1 0.7135980902777779 0.2915555555555555 0.02451822916666667 0.07321527777777778
2 0.6218967013888889 0.4743611111111111 0.03739583333333333 0.09194444444444445
2 0.5731467013888889 0.5486319444444444 0.044279513888888886 0.10203472222222222
2 0.7055815972222222 0.5891597222222222 0.042391493055555556 0.12597916666666667
2 0.8038802083333334 0.7013958333333333 0.06412326388888889 0.1263402777777778
2 0.5281640625 0.6996875 0.05245225694444444 0.12291666666666666
2 0.45728732638888886 0.45127083333333334 0.03917100694444445 0.10714583333333333
2 0.37539930555555556 0.45697916666666666 0.04669270833333333 0.0900138888888889
0 0.4530078125 0.4432916666666667 0.012769097222222223 0.028375
2 0.10841579861111111 0.4160972222222222 0.032868923611111114 0.0896111111111111
2 0.10029947916666666 0.5089166666666667 0.03983072916666666 0.11966666666666666