2 0.5837196180555556 0.688875 0.039118923611111106 0.13880555555555554
2 0.603203125 0.4272152777777778 0.03183159722222222 0.09715277777777778
2 0.6784461805555556 0.43022916666666666 0.025316840277777777 0.09647916666666667
2 0.5204513888888889 0.4047013888888889 0.023328993055555556 0.08728472222222222
2 0.4868576388888889 0.47852777777777783 0.025225694444444443 0.097625
0 0.3043967013888889 0.42051388888888885 0.010572916666666666 0.023381944444444445
2 0.25469184027777775 0.4199583333333333 0.024353298611111112 0.08222222222222222
2 0.24712239583333334 0.4011805555555556 0.019921875 0.08259722222222222
2 0.3486371527777778 0.45145833333333335 0.0241015625 0.08770833333333333
2 0.37906684027777776 0.4516388888888889 0.02378472222222222 0.08440277777777778
2 0.3400303819444444 0.4183125 0.032135416666666666 0.02876388888888889
2 0.43052951388888894 0.4890069444444444 0.03034288194444444 0.10163194444444444
2 0.43734375 0.3656875 0.01802951388888889 0.06766666666666667
2 0.42525607638888885 0.3780069444444445 0.011927083333333333 0.07440972222222222
2 0.4124392361111111 0.3684444444444444 0.017265625 0.05940972222222222
3 0.3774869791666667 0.35959722222222223 0.018350694444444444 0.07269444444444445
3 0.016406249999999997 0.3334166666666667 0.021640625 0.08129166666666666