3 0.4570833333333333 0.48667361111111107 0.02235677083333333 0.08829166666666667
3 0.4085199652777778 0.34962499999999996 0.017083333333333332 0.05023611111111111
2 0.055820312500000004 0.6335069444444444 0.03630208333333333 0.11326388888888889
2 0.2742274305555556 0.7447361111111112 0.046323784722222226 0.1353125
2 0.3380946180555556 0.638076388888889 0.04323784722222222 0.11497222222222223
2 0.2464800347222222 0.48214583333333333 0.030729166666666665 0.08518055555555555
2 0.2973220486111111 0.46983333333333327 0.029422743055555558 0.08132638888888889
2 0.27978732638888887 0.43666666666666665 0.025902777777777778 0.06695138888888888
2 0.4043402777777778 0.48355555555555557 0.029131944444444446 0.08354166666666667
2 0.3875824652777778 0.38386805555555553 0.027256944444444445 0.055951388888888884
2 0.4440190972222222 0.36570833333333336 0.016067708333333333 0.053250000000000006
2 0.5033680555555555 0.3965 0.02629774305555556 0.05409722222222223
2 0.5346918402777778 0.39677083333333335 0.027929687499999998 0.05898611111111111
2 0.5865190972222222 0.36468055555555556 0.01700954861111111 0.051194444444444445
2 0.6864366319444444 0.3896736111111111 0.020247395833333334 0.06104861111111111
2 0.7550868055555555 0.5527361111111111 0.03009548611111111 0.09756250000000001
2 0.7812847222222222 0.4414513888888889 0.030290798611111114 0.08000694444444444
2 0.9182942708333334 0.4307152777777778 0.02634982638888889 0.07806249999999999