2 0.8418402777777777 0.6267013888888889 0.047686631944444446 0.12469444444444444
2 0.8303255208333333 0.47893749999999996 0.04108506944444444 0.09410416666666666
2 0.8124348958333333 0.4024513888888889 0.044583333333333336 0.07043055555555555
2 0.7554036458333333 0.43918749999999995 0.0315234375 0.09206249999999999
2 0.7603776041666667 0.3894444444444444 0.03155815972222222 0.08257638888888888
2 0.7223307291666666 0.3975416666666667 0.032452256944444445 0.07794444444444444
2 0.6786805555555556 0.4224027777777778 0.024305555555555556 0.0686875
2 0.5064236111111111 0.3764305555555555 0.026796875 0.077375
2 0.4120703125 0.47445833333333337 0.03395833333333333 0.10133333333333333
2 0.38369791666666664 0.45160416666666664 0.03724826388888888 0.08891666666666666
2 0.34108072916666665 0.3835138888888889 0.031176215277777777 0.08634027777777778
2 0.31188802083333333 0.5928263888888888 0.049787326388888886 0.1267361111111111
2 0.17912760416666665 0.4487083333333333 0.04342881944444445 0.09354166666666666
2 0.13141059027777777 0.775451388888889 0.039079861111111114 0.1484513888888889
2 0.04907986111111111 0.7089583333333334 0.05333767361111111 0.1299722222222222
2 0.020520833333333335 0.5401180555555556 0.03305555555555555 0.10881944444444444
3 0.5931814236111111 0.508125 0.03765625 0.10653472222222223
3 0.34177083333333336 0.3225208333333333 0.0347265625 0.06844444444444445
0 0.7646657986111111 0.4596041666666667 0.0160546875 0.02652777777777778