3 0.4691796875 0.3767708333333333 0.03833767361111111 0.11368055555555555
3 0.4540842013888889 0.08670833333333333 0.021875 0.06196527777777778
2 0.8394921875 0.34095138888888893 0.026666666666666665 0.11203472222222223
2 0.7367708333333334 0.15395138888888887 0.021948784722222222 0.07568055555555556
2 0.6262065972222222 0.2222847222222222 0.022139756944444443 0.09155555555555556
2 0.6446875 0.3325416666666667 0.029079861111111112 0.09933333333333333
2 0.745217013888889 0.5979027777777778 0.051710069444444444 0.11125694444444445
0 0.7512239583333333 0.6426458333333334 0.015685763888888888 0.030548611111111113
2 0.7409722222222223 0.5681319444444445 0.06294704861111111 0.09288888888888888
2 0.4950998263888889 0.3424236111111111 0.02842013888888889 0.09714583333333332
2 0.46242187500000004 0.2441875 0.01968315972222222 0.09281944444444444
2 0.33838975694444445 0.20222916666666665 0.018663194444444444 0.08027083333333333
2 0.35592881944444443 0.18891666666666668 0.022000868055555553 0.07835416666666667
2 0.2591623263888889 0.24463888888888888 0.024908854166666668 0.08548611111111111
2 0.19503472222222223 0.3270277777777778 0.030473090277777774 0.11163888888888888
2 0.09577690972222222 0.608625 0.052421875 0.1285763888888889
2 0.0931640625 0.5808402777777778 0.04118489583333333 0.13477083333333334
2 0.38631944444444444 0.5325416666666667 0.03990017361111112 0.13150694444444444
2 0.4298177083333333 0.6665208333333333 0.04282552083333333 0.1510486111111111
2 0.54 0.8379305555555555 0.0598828125 0.19053472222222223