1 0.8263975694444444 0.22649305555555554 0.023003472222222224 0.08257638888888888
3 0.22636284722222222 0.4066111111111111 0.03620659722222222 0.10314583333333334
2 0.6457204861111111 0.7207500000000001 0.06488715277777778 0.09952083333333334
0 0.6318880208333333 0.7477916666666666 0.014687500000000001 0.03026388888888889
2 0.7047178819444445 0.6702777777777779 0.03700086805555555 0.16556944444444444
2 0.6703862847222222 0.7463541666666667 0.047803819444444444 0.13934722222222223
2 0.5501475694444444 0.6813819444444444 0.054010416666666665 0.14033333333333334
2 0.693046875 0.4263958333333333 0.03975260416666667 0.11045138888888889
2 0.5905772569444445 0.36967361111111113 0.028133680555555554 0.09189583333333334
2 0.5265364583333334 0.34169444444444447 0.028133680555555554 0.08717361111111112
2 0.46789496527777774 0.5100486111111111 0.035386284722222223 0.1145763888888889
2 0.4409765625 0.6180902777777777 0.05508246527777778 0.10483333333333333
2 0.4278168402777778 0.5724652777777778 0.02638888888888889 0.12174305555555556
2 0.30347222222222225 0.2682152777777778 0.024383680555555554 0.0787361111111111
2 0.27269965277777775 0.24204166666666668 0.023324652777777777 0.0719236111111111
2 0.19697048611111112 0.44747916666666665 0.030789930555555553 0.09949305555555556
2 0.26752170138888887 0.6220902777777777 0.04618055555555556 0.13940972222222223
2 0.057669270833333335 0.4587291666666667 0.030894097222222226 0.09921527777777778
2 0.07148437499999999 0.3430138888888889 0.028871527777777777 0.08790277777777777