3 0.9663454861111112 0.38857638888888885 0.033294270833333334 0.0983125
3 0.5350520833333333 0.23234027777777777 0.023016493055555556 0.07813888888888888
1 0.011588541666666667 0.32175 0.023177083333333334 0.091625
2 0.06462239583333333 0.5627777777777777 0.03950520833333333 0.12246527777777777
2 0.20987413194444446 0.4291388888888889 0.029726562499999998 0.09815277777777778
2 0.39078559027777776 0.2984236111111111 0.01649739583333333 0.07420138888888889
2 0.41367621527777776 0.3007986111111111 0.026879340277777778 0.06799305555555556
2 0.5651649305555556 0.2614930555555556 0.020442708333333334 0.05240277777777777
2 0.5622222222222222 0.2509027777777778 0.02540798611111111 0.04583333333333333
2 0.6364973958333333 0.3248888888888889 0.021540798611111113 0.06502083333333333
2 0.6968272569444445 0.3265763888888889 0.01775173611111111 0.07113888888888889
2 0.7221137152777778 0.4326944444444445 0.030078124999999997 0.10161805555555556
2 0.7769704861111112 0.43575694444444446 0.02732204861111111 0.09403472222222221
2 0.8630078124999999 0.2710416666666667 0.02071614583333333 0.06784722222222223
2 0.9139496527777777 0.2833263888888889 0.03525607638888889 0.06227083333333334
2 0.8108810763888888 0.7969722222222223 0.05956163194444444 0.15378472222222223
2 0.5254340277777777 0.5355 0.03393229166666667 0.12008333333333332