2 0.09435763888888889 0.6165069444444444 0.08049479166666668 0.20986805555555554
2 0.06975694444444444 0.3413333333333333 0.05907552083333334 0.1511875
2 0.1779861111111111 0.3006111111111111 0.04637152777777778 0.09565972222222222
2 0.39936197916666666 0.41356944444444443 0.038658854166666666 0.1265625
2 0.4138368055555556 0.3619375 0.04237413194444444 0.10628472222222222
2 0.36999565972222226 0.39873611111111107 0.029340277777777774 0.10488194444444444
2 0.4537673611111111 0.5119305555555556 0.05484809027777778 0.1270625
2 0.6056944444444444 0.6126111111111111 0.056549479166666666 0.15070833333333333
2 0.5541883680555555 0.4790625 0.04530381944444444 0.10946527777777777
2 0.6715321180555556 0.39017361111111115 0.048142361111111115 0.12386111111111112
2 0.5672092013888889 0.436 0.03282986111111111 0.09884722222222223
2 0.5844270833333334 0.33300694444444445 0.03137586805555556 0.11786111111111111
3 0.6164019097222222 0.3422638888888889 0.03860677083333333 0.11971527777777777
2 0.9075260416666667 0.3436527777777778 0.036219618055555555 0.10027777777777779
2 0.933572048611111 0.35730555555555554 0.0396875 0.11368750000000001
0 0.4919661458333333 0.4822916666666667 0.027061631944444445 0.05254166666666667