0 0.422890625 0.8036388888888889 0.021983506944444443 0.0345625
2 0.3213628472222222 0.7788611111111111 0.05251302083333333 0.1410763888888889
2 0.5691796875 0.6017638888888889 0.055299479166666665 0.13597916666666668
2 0.3748914930555556 0.47518055555555555 0.02521267361111111 0.09538194444444444
2 0.3937413194444444 0.4878055555555556 0.01949652777777778 0.08424305555555556
2 0.3344010416666667 0.49351388888888886 0.028993055555555553 0.09400694444444445
2 0.34243489583333336 0.4543958333333334 0.02232204861111111 0.050499999999999996
2 0.2986848958333333 0.4391527777777778 0.0226953125 0.08451388888888889
2 0.2720486111111111 0.4396180555555555 0.025243055555555553 0.08876388888888888
2 0.28719618055555557 0.4145902777777778 0.021419270833333334 0.07177777777777777
2 0.22394097222222223 0.48159722222222223 0.030729166666666665 0.09400694444444445
2 0.2410373263888889 0.43206249999999996 0.021102430555555555 0.07034722222222221
2 0.2566970486111111 0.41604861111111113 0.016245659722222222 0.08296527777777778
2 0.2362282986111111 0.38892361111111107 0.020789930555555555 0.041944444444444444
2 0.2094704861111111 0.4037013888888889 0.03239583333333333 0.08472916666666667
2 0.17723958333333334 0.4169861111111111 0.026861979166666668 0.08815277777777777
2 0.09032552083333334 0.37249305555555556 0.025659722222222223 0.07359722222222223
3 0.19080729166666666 0.49042361111111116 0.029735243055555558 0.10403472222222222
1 0.7525130208333333 0.3606111111111111 0.026875 0.07795138888888889