2 0.06034288194444445 0.4981111111111111 0.03295138888888889 0.09259722222222222
2 0.16342881944444446 0.5026875 0.029900173611111112 0.10844444444444444
2 0.12925347222222222 0.4320555555555555 0.020130208333333333 0.08434722222222221
2 0.16621527777777778 0.38785416666666667 0.031475694444444445 0.08438888888888889
2 0.24632378472222222 0.34322916666666664 0.024127604166666667 0.08076388888888889
2 0.2786154513888889 0.36414583333333334 0.01590277777777778 0.06821527777777778
2 0.2720572916666667 0.32229861111111113 0.02064670138888889 0.06904166666666667
2 0.29012586805555557 0.4633611111111111 0.02804253472222222 0.08334722222222223
3 0.3578125 0.4519722222222222 0.026979166666666665 0.08672222222222221
2 0.44779079861111115 0.36554166666666665 0.027443576388888887 0.07184027777777778
2 0.38766927083333336 0.2901597222222222 0.015993923611111113 0.058326388888888886
3 0.40022569444444445 0.24775694444444443 0.024366319444444444 0.05385416666666666
2 0.5624435763888889 0.31543750000000004 0.022413194444444444 0.07205555555555555
2 0.5696614583333334 0.4400902777777778 0.03476128472222222 0.08702777777777777
2 0.49677517361111106 0.6540208333333333 0.03544270833333333 0.11986805555555556
2 0.6576822916666667 0.6202638888888888 0.03505642361111111 0.11595833333333333
2 0.6685633680555555 0.49667361111111114 0.040078125 0.11314583333333333
2 0.7622829861111111 0.6994930555555555 0.030846354166666663 0.13717361111111112
2 0.8853168402777778 0.43813888888888886 0.025846354166666665 0.10990277777777777
2 0.8631032986111111 0.3243125 0.021171875 0.06971527777777778
0 0.7064496527777778 0.5283611111111112 0.017513020833333334 0.02588888888888889