2 0.11504340277777778 0.2601041666666667 0.029856770833333338 0.08595138888888888
2 0.1426779513888889 0.23140972222222222 0.024249131944444443 0.07855555555555556
2 0.0908767361111111 0.3168263888888889 0.034101562499999995 0.08116666666666666
2 0.08928385416666668 0.4232847222222222 0.04249565972222222 0.09602083333333335
2 0.1730642361111111 0.5369236111111111 0.04334201388888889 0.11040972222222223
2 0.5686501736111111 0.7139791666666667 0.08202256944444444 0.1590763888888889
2 0.14557725694444446 0.44340277777777776 0.04057291666666667 0.11365972222222222
2 0.4559418402777778 0.35708333333333336 0.035729166666666666 0.10488888888888888
2 0.40746961805555554 0.274 0.031953125 0.09149305555555555
2 0.4793836805555556 0.19368055555555555 0.032838541666666665 0.09477083333333333
0 0.6198784722222223 0.33093055555555556 0.027374131944444446 0.03315972222222222
2 0.6285633680555556 0.3017638888888889 0.03895399305555555 0.09334027777777777
2 0.7605251736111112 0.38461805555555556 0.04477430555555555 0.09053472222222222
1 0.7509722222222223 0.2705208333333333 0.03840711805555555 0.10585416666666667
2 0.2818793402777778 0.18118750000000003 0.04234375 0.07534027777777777
3 0.024613715277777778 0.4457152777777778 0.04517361111111111 0.10717361111111112