0 0.6329730902777777 0.7616041666666666 0.016649305555555556 0.02513888888888889
2 0.7157291666666666 0.8170555555555555 0.05746961805555555 0.1401111111111111
2 0.8257552083333333 0.3835347222222222 0.038315972222222223 0.10366666666666667
2 0.6805208333333334 0.47630555555555554 0.03286024305555555 0.12227777777777779
2 0.5821180555555556 0.559236111111111 0.03962673611111111 0.11713194444444444
2 0.6121484375 0.26429166666666665 0.028437499999999998 0.07284027777777778
2 0.5629427083333334 0.3726736111111111 0.03181857638888889 0.08195138888888889
2 0.4894791666666667 0.4443402777777778 0.03757378472222222 0.09498611111111112
2 0.43603298611111113 0.3029722222222222 0.022291666666666668 0.060625
2 0.2806640625 0.5937777777777777 0.03982638888888889 0.10885416666666667
2 0.10200086805555555 0.7717847222222222 0.03621527777777778 0.13507638888888887
2 0.026796875 0.6676805555555556 0.05359375 0.13045138888888888
2 0.20927083333333335 0.5811527777777777 0.049726562499999995 0.10804166666666667
2 0.1945095486111111 0.39900694444444446 0.030381944444444444 0.08575
2 0.2494357638888889 0.35006944444444443 0.025173611111111112 0.08134027777777778
2 0.0914453125 0.3348055555555556 0.04055121527777778 0.0795
3 0.038763020833333335 0.2252013888888889 0.031888020833333336 0.05979861111111111
3 0.09008680555555555 0.49177777777777776 0.03783854166666667 0.10436111111111111