0 0.712578125 0.39288194444444446 0.011128472222222222 0.026256944444444447
1 0.6754296875 0.3631527777777778 0.025481770833333334 0.089875
3 0.46878038194444444 0.39334027777777775 0.029379340277777777 0.08870833333333333
2 0.9661805555555555 0.48165972222222225 0.030733506944444447 0.10472916666666666
2 0.7687152777777777 0.5740902777777778 0.048437499999999994 0.10915277777777778
2 0.5674869791666667 0.3854375 0.029930555555555554 0.034312499999999996
2 0.5409288194444444 0.3661388888888889 0.023094618055555557 0.08541666666666667
2 0.5223524305555556 0.3791736111111111 0.026358506944444443 0.09270833333333334
2 0.48483506944444443 0.5218819444444445 0.036718749999999994 0.10904166666666668
2 0.39598958333333334 0.43823611111111105 0.027860243055555553 0.09298611111111112
2 0.31822482638888894 0.5809722222222222 0.0385546875 0.1145763888888889
2 0.25182725694444447 0.4093194444444444 0.029618055555555554 0.08625000000000001