3 0.020360243055555553 0.33461805555555557 0.02967881944444444 0.07545833333333334
2 0.25070746527777776 0.46815277777777775 0.03043402777777778 0.09442361111111111
2 0.30754774305555554 0.3790763888888889 0.0255078125 0.07045833333333333
0 0.31523871527777775 0.4258958333333333 0.014921875000000001 0.020291666666666666
2 0.38162760416666663 0.39825 0.025872395833333332 0.08324305555555556
2 0.48549045138888886 0.33352777777777776 0.029874131944444444 0.07204166666666666
2 0.54 0.6079166666666667 0.03903645833333333 0.11910416666666666
2 0.5569748263888888 0.5296111111111111 0.02904513888888889 0.09670833333333333
2 0.5933159722222222 0.4912569444444444 0.02982638888888889 0.09669444444444444
2 0.6490277777777778 0.41183333333333333 0.02540798611111111 0.08165277777777778
3 0.687578125 0.3918611111111111 0.030607638888888886 0.08324305555555556
2 0.7744618055555555 0.4374027777777778 0.03460069444444444 0.09125
2 0.9879296875 0.4824722222222222 0.024140625 0.11107638888888888
2 0.9222786458333333 0.4265347222222223 0.02065972222222222 0.08229861111111111
2 0.9404470486111111 0.43149305555555556 0.0210546875 0.09540277777777778