3 0.5934678819444444 0.39709722222222227 0.027282986111111112 0.09415972222222223
2 0.9889973958333333 0.48038194444444443 0.022005208333333335 0.10385416666666668
2 0.9537717013888888 0.4312152777777778 0.023111979166666668 0.09879861111111111
2 0.9622526041666668 0.45410416666666664 0.024171006944444445 0.09370138888888889
2 0.7734331597222223 0.4293055555555556 0.029466145833333332 0.10770138888888889
2 0.7125607638888889 0.4137361111111111 0.028294270833333333 0.08291666666666667
2 0.6194878472222222 0.40429861111111115 0.02234375 0.08313194444444444
2 0.5608637152777778 0.3761111111111111 0.028328993055555553 0.081875
2 0.7556987847222223 0.7186597222222222 0.036397569444444444 0.1436875
2 0.5813281250000001 0.5357013888888889 0.03480902777777778 0.11061805555555555
2 0.4823611111111111 0.564 0.038272569444444446 0.1184375
2 0.36618489583333336 0.3898611111111111 0.020724826388888888 0.08129861111111111
2 0.3110112847222222 0.3800069444444445 0.0243359375 0.08130555555555555
0 0.31614583333333335 0.4263194444444444 0.014066840277777777 0.029388888888888888
2 0.25117187500000004 0.4683472222222222 0.038107638888888885 0.10686805555555555