3 0.6665147569444445 0.46098611111111115 0.03630642361111111 0.12065972222222222
2 0.3158333333333333 0.321 0.02625 0.0751388888888889
0 0.3278125 0.3561388888888889 0.011080729166666668 0.017743055555555557
2 0.8685894097222222 0.684375 0.04920572916666667 0.1539375
2 0.8019704861111111 0.45781944444444445 0.04266493055555556 0.11348611111111111
2 0.8496440972222222 0.41023611111111113 0.030546874999999998 0.10881249999999999
2 0.8858333333333334 0.4802569444444445 0.048628472222222226 0.12215972222222223
2 0.9830772569444446 0.47590972222222216 0.033845486111111114 0.12795138888888888
2 0.4137282986111111 0.5397847222222222 0.047838541666666665 0.12175694444444446
2 0.38330729166666666 0.37383333333333335 0.026584201388888888 0.0866875
2 0.39523871527777776 0.3275138888888889 0.019904513888888888 0.08092361111111111
2 0.21024305555555556 0.44177083333333333 0.036783854166666664 0.10130555555555555
2 0.10889322916666666 0.3749236111111111 0.020729166666666667 0.08161805555555555
2 0.09192274305555555 0.7006736111111111 0.0365625 0.15758333333333333