1 0.7447178819444444 0.4613611111111111 0.029223090277777777 0.10370833333333333
2 0.8411284722222222 0.5294375 0.03237413194444445 0.11649999999999999
2 0.7722699652777778 0.4542291666666667 0.023880208333333333 0.11202777777777777
2 0.6914105902777777 0.4934375 0.024678819444444444 0.10415277777777777
2 0.6921527777777778 0.4489444444444445 0.018563368055555557 0.09914583333333334
2 0.6652821180555555 0.4933194444444444 0.0173046875 0.10392361111111112
2 0.6749652777777777 0.4911180555555556 0.0138671875 0.10415277777777777
2 0.6288324652777777 0.48206249999999995 0.025125868055555556 0.08893055555555555
2 0.6211762152777778 0.5456736111111111 0.029357638888888888 0.10959722222222222
2 0.5377821180555555 0.5056180555555556 0.029787326388888886 0.09943055555555556
2 0.3400651041666667 0.42777777777777776 0.027443576388888887 0.08693055555555557
2 0.3565494791666667 0.5683125 0.04050347222222222 0.11027777777777778
2 0.22486545138888892 0.554138888888889 0.036011284722222224 0.11755555555555555
2 0.1837717013888889 0.5080694444444445 0.029835069444444442 0.10389583333333334
2 0.19044270833333332 0.46361111111111114 0.021085069444444444 0.09840972222222223
2 0.25356770833333336 0.35660416666666667 0.019622395833333334 0.07317361111111112
3 0.060607638888888885 0.4776666666666667 0.027000868055555557 0.09964583333333334
2 0.07264756944444445 0.5868402777777777 0.036497395833333335 0.10800000000000001