2 0.09389756944444444 0.7069930555555556 0.05750434027777778 0.19365277777777778
2 0.13964409722222224 0.36427777777777776 0.02625 0.08615972222222222
2 0.2218359375 0.44709027777777777 0.03333767361111111 0.10332638888888888
2 0.45825520833333333 0.5307361111111111 0.028975694444444446 0.11224999999999999
2 0.3348177083333333 0.32375 0.02776909722222222 0.08994444444444445
2 0.4080251736111111 0.33318055555555554 0.02926215277777778 0.0776875
2 0.3876996527777778 0.3784097222222222 0.03279079861111111 0.10029166666666665
2 0.8940451388888889 0.6933680555555556 0.05119791666666666 0.15752777777777777
2 0.8765885416666667 0.42154166666666665 0.0376171875 0.11186805555555555
2 0.8562282986111112 0.4925069444444445 0.0589453125 0.12502777777777777
2 0.7423654513888889 0.4445486111111111 0.06684027777777778 0.12995833333333331
3 0.68765625 0.46845833333333337 0.043715277777777777 0.13589583333333333
0 0.19274305555555554 0.38786805555555554 0.02727430555555556 0.03036111111111111