2 0.35790364583333334 0.4917638888888889 0.0410546875 0.10568055555555556
2 0.42287326388888885 0.5978125 0.052612847222222224 0.12836805555555555
2 0.19376302083333333 0.5115347222222222 0.03959635416666667 0.09993055555555556
2 0.14677083333333335 0.47870833333333335 0.03032986111111111 0.10742361111111111
2 0.1604861111111111 0.5582986111111111 0.02727430555555556 0.10602083333333333
2 0.20151041666666666 0.4267708333333333 0.025477430555555555 0.09094444444444445
2 0.2572743055555555 0.402375 0.03157118055555555 0.08280555555555555
2 0.29143663194444447 0.3506388888888889 0.031297743055555556 0.07892361111111111
3 0.3691796875 0.3168958333333333 0.033081597222222224 0.07647916666666667
2 0.5082161458333334 0.3706597222222222 0.03930555555555556 0.07628472222222221
2 0.5582552083333333 0.46081944444444445 0.04283854166666667 0.09602777777777778
2 0.5389756944444444 0.36609027777777775 0.023328993055555556 0.07729861111111111
2 0.6870876736111111 0.4515694444444444 0.031189236111111112 0.09175694444444445
2 0.6841015625 0.3699513888888889 0.03411024305555556 0.08095833333333333
3 0.7480642361111111 0.46295138888888887 0.050243055555555555 0.0901388888888889
2 0.7130078125 0.7492777777777778 0.06143663194444445 0.15669444444444444
2 0.8636631944444445 0.37522916666666667 0.03627170138888888 0.07728472222222223
2 0.8291189236111111 0.3605902777777778 0.0383203125 0.08866666666666667
0 0.8180078125 0.3902638888888889 0.014830729166666667 0.026062500000000002
2 0.9168706597222221 0.5968055555555556 0.07917534722222222 0.13020833333333334