3 0.05356336805555555 0.45757638888888885 0.027760416666666666 0.09579166666666666
2 0.05960069444444444 0.3588472222222222 0.03453559027777778 0.07919444444444444
2 0.007339409722222222 0.2600208333333333 0.01468315972222222 0.056763888888888885
2 0.15389322916666667 0.3868680555555556 0.02592013888888889 0.08236805555555556
2 0.08712239583333332 0.5820694444444444 0.03935763888888889 0.09891666666666667
2 0.11153211805555557 0.5281875 0.032426215277777774 0.08722916666666666
2 0.0559765625 0.7125972222222223 0.03612413194444444 0.12541666666666668
2 0.2968923611111111 0.29968055555555556 0.021627604166666665 0.07390972222222222
2 0.44491319444444444 0.30180555555555555 0.022699652777777777 0.06967361111111112
2 0.5302821180555556 0.35309722222222223 0.02388454861111111 0.07335416666666666
2 0.5716927083333334 0.40161111111111114 0.036362847222222223 0.08396527777777778
2 0.6646397569444444 0.4554097222222222 0.03118489583333333 0.08580555555555555
2 0.7068185763888889 0.3316180555555555 0.027230902777777777 0.09822222222222222
2 0.7761805555555555 0.6237638888888889 0.037018229166666666 0.1229513888888889
0 0.7489149305555556 0.6659652777777778 0.014283854166666665 0.026486111111111113
2 0.1166623263888889 0.2142361111111111 0.023255208333333333 0.05279861111111111
3 0.028194444444444442 0.20627777777777778 0.021176215277777778 0.05665972222222222