3 0.29576388888888894 0.3505972222222222 0.03405381944444444 0.09193749999999999
2 0.122421875 0.4876111111111111 0.033515625 0.0937361111111111
2 0.08378906250000001 0.6401249999999999 0.04191840277777778 0.12005555555555555
2 0.043133680555555554 0.6382708333333333 0.04401909722222222 0.1311736111111111
2 0.5261197916666667 0.6297083333333333 0.04471788194444445 0.12238194444444443
2 0.48271267361111114 0.4753472222222222 0.04470486111111111 0.10530555555555554
2 0.45478732638888886 0.38230555555555557 0.04035590277777778 0.07479861111111111
2 0.5350868055555555 0.40452777777777776 0.027625868055555555 0.07479166666666667
2 0.5604079861111111 0.38740277777777776 0.019227430555555553 0.0683125
3 0.6010677083333333 0.45682638888888893 0.038029513888888894 0.09606250000000001
2 0.6359375 0.4086944444444444 0.033680555555555554 0.07015972222222222
2 0.7757118055555555 0.499875 0.03769965277777778 0.10437500000000001
2 0.8353255208333333 0.42859027777777775 0.03652777777777778 0.10070138888888888
2 0.8735243055555555 0.4230347222222222 0.04230034722222222 0.09144444444444445
2 0.7515494791666666 0.36540972222222223 0.018315972222222223 0.0715625
2 0.7263758680555555 0.3406458333333333 0.03203125 0.06370833333333333