2 0.20136284722222222 0.6695763888888889 0.06447482638888889 0.13128472222222223
2 0.20678819444444443 0.4378472222222222 0.053624131944444445 0.098375
2 0.2746440972222222 0.47915972222222225 0.045043402777777776 0.11760416666666666
2 0.4384375 0.4900486111111111 0.039487847222222226 0.11250694444444444
2 0.5042664930555555 0.5756944444444444 0.04586371527777778 0.13286805555555556
2 0.6508637152777778 0.6348125 0.0356640625 0.12205555555555556
2 0.7417968749999999 0.5586180555555555 0.026636284722222223 0.12020833333333333
2 0.7477777777777779 0.46211111111111114 0.032864583333333336 0.09125694444444445
2 0.7924001736111111 0.597125 0.03351996527777778 0.10890972222222223
3 0.905486111111111 0.5364930555555555 0.0428125 0.16446527777777778
0 0.8305512152777778 0.5613402777777778 0.012508680555555556 0.017916666666666668
3 0.0659375 0.57275 0.03950520833333333 0.09684722222222222
1 0.2936154513888889 0.3403611111111111 0.032061631944444446 0.0796388888888889