1 0.40091579861111115 0.3264930555555555 0.02430989583333333 0.07841666666666666
3 0.9418012152777777 0.2517569444444444 0.02189670138888889 0.06136111111111111
3 0.8166189236111111 0.5490208333333334 0.03281684027777778 0.10691666666666667
2 0.8263802083333334 0.6409305555555556 0.028168402777777782 0.11816666666666667
2 0.8053255208333333 0.6389236111111111 0.03532986111111111 0.11861805555555556
2 0.7907725694444445 0.43930555555555556 0.02296440972222222 0.08535416666666666
2 0.7017447916666666 0.37654166666666666 0.0234375 0.07884722222222222
2 0.6787803819444445 0.4595277777777778 0.031440972222222224 0.09604861111111111
2 0.5565625 0.40477083333333336 0.037126736111111114 0.0936527777777778
2 0.4673611111111111 0.4150347222222222 0.036323784722222224 0.08145138888888889
2 0.39826822916666665 0.4342222222222222 0.027382812500000003 0.08709027777777778
2 0.3411328125 0.541875 0.031202256944444444 0.10601388888888888
2 0.3801345486111111 0.6608125 0.028307291666666665 0.1103125
2 0.18848524305555556 0.7516805555555556 0.039670138888888894 0.12795833333333334
0 0.1947873263888889 0.7251666666666666 0.016731770833333333 0.03357638888888889
2 0.17120225694444444 0.6292777777777777 0.027721354166666667 0.11231944444444444
2 0.16694878472222222 0.6415069444444444 0.03536458333333334 0.10577083333333334
3 0.46329861111111115 0.9115069444444444 0.04822916666666667 0.08078472222222222