2 0.1286935763888889 0.6311319444444444 0.0359375 0.13897222222222222
2 0.3433333333333333 0.4469097222222222 0.03564236111111111 0.09717361111111111
2 0.28897569444444443 0.3975694444444444 0.027591145833333334 0.06880555555555555
2 0.3776345486111111 0.5218958333333333 0.03619357638888889 0.10877083333333333
2 0.2656206597222222 0.3299652777777778 0.02258246527777778 0.07551388888888888
2 0.3454774305555556 0.33545833333333336 0.030989583333333334 0.07804861111111111
2 0.46059895833333336 0.3823333333333333 0.02634982638888889 0.07327777777777778
3 0.48711805555555554 0.39697916666666666 0.02747829861111111 0.09129861111111111
2 0.6179817708333333 0.4166736111111111 0.037608506944444446 0.1025486111111111
2 0.6454253472222222 0.444125 0.025633680555555555 0.10396527777777778
2 0.7389453125 0.3469097222222222 0.026171874999999997 0.075625
2 0.8767491319444445 0.5893194444444444 0.04842013888888889 0.12550694444444443
2 0.9455946180555556 0.46789583333333334 0.03480034722222222 0.11490972222222222
2 0.6467013888888888 0.8740694444444445 0.06955729166666666 0.15583333333333332