2 0.25039930555555556 0.47017361111111106 0.025729166666666668 0.09036111111111111
0 0.31614149305555556 0.4249652777777778 0.017417534722222225 0.021395833333333333
2 0.4838237847222222 0.5601597222222222 0.03040798611111111 0.10283333333333335
2 0.5832118055555555 0.5354930555555556 0.028741319444444444 0.10149999999999999
2 0.6557638888888889 0.3935486111111111 0.0180859375 0.08215277777777777
2 0.6832638888888889 0.4069305555555556 0.018185763888888887 0.07827083333333333
2 0.7716579861111111 0.43175694444444446 0.023897569444444447 0.09217361111111111
2 0.7053342013888888 0.4263194444444444 0.024895833333333332 0.05081944444444445
3 0.7233897569444445 0.3987569444444445 0.027578125 0.08541666666666667
2 0.9881293402777778 0.4681180555555556 0.017005208333333334 0.09422222222222222
2 0.9557118055555556 0.42521527777777773 0.023671875 0.09339583333333334
2 0.36258680555555556 0.3886805555555556 0.013567708333333334 0.07203472222222222
2 0.374140625 0.38857638888888885 0.019092881944444445 0.0765