0 0.2968576388888889 0.32269444444444445 0.012078993055555555 0.01813888888888889
3 0.3904470486111111 0.24402083333333333 0.014809027777777777 0.06098611111111111
2 0.25809461805555556 0.3017083333333333 0.0235546875 0.07111111111111111
2 0.05719618055555556 0.5441875 0.028059895833333334 0.11235416666666666
2 0.03154513888888889 0.5276388888888889 0.02706597222222222 0.11022222222222222
2 0.12335069444444444 0.4404722222222222 0.022352430555555556 0.08860416666666666
2 0.1395355902777778 0.4646180555555555 0.026536458333333332 0.09838194444444444
2 0.2721484375 0.6080347222222222 0.042634548611111114 0.14098611111111112
2 0.40881510416666667 0.41288888888888886 0.03477864583333333 0.09534027777777777
2 0.4905555555555556 0.3452222222222222 0.025421006944444446 0.09415972222222223
2 0.5268706597222222 0.3690277777777778 0.027105034722222223 0.08398611111111111
2 0.5491189236111111 0.48329861111111116 0.02388454861111111 0.10202777777777777
2 0.573046875 0.48363888888888895 0.01984375 0.10780555555555556
2 0.6321397569444445 0.3610486111111111 0.02482204861111111 0.08453472222222222
2 0.6732291666666667 0.6110625 0.054114583333333334 0.13052777777777777
2 0.7602083333333334 0.3438472222222222 0.021697048611111113 0.07490277777777778
2 0.7060503472222223 0.33741666666666664 0.028177083333333335 0.07235416666666666
2 0.6639322916666667 0.37277777777777776 0.017465277777777777 0.08529166666666667
3 0.6798394097222222 0.4120208333333333 0.028111979166666665 0.0900625
2 0.8826649305555556 0.4284722222222222 0.034444444444444444 0.10380555555555555
2 0.9398350694444445 0.36747916666666663 0.028819444444444446 0.08708333333333333