2 0.8579644097222222 0.8245694444444445 0.07559895833333334 0.1843263888888889
2 0.7554991319444445 0.4434513888888889 0.04605034722222222 0.09845833333333333
2 0.6961241319444444 0.37985416666666666 0.03333333333333333 0.12047916666666668
2 0.7318012152777778 0.3124791666666667 0.037447916666666664 0.09940972222222223
2 0.5674739583333334 0.42397916666666663 0.03741753472222222 0.11793055555555555
2 0.46740451388888893 0.24822222222222223 0.020047743055555553 0.06129166666666667
2 0.4830208333333334 0.22642361111111112 0.02275607638888889 0.08615972222222222
2 0.4805338541666667 0.36321527777777773 0.02655815972222222 0.08594444444444445
3 0.4035243055555556 0.3756805555555556 0.026106770833333334 0.10034027777777778
2 0.3495138888888889 0.3151805555555556 0.029969618055555553 0.08464583333333334
3 0.25569010416666665 0.1979375 0.034292534722222226 0.07129166666666667
2 0.22519097222222223 0.26510416666666664 0.021558159722222223 0.07926388888888888
2 0.23590711805555553 0.42895138888888895 0.03640625 0.0998263888888889
2 0.2398003472222222 0.54 0.03213107638888889 0.10428472222222221
2 0.13955295138888887 0.3055555555555556 0.03017361111111111 0.08822222222222223
0 0.725646701388889 0.494125 0.014717881944444443 0.018618055555555554