2 0.2437282986111111 0.6775416666666666 0.061753472222222223 0.1440486111111111
2 0.1443142361111111 0.40026388888888886 0.040685763888888886 0.08780555555555555
2 0.30676649305555553 0.48462500000000003 0.026788194444444444 0.086375
2 0.3238888888888889 0.46820833333333334 0.018498263888888887 0.09729861111111113
2 0.3491796875 0.4084027777777778 0.03109375 0.08463888888888889
2 0.4776996527777777 0.3816527777777778 0.03137586805555556 0.084625
2 0.6044704861111111 0.36624305555555553 0.03272135416666667 0.07810416666666667
2 0.6730685763888888 0.6761041666666667 0.06204861111111112 0.14115972222222223
0 0.7213020833333333 0.4340694444444444 0.02025607638888889 0.033875
1 0.7367925347222222 0.40088888888888885 0.0330078125 0.086625
2 0.9832031250000001 0.5225416666666667 0.03358940972222222 0.10629861111111111