3 0.5855512152777778 0.46397916666666666 0.02273871527777778 0.07842361111111111
0 0.5321918402777778 0.46766666666666673 0.011345486111111112 0.026194444444444444
3 0.46349826388888893 0.3522708333333333 0.021866319444444445 0.07151388888888889
2 0.17380208333333333 0.5223611111111112 0.022083333333333333 0.07861111111111112
2 0.20493923611111112 0.5211319444444444 0.03559895833333333 0.07965972222222222
2 0.22438368055555558 0.4806944444444445 0.02737847222222222 0.0890625
2 0.392109375 0.4388680555555556 0.024813368055555556 0.06326388888888888
2 0.3990407986111111 0.3974652777777778 0.01840277777777778 0.06197222222222222
2 0.4416579861111111 0.4530208333333334 0.034066840277777774 0.07490972222222222
2 0.4872092013888889 0.4159097222222222 0.026562500000000003 0.06292361111111111
2 0.4797092013888889 0.3723125 0.01703125 0.06602083333333333
2 0.5281336805555555 0.41406944444444443 0.023498263888888888 0.07502083333333333
2 0.5516623263888889 0.44934027777777774 0.016315104166666667 0.06754861111111111
2 0.5722265625 0.4244513888888889 0.01855034722222222 0.073875
2 0.501892361111111 0.5887013888888889 0.0378515625 0.09909027777777778
2 0.6661979166666667 0.5159236111111111 0.03721354166666666 0.09816666666666668
2 0.8220833333333333 0.4153333333333334 0.030143229166666667 0.08894444444444445
2 0.9354123263888889 0.49551388888888886 0.03164496527777778 0.08626388888888889