3 0.29778645833333334 0.3369027777777778 0.021883680555555556 0.0737986111111111
3 0.3764236111111111 0.382 0.018645833333333334 0.08348611111111111
2 0.41303385416666666 0.4228055555555556 0.015507812499999999 0.08734722222222223
2 0.4267404513888889 0.3786736111111111 0.018628472222222223 0.07682638888888889
2 0.38614149305555556 0.4223194444444444 0.020724826388888888 0.09054166666666666
2 0.35443142361111113 0.39315972222222223 0.020638020833333333 0.09053472222222222
2 0.3297482638888889 0.3949652777777778 0.02420572916666667 0.07471527777777778
0 0.30376736111111113 0.4223125 0.013020833333333334 0.026680555555555558
2 0.1762673611111111 0.66425 0.04087673611111112 0.14127083333333335
2 0.6878385416666667 0.6103888888888889 0.03497829861111111 0.12934722222222222
2 0.5111935763888888 0.4440347222222222 0.023550347222222223 0.09094444444444445
2 0.5708810763888889 0.4040625 0.023190104166666666 0.0915138888888889
2 0.6314019097222222 0.4817083333333333 0.024496527777777777 0.09827083333333332
2 0.6923090277777777 0.43154166666666666 0.020499131944444443 0.09649305555555555
2 0.8076649305555555 0.5250069444444444 0.030828993055555556 0.11406944444444443
2 0.8491319444444445 0.42840277777777774 0.027864583333333335 0.09299305555555555
2 0.9698133680555555 0.46607638888888886 0.03669704861111111 0.10310416666666666