2 0.8691710069444444 0.6266388888888889 0.04237847222222222 0.12952083333333334
2 0.8710677083333334 0.4205069444444444 0.025082465277777778 0.09528472222222223
2 0.7175824652777778 0.3617708333333334 0.028216145833333334 0.07231944444444445
2 0.6194444444444445 0.36756249999999996 0.0196875 0.05352777777777778
2 0.6294661458333333 0.4700138888888889 0.033402777777777774 0.08629166666666667
2 0.6072048611111112 0.3362986111111111 0.014427083333333333 0.06268055555555556
2 0.5177256944444444 0.4678402777777778 0.032942708333333334 0.09000694444444446
2 0.44593750000000004 0.3437152777777778 0.022139756944444443 0.06050694444444444
2 0.3957335069444444 0.4645208333333333 0.02898003472222222 0.08336805555555556
2 0.33577256944444445 0.6237777777777778 0.03059027777777778 0.11750694444444446
2 0.38000868055555553 0.36952083333333335 0.026393229166666667 0.0659375
2 0.36456163194444446 0.28529166666666667 0.016770833333333332 0.05547222222222222
2 0.28546006944444446 0.3607291666666667 0.022630208333333332 0.06536805555555555
2 0.20698784722222222 0.33431944444444445 0.016089409722222222 0.06206250000000001
2 0.023138020833333335 0.5265277777777778 0.02681423611111111 0.08520833333333333
2 0.018042534722222222 0.44837499999999997 0.017430555555555553 0.06788888888888889
2 0.036536458333333334 0.4164861111111111 0.022504340277777778 0.061173611111111116
3 0.24047309027777775 0.4596458333333333 0.019227430555555553 0.09342361111111111
3 0.0989670138888889 0.29231250000000003 0.017821180555555555 0.05313888888888889