2 0.15497395833333333 0.4674722222222222 0.0534765625 0.10624305555555556
2 0.09898003472222222 0.5042638888888888 0.04220486111111111 0.15483333333333335
2 0.021844618055555556 0.620013888888889 0.04369357638888889 0.13034722222222223
2 0.037196180555555555 0.5607430555555556 0.035559895833333334 0.10666666666666666
2 0.32065104166666664 0.41725 0.05025173611111111 0.10857638888888889
2 0.4290234375 0.5667569444444445 0.050516493055555556 0.14647222222222223
2 0.5402951388888888 0.5653680555555556 0.06235243055555555 0.1437013888888889
2 0.5230772569444445 0.46515972222222224 0.046440972222222224 0.11272222222222222
2 0.6065625 0.4781180555555556 0.05481336805555556 0.14419444444444443
2 0.6875911458333334 0.5072777777777778 0.05247829861111111 0.1414027777777778
2 0.6586588541666667 0.43761805555555555 0.04590711805555556 0.10486805555555555
2 0.8123177083333333 0.534125 0.07386284722222222 0.1339861111111111
1 0.7359201388888889 0.46700694444444446 0.032209201388888886 0.11642361111111112
2 0.24049045138888892 0.3686527777777778 0.04274739583333333 0.10766666666666666
3 0.01924045138888889 0.4721041666666667 0.038485243055555556 0.08772222222222222