2 0.2104513888888889 0.47473611111111114 0.054262152777777774 0.10834722222222223
2 0.14900173611111112 0.5016041666666666 0.035798611111111114 0.10809722222222222
2 0.39729166666666665 0.6634513888888889 0.05841145833333334 0.13616666666666669
2 0.3083723958333333 0.3627638888888889 0.02677517361111111 0.07720138888888889
3 0.4435633680555556 0.44606250000000003 0.035269097222222226 0.09985416666666666
2 0.10827690972222222 0.44465277777777773 0.02986111111111111 0.10473611111111111
2 0.08683159722222222 0.4113541666666667 0.030347222222222223 0.07670138888888889
2 0.4929600694444444 0.49067361111111113 0.03927517361111111 0.109375
2 0.6729730902777777 0.5433819444444444 0.03137586805555556 0.11710416666666666
0 0.5787630208333333 0.348875 0.0196875 0.02886111111111111
2 0.6075868055555556 0.3402638888888889 0.025924479166666667 0.09133333333333334
2 0.6659071180555556 0.42163888888888884 0.023663194444444445 0.09727083333333333
2 0.8770182291666667 0.5540486111111111 0.042608506944444444 0.12045138888888889
2 0.794921875 0.42125694444444445 0.02302517361111111 0.09393055555555554
2 0.8144444444444444 0.44195138888888885 0.018684895833333333 0.091625
2 0.6972439236111111 0.4776875 0.02689670138888889 0.10654861111111112
2 0.532734375 0.44645138888888886 0.03206597222222222 0.09290972222222221
2 0.5520963541666667 0.45763194444444444 0.024188368055555555 0.09728472222222223
2 0.7001388888888889 0.40531249999999996 0.01982638888888889 0.051763888888888894
2 0.2765668402777778 0.3173958333333333 0.022690972222222223 0.08161805555555555