1 0.043888888888888894 0.31525 0.026597222222222223 0.07615277777777778
2 0.27052951388888885 0.4265277777777778 0.0329296875 0.09711111111111112
2 0.47578125000000004 0.32108333333333333 0.024214409722222222 0.06752777777777777
2 0.4550607638888889 0.32 0.02636284722222222 0.06663888888888889
2 0.5823524305555555 0.36191666666666666 0.021809895833333332 0.07311805555555556
0 0.5336675347222222 0.30763194444444447 0.007647569444444445 0.015277777777777777
2 0.5627170138888888 0.30028472222222224 0.018993055555555555 0.0614375
2 0.5685807291666667 0.2682638888888889 0.02120659722222222 0.05952777777777778
3 0.625625 0.2356111111111111 0.02751736111111111 0.06395138888888889
2 0.6895008680555555 0.34541666666666665 0.0253125 0.07689583333333333
2 0.6295269097222222 0.5549027777777777 0.036909722222222226 0.10152777777777777
2 0.7299913194444445 0.45230555555555557 0.0286328125 0.09668055555555556
2 0.7662022569444444 0.4528819444444444 0.029726562499999998 0.10162500000000001
2 0.7447743055555556 0.7812083333333334 0.0442578125 0.1675486111111111
3 0.9804513888888889 0.4040625 0.0333203125 0.107125
2 0.12164496527777777 0.5490208333333334 0.03821180555555556 0.13115972222222222