0 0.14811631944444445 0.7827777777777778 0.027421875 0.03824305555555556
2 0.10594184027777778 0.39328472222222227 0.05157986111111111 0.11341666666666667
2 0.16540798611111113 0.24801388888888887 0.05766493055555556 0.10761111111111112
2 0.23536024305555556 0.3196597222222222 0.049822048611111114 0.11716666666666667
2 0.38700086805555556 0.14754861111111112 0.045121527777777774 0.10111111111111111
2 0.5031076388888889 0.1711527777777778 0.048181423611111114 0.10168055555555555
2 0.5787847222222222 0.5765138888888889 0.05977430555555555 0.13960416666666667
2 0.6351388888888888 0.510875 0.057560763888888894 0.15139583333333334
2 0.833515625 0.8212152777777777 0.08745659722222222 0.19844444444444445
2 0.9360199652777779 0.8415694444444444 0.08513888888888889 0.20528472222222224
2 0.9388498263888889 0.6106597222222222 0.08979166666666666 0.14539583333333334
2 0.8529730902777778 0.2083125 0.04391059027777778 0.0907013888888889
3 0.6760894097222222 0.33969444444444447 0.05038628472222222 0.12429166666666666