2 0.30469618055555553 0.6458333333333334 0.04775607638888889 0.09877777777777778
2 0.21487413194444444 0.5336805555555556 0.03267795138888889 0.1037013888888889
2 0.19111545138888889 0.5157152777777778 0.03065538194444444 0.08634722222222223
2 0.1329730902777778 0.6196527777777777 0.04020833333333333 0.11147222222222222
2 0.1331206597222222 0.5823958333333333 0.029852430555555556 0.08806944444444444
2 0.4519314236111111 0.48240277777777774 0.02666232638888889 0.08787500000000001
2 0.4690755208333333 0.40797222222222224 0.028033854166666667 0.052069444444444446
3 0.5864279513888889 0.5075763888888889 0.030425347222222218 0.08245833333333333
2 0.5542491319444445 0.4341458333333333 0.0251171875 0.07190277777777779
2 0.4942013888888889 0.4030902777777778 0.022144097222222225 0.06089583333333333
2 0.6128993055555555 0.40122916666666664 0.030121527777777782 0.05718055555555556
3 0.5291840277777777 0.37041666666666667 0.02338541666666667 0.06369444444444444
2 0.6515321180555556 0.4560763888888889 0.030915798611111114 0.06929166666666667
2 0.6604817708333334 0.41734722222222226 0.028493923611111114 0.05998611111111111
2 0.7365711805555555 0.4002291666666667 0.020950520833333333 0.0706736111111111
2 0.7861675347222222 0.5536666666666666 0.041731770833333334 0.10340277777777779
2 0.8749782986111111 0.5378958333333334 0.050347222222222224 0.09281944444444444