3 0.4361762152777778 0.3281527777777778 0.025173611111111112 0.08393055555555555
2 0.8370920138888889 0.6051180555555555 0.04829861111111111 0.14424305555555555
2 0.8464062499999999 0.3529513888888889 0.03610243055555556 0.09344444444444444
2 0.7647005208333333 0.2338611111111111 0.0248046875 0.07186805555555555
0 0.7619184027777778 0.2581527777777778 0.010533854166666667 0.020722222222222222
2 0.6609809027777778 0.24854861111111112 0.018411458333333335 0.06906944444444443
2 0.7241623263888889 0.39614583333333336 0.028168402777777782 0.10477777777777778
2 0.5441579861111111 0.3305416666666667 0.033389756944444446 0.09795833333333334
2 0.2669314236111111 0.2689166666666667 0.0277734375 0.07120138888888888
2 0.21710069444444444 0.2588402777777778 0.023272569444444443 0.06820833333333333
2 0.2079861111111111 0.41310416666666666 0.023810763888888888 0.10331944444444445
2 0.153671875 0.3182291666666667 0.027764756944444444 0.08404861111111112
2 0.13233506944444443 0.3187638888888889 0.017921006944444443 0.07868750000000001
2 0.10404947916666667 0.41288888888888886 0.02970486111111111 0.095375
2 0.2961328125 0.6701944444444444 0.03782986111111111 0.13529166666666667