3 0.7838498263888889 0.4867222222222222 0.028463541666666665 0.10227777777777777
3 0.8112065972222222 0.3511736111111111 0.01984375 0.07026388888888889
2 0.8753428819444444 0.46561111111111114 0.02643663194444444 0.08624305555555556
2 0.7965842013888889 0.40620138888888885 0.024045138888888887 0.07671527777777777
2 0.6995703125 0.45030555555555557 0.028537326388888888 0.08863888888888889
0 0.6647829861111112 0.4503125 0.011618923611111111 0.024902777777777777
2 0.5686458333333334 0.43147222222222226 0.03068142361111111 0.07715972222222223
2 0.5793185763888888 0.4728472222222222 0.029257812499999997 0.06995833333333333
2 0.6023003472222223 0.4917430555555556 0.031098090277777782 0.03945138888888889
2 0.6008029513888888 0.45389583333333333 0.026688368055555557 0.0741875
2 0.47468750000000004 0.48928472222222225 0.026341145833333333 0.10625694444444443
2 0.4221701388888889 0.5300555555555555 0.03302517361111111 0.10128472222222222
2 0.35463975694444444 0.5188472222222222 0.02177951388888889 0.09821527777777778
2 0.3677300347222222 0.5976041666666666 0.025186631944444444 0.11000694444444445
2 0.33795572916666666 0.6466319444444444 0.051736111111111115 0.11811805555555556
2 0.2357074652777778 0.5743055555555555 0.042916666666666665 0.1089375
1 0.27024739583333335 0.47867361111111106 0.02732638888888889 0.09072916666666667