3 0.28563802083333334 0.3772847222222222 0.030468750000000003 0.10481944444444444
2 0.03882378472222223 0.4730694444444445 0.036432291666666665 0.12937500000000002
0 0.3945442708333333 0.2830138888888889 0.009496527777777777 0.020479166666666666
2 0.4056901041666667 0.3234583333333333 0.021115451388888887 0.08430555555555556
2 0.34402777777777777 0.2717013888888889 0.015173611111111112 0.07514583333333333
2 0.3403949652777778 0.2601597222222222 0.021098090277777776 0.06374305555555557
2 0.5406249999999999 0.38590972222222225 0.029266493055555558 0.09597916666666667
2 0.6153038194444445 0.29210416666666666 0.01911892361111111 0.08134722222222222
2 0.6825651041666667 0.26584722222222223 0.025594618055555556 0.08140972222222223
2 0.8910329861111111 0.3708819444444445 0.03169704861111111 0.09872916666666666
2 0.11842447916666668 0.6844375 0.04314670138888889 0.14339583333333333
2 0.8159765625 0.6353125000000001 0.038285590277777774 0.15284722222222222