1 0.42030381944444445 0.4278958333333333 0.045043402777777776 0.12279861111111112
0 0.4268706597222222 0.42011111111111116 0.011414930555555557 0.021687500000000002
3 0.9674913194444444 0.2745694444444444 0.02591579861111111 0.09183333333333334
2 0.9753342013888889 0.37875 0.03821614583333333 0.11596527777777778
2 0.7013324652777777 0.5384513888888889 0.043333333333333335 0.13735416666666667
2 0.6222699652777778 0.4717361111111111 0.044379340277777776 0.12493749999999999
2 0.6374522569444445 0.4003263888888889 0.03748697916666667 0.1175763888888889
2 0.5140755208333334 0.36240972222222223 0.039075520833333335 0.09954166666666667
2 0.3277690972222222 0.49444444444444446 0.03333333333333333 0.1270138888888889
2 0.39706597222222223 0.6087361111111111 0.05001302083333334 0.13524999999999998
2 0.5307682291666667 0.6201111111111112 0.03859809027777778 0.15438194444444445