2 0.1429730902777778 0.4725625 0.049253472222222226 0.11642361111111112
2 0.48097656250000004 0.5864305555555556 0.05049479166666667 0.11822916666666666
2 0.4568098958333333 0.4008194444444444 0.04325086805555556 0.0729375
2 0.015768229166666665 0.6049722222222222 0.031540798611111115 0.13543055555555555
2 0.3457855902777778 0.43122222222222223 0.03034288194444444 0.091625
2 0.3698003472222222 0.37297222222222226 0.026141493055555555 0.09918750000000001
2 0.3487760416666667 0.37394444444444447 0.021545138888888888 0.07672916666666667
2 0.5183246527777778 0.37900694444444444 0.03654079861111111 0.08348611111111111
2 0.4899045138888889 0.3988541666666667 0.020872395833333335 0.0708125
2 0.48110677083333336 0.3770416666666667 0.022278645833333333 0.05252777777777778
2 0.6293663194444444 0.35438194444444443 0.02636284722222222 0.06294444444444444
2 0.6557552083333333 0.3648055555555556 0.03697916666666667 0.06484722222222222
2 0.7295572916666667 0.4847152777777778 0.037886284722222226 0.1116111111111111
2 0.7874522569444444 0.42701388888888886 0.026961805555555555 0.08400694444444444
2 0.8101519097222222 0.42068055555555556 0.030121527777777782 0.08484722222222223
3 0.5378298611111112 0.4449513888888889 0.03815538194444444 0.09359722222222222
3 0.30040364583333334 0.33875 0.0385546875 0.0702013888888889