2 0.5026475694444444 0.3529513888888889 0.03077690972222222 0.07778472222222223
2 0.4843272569444445 0.4414444444444444 0.026284722222222223 0.09015972222222222
2 0.6021484374999999 0.47681944444444446 0.025611979166666667 0.09145138888888889
2 0.5695225694444445 0.3951388888888889 0.027877604166666667 0.11072222222222222
2 0.5140711805555556 0.4842777777777778 0.03979600694444444 0.10740972222222221
2 0.5258854166666667 0.42176388888888894 0.029023437500000002 0.08423611111111111
2 0.7074479166666667 0.4607361111111111 0.0272265625 0.0927361111111111
2 0.6271657986111111 0.4136597222222222 0.032243923611111114 0.09632638888888889
2 0.6813324652777778 0.31590277777777775 0.021614583333333333 0.07571527777777778
2 0.7427256944444445 0.4631805555555556 0.03508680555555556 0.10019444444444445
2 0.8268880208333333 0.7498958333333333 0.08284288194444445 0.15661805555555555
2 0.8350911458333333 0.5046041666666666 0.044587673611111114 0.09557638888888889
3 0.8202256944444444 0.4297430555555556 0.03575520833333333 0.10533333333333333
3 0.6898784722222222 0.27847222222222223 0.02263454861111111 0.07029861111111112
2 0.42276475694444443 0.403625 0.025342881944444444 0.08139583333333333
2 0.42887152777777776 0.48440277777777774 0.031124131944444442 0.07833333333333334