2 0.43354600694444445 0.5905625 0.043780381944444446 0.09665972222222222
2 0.29562065972222223 0.5697777777777778 0.04557725694444445 0.10508333333333333
2 0.41641059027777777 0.4894861111111111 0.03896701388888889 0.11591666666666665
2 0.4757465277777777 0.4589166666666667 0.03138888888888888 0.10047916666666666
2 0.5933072916666666 0.6054930555555555 0.06243489583333333 0.11937500000000001
2 0.6232118055555556 0.4397013888888889 0.03832465277777777 0.10347222222222222
2 0.7071397569444444 0.45397916666666666 0.030303819444444442 0.0906111111111111
0 0.7342317708333334 0.5017638888888889 0.013958333333333331 0.01904861111111111
3 0.7778472222222222 0.4237638888888889 0.06012586805555556 0.10874305555555555
2 0.8527473958333334 0.37606249999999997 0.033151041666666665 0.07761805555555555
3 0.7991927083333333 0.30570138888888887 0.02603298611111111 0.07545833333333334
2 0.9188628472222222 0.42563888888888884 0.030577256944444447 0.08820833333333333
2 0.9378732638888889 0.5335763888888889 0.04181423611111111 0.11123611111111112
2 0.9726432291666666 0.6282916666666667 0.03367621527777778 0.11497916666666666
1 0.18799479166666666 0.44130555555555556 0.05405381944444445 0.104
2 0.5088411458333333 0.44616666666666666 0.04833333333333333 0.028909722222222226