2 0.3310850694444445 0.6476458333333334 0.0371484375 0.09759027777777778
2 0.4665755208333333 0.5293958333333334 0.022161458333333335 0.10268055555555557
2 0.28477864583333334 0.5037638888888889 0.03833333333333333 0.08070833333333333
2 0.316796875 0.3836805555555556 0.029157986111111114 0.06016666666666667
2 0.2202690972222222 0.37270138888888893 0.023706597222222223 0.06748611111111112
2 0.25319878472222224 0.28044444444444444 0.0255078125 0.05867361111111111
2 0.38354166666666667 0.33755555555555555 0.020811631944444447 0.055763888888888884
2 0.49909288194444446 0.36097916666666663 0.025421006944444446 0.06600694444444444
2 0.5429991319444444 0.3829444444444445 0.021723090277777777 0.08065972222222223
2 0.6888888888888889 0.3509097222222222 0.02982204861111111 0.07149305555555556
2 0.7486631944444445 0.4146111111111111 0.03269097222222222 0.08176388888888889
2 0.8483593749999999 0.6170694444444444 0.0490625 0.11330555555555555
2 0.6570789930555556 0.4942430555555556 0.02568576388888889 0.09826388888888889
2 0.40790364583333333 0.8837708333333334 0.053524305555555554 0.1305902777777778
3 0.20526041666666667 0.47813194444444446 0.030290798611111114 0.09532638888888889
2 0.1047265625 0.3468819444444444 0.025967881944444444 0.07076388888888889
3 0.06660590277777778 0.28272916666666664 0.026974826388888887 0.05499305555555555
2 0.012365451388888888 0.42846527777777776 0.014973958333333334 0.07716666666666668
2 0.010247395833333332 0.47584722222222225 0.02049045138888889 0.09646527777777777