0 0.37396701388888887 0.8246180555555556 0.014092881944444444 0.02227777777777778
2 0.3497222222222222 0.7866944444444444 0.03315972222222222 0.12268749999999999
2 0.38944010416666663 0.7734513888888889 0.033046875 0.10413888888888889
2 0.3779427083333333 0.7205555555555555 0.030447048611111114 0.07893055555555556
2 0.3420833333333333 0.6298263888888889 0.03307725694444444 0.10277777777777777
2 0.44702256944444446 0.5838888888888889 0.03350694444444444 0.10421527777777777
2 0.13651909722222222 0.7099097222222223 0.03927083333333334 0.11712499999999999
2 0.12278645833333332 0.633125 0.03219184027777778 0.11513194444444444
2 0.2870746527777778 0.44059722222222225 0.028589409722222223 0.09079861111111111
2 0.4525868055555555 0.358 0.03102864583333333 0.08486111111111111
2 0.5127300347222222 0.34584027777777776 0.020169270833333332 0.08527777777777777
1 0.18400607638888888 0.2546319444444445 0.014322916666666666 0.06233333333333334
2 0.7768967013888889 0.4457847222222222 0.02727430555555556 0.08199305555555556
2 0.6487065972222221 0.2632986111111111 0.023932291666666668 0.06622916666666667
2 0.7161284722222222 0.2522361111111111 0.020863715277777778 0.05561111111111111
2 0.9583203124999999 0.7424166666666666 0.039952256944444445 0.1418472222222222
3 0.6698784722222223 0.46779166666666666 0.02670138888888889 0.09338194444444445
3 0.7396614583333334 0.18372916666666667 0.016362847222222223 0.043319444444444445
2 0.9901562500000001 0.33119444444444446 0.01968315972222222 0.06771527777777778