2 0.08177951388888888 0.6034375000000001 0.03519965277777778 0.12650694444444444
2 0.15648871527777777 0.5249166666666667 0.028372395833333335 0.10279166666666667
2 0.4742447916666667 0.6797569444444445 0.03212673611111111 0.12613888888888888
2 0.7003472222222222 0.7251875 0.03962673611111111 0.14156944444444444
2 0.7412586805555555 0.5562569444444444 0.033702256944444446 0.11105555555555555
2 0.6873003472222222 0.47758333333333336 0.027764756944444444 0.09029861111111111
2 0.5874522569444445 0.37449305555555557 0.022526041666666666 0.07384027777777778
2 0.5611284722222222 0.2919583333333333 0.02204861111111111 0.05675
2 0.445546875 0.49244444444444446 0.028033854166666667 0.10105555555555557
2 0.20447916666666666 0.4766944444444445 0.03205295138888889 0.09611805555555555
2 0.4247699652777778 0.3451458333333333 0.029171006944444442 0.0758611111111111
3 0.40334635416666664 0.44608333333333333 0.02900607638888889 0.08043055555555555
3 0.5470703125 0.21536805555555555 0.022395833333333334 0.04396527777777778
2 0.7138585069444444 0.3636111111111111 0.02158854166666667 0.06726388888888889
2 0.7903819444444444 0.31845833333333334 0.022864583333333334 0.060423611111111115
2 0.8123611111111111 0.26274305555555555 0.01939236111111111 0.06661805555555556
2 0.8289626736111111 0.3970694444444444 0.024140625 0.0772638888888889
2 0.9749305555555554 0.4875763888888889 0.0267578125 0.10270138888888888