2 0.2404470486111111 0.35384027777777777 0.04287326388888889 0.07879861111111111
2 0.34848090277777777 0.34544444444444444 0.028090277777777777 0.08599305555555556
2 0.2961154513888889 0.264 0.023793402777777778 0.06461805555555555
2 0.0636935763888889 0.5143194444444444 0.04014756944444445 0.09755555555555555
2 0.07014322916666667 0.2969861111111111 0.0260546875 0.07542361111111111
3 0.020243055555555556 0.4282013888888889 0.03719184027777778 0.10280555555555555
2 0.32807291666666666 0.6946805555555555 0.04123697916666667 0.12968055555555555
2 0.4314626736111111 0.30546527777777777 0.02615885416666667 0.08279166666666667
2 0.4564800347222222 0.44040277777777775 0.037222222222222226 0.12001388888888888
2 0.5787022569444444 0.29275 0.03132378472222222 0.08134722222222222
2 0.7398437499999999 0.6510208333333334 0.053797743055555555 0.14790277777777777
0 0.8046527777777778 0.4415972222222222 0.020026041666666668 0.03125694444444444
2 0.9633376736111112 0.4749444444444444 0.048081597222222223 0.12194444444444444