3 0.5384895833333334 0.40824305555555557 0.033880208333333335 0.10164583333333334
2 0.96546875 0.48410416666666667 0.045881076388888886 0.11988888888888888
2 0.8770920138888889 0.6038263888888888 0.04216145833333333 0.12945138888888888
2 0.76625 0.35222916666666665 0.027486979166666665 0.09343055555555554
2 0.6613368055555555 0.4523958333333334 0.0201953125 0.09599305555555555
2 0.6529123263888889 0.4263125 0.035802951388888886 0.09741666666666667
2 0.43610243055555553 0.3844513888888889 0.024631076388888888 0.08293750000000001
2 0.40428819444444447 0.5236944444444445 0.03982638888888889 0.1149513888888889
2 0.3166319444444444 0.45119444444444445 0.030920138888888886 0.09690277777777777
2 0.3388324652777778 0.3333125 0.028953993055555554 0.08616666666666667
0 0.29623697916666664 0.35763194444444446 0.012795138888888889 0.024347222222222225
2 0.27866319444444443 0.32518055555555553 0.024010416666666666 0.06824305555555556
2 0.25569010416666665 0.39307638888888885 0.02752170138888889 0.08534722222222223
2 0.1385590277777778 0.6495555555555556 0.03797743055555555 0.1432986111111111
2 0.6702560763888888 0.8835208333333333 0.05379340277777778 0.13064583333333332