2 0.02314670138888889 0.4232708333333333 0.046297743055555556 0.1095
2 0.2867925347222222 0.5732361111111112 0.05546875 0.153875
2 0.2093793402777778 0.3931736111111111 0.05924913194444444 0.17709027777777778
2 0.2783984375 0.4163263888888889 0.051419270833333336 0.12894444444444444
2 0.38605034722222226 0.3188888888888889 0.04444878472222222 0.10907638888888889
2 0.43365451388888887 0.33855555555555555 0.05861545138888889 0.14008333333333334
2 0.5469487847222223 0.37628472222222226 0.07335069444444445 0.1312638888888889
2 0.5091840277777778 0.34249305555555554 0.05686197916666666 0.12850694444444447
2 0.721015625 0.4197986111111111 0.0660720486111111 0.12569444444444444
2 0.7657291666666667 0.4378472222222222 0.053619791666666666 0.11736805555555554
2 0.8532638888888889 0.6128125 0.06661892361111112 0.15247222222222223
1 0.8113064236111112 0.36054166666666665 0.04637152777777778 0.15349305555555556
0 0.33917100694444446 0.3397222222222222 0.03404079861111112 0.056298611111111105