2 0.4199088541666667 0.4526597222222222 0.08090277777777778 0.15438888888888888
2 0.6355034722222223 0.6637291666666667 0.055963541666666665 0.1320902777777778
2 0.3387369791666667 0.6850208333333333 0.06095486111111111 0.1357847222222222
2 0.07163194444444444 0.4885347222222222 0.05349392361111111 0.11224999999999999
2 0.2805685763888889 0.4690902777777778 0.06617621527777778 0.1289236111111111
2 0.06569878472222222 0.3040763888888889 0.046263020833333335 0.08501388888888889
2 0.1756684027777778 0.17632638888888888 0.04160590277777778 0.06839583333333334
2 0.2716015625 0.15225694444444443 0.03203125 0.0758125
2 0.5188802083333334 0.1872083333333333 0.03689236111111111 0.07625694444444445
2 0.44161458333333337 0.23326388888888888 0.040963541666666665 0.07115277777777777
2 0.7353385416666667 0.4586736111111111 0.05420138888888889 0.1442013888888889
2 0.6583637152777777 0.2739930555555556 0.0449609375 0.10816666666666666
2 0.807109375 0.16938194444444443 0.0356640625 0.08228472222222222
2 0.9347265625000001 0.30523611111111115 0.04778645833333333 0.10120833333333334
3 0.28737413194444444 0.3415694444444445 0.042921006944444444 0.09332638888888888
2 0.2979340277777778 0.2901944444444444 0.0314453125 0.07390972222222222
0 0.6023741319444444 0.7484444444444445 0.03923611111111111 0.062625
2 0.5556293402777778 0.1307361111111111 0.03861545138888889 0.06146527777777778