2 0.22168402777777776 0.5049652777777778 0.053901909722222224 0.09234027777777777
2 0.13154079861111112 0.5540277777777778 0.04896267361111111 0.10713194444444445
2 0.1366059027777778 0.7401041666666667 0.06430121527777778 0.13484027777777777
2 0.2564887152777778 0.49252083333333335 0.04966145833333333 0.06300694444444445
2 0.34167100694444447 0.4545208333333333 0.03068576388888889 0.07690972222222223
2 0.32471788194444445 0.4351388888888889 0.024505208333333334 0.06886111111111111
0 0.35171440972222223 0.4344166666666666 0.0125390625 0.018298611111111113
2 0.44658854166666667 0.39427083333333335 0.020911458333333334 0.05668055555555556
2 0.4371527777777778 0.3861875 0.01705295138888889 0.050618055555555555
2 0.6111979166666667 0.5076319444444445 0.035321180555555554 0.09171527777777777
2 0.5521223958333333 0.6477361111111111 0.05282986111111111 0.12524305555555554
2 0.6935850694444444 0.4294791666666667 0.02810763888888889 0.09609722222222222
2 0.8761284722222222 0.5086805555555556 0.038693576388888894 0.09889583333333334
2 0.8780425347222223 0.43761805555555555 0.037222222222222226 0.07134722222222221
2 0.8582248263888889 0.3717361111111111 0.03736545138888889 0.06830555555555555
3 0.5564626736111111 0.4871180555555556 0.04736111111111111 0.09256249999999999
3 0.48830729166666664 0.33727083333333335 0.030399305555555558 0.07150694444444444