3 0.02720486111111111 0.34025 0.027248263888888888 0.07388888888888889
2 0.25384982638888887 0.46884027777777776 0.02790798611111111 0.09218055555555556
2 0.3130338541666667 0.3788888888888889 0.028051215277777777 0.07226388888888889
0 0.3171571180555556 0.42904861111111114 0.013324652777777777 0.016930555555555556
2 0.38007812500000004 0.4011041666666667 0.030403645833333333 0.08102777777777778
2 0.4923914930555556 0.3359722222222222 0.02736111111111111 0.06533333333333333
2 0.4837109375 0.5648194444444444 0.03769965277777778 0.10472222222222223
2 0.5891276041666667 0.5386041666666667 0.04180989583333333 0.10957638888888889
2 0.6419618055555555 0.4143888888888889 0.025868055555555557 0.0838125
2 0.6945355902777778 0.40265972222222224 0.01955295138888889 0.07872916666666667
3 0.7302560763888889 0.3932569444444444 0.022083333333333333 0.0837013888888889
2 0.7731206597222222 0.43611805555555555 0.025399305555555557 0.09052083333333333
2 0.9891493055555556 0.4612013888888889 0.021705729166666667 0.09528472222222223
2 0.9534592013888888 0.4326597222222222 0.02396701388888889 0.08576388888888889