2 0.5397222222222222 0.40452083333333333 0.03372395833333333 0.08034722222222222
2 0.7583506944444445 0.4769652777777778 0.031749131944444446 0.08911111111111111
2 0.7404079861111111 0.36170833333333335 0.016697048611111112 0.058604166666666666
2 0.7528515625 0.3739861111111111 0.027864583333333335 0.07516666666666666
2 0.6423090277777779 0.49570833333333336 0.03230034722222222 0.07938194444444445
2 0.411953125 0.6519513888888888 0.03952256944444445 0.11091666666666666
2 0.4077604166666667 0.5822638888888889 0.03253472222222222 0.10249305555555556
2 0.4437890625 0.5445416666666667 0.034570312500000006 0.09649305555555555
2 0.18680989583333335 0.4628611111111111 0.03494791666666666 0.0863125
2 0.1586935763888889 0.41115277777777776 0.020260416666666666 0.0725625
2 0.18735677083333335 0.39713194444444444 0.02970920138888889 0.06617361111111111
2 0.32684027777777774 0.46039583333333334 0.025750868055555556 0.07780555555555556
3 0.3063237847222222 0.4321527777777777 0.027582465277777777 0.06936805555555556
2 0.34434027777777776 0.3906041666666667 0.013415798611111111 0.05669444444444444
2 0.35792100694444445 0.39164583333333336 0.01771267361111111 0.05446527777777778
3 0.011050347222222222 0.3693055555555555 0.022100694444444444 0.0730486111111111