3 0.19231336805555554 0.49848611111111113 0.031614583333333335 0.10715277777777779
3 0.1173611111111111 0.29759722222222224 0.03448784722222222 0.07761111111111112
2 0.07758246527777778 0.41471527777777784 0.03982638888888889 0.10008333333333333
2 0.2285980902777778 0.3899583333333333 0.031202256944444444 0.08240972222222222
2 0.16318142361111113 0.34663194444444445 0.03745225694444445 0.08772916666666666
2 0.2449045138888889 0.3234930555555555 0.0317578125 0.08213888888888889
2 0.13268229166666667 0.5682777777777778 0.03726128472222222 0.11712499999999999
2 0.41147569444444443 0.34574305555555557 0.032139756944444445 0.0895
2 0.4029079861111111 0.5651805555555556 0.03600694444444444 0.12684722222222222
2 0.5026302083333333 0.43484722222222216 0.025026041666666665 0.09054166666666666
2 0.4671744791666666 0.4060625 0.032586805555555556 0.08960416666666667
2 0.4861067708333333 0.4033888888888889 0.0167578125 0.07104166666666667
2 0.5342013888888889 0.34368750000000003 0.015000000000000001 0.07342361111111112
2 0.5579513888888888 0.31711805555555556 0.01715277777777778 0.07034722222222221
2 0.7466710069444444 0.3884444444444445 0.04167100694444445 0.08740972222222222
0 0.7167230902777777 0.42006944444444444 0.010685763888888889 0.020388888888888887
2 0.9869661458333332 0.6498055555555555 0.02607204861111111 0.11340277777777778