2 0.7207335069444444 0.5864305555555556 0.06762586805555555 0.13859722222222223
2 0.8172439236111111 0.3813819444444445 0.04015625 0.09516666666666666
2 0.74703125 0.3520347222222222 0.03267795138888889 0.08046527777777777
2 0.7417968749999999 0.4175902777777778 0.04055555555555555 0.09527083333333333
2 0.7036371527777778 0.3721736111111111 0.027243923611111113 0.09099305555555556
2 0.7819053819444445 0.44934027777777774 0.03966145833333333 0.09281944444444444
0 0.8712196180555556 0.4484166666666667 0.025347222222222222 0.03890277777777778
3 0.5505815972222222 0.48791666666666667 0.039605034722222224 0.1234861111111111
3 0.33671874999999996 0.3055555555555556 0.024487847222222223 0.08047916666666667
2 0.4962630208333334 0.3542013888888889 0.04719618055555555 0.09595833333333334
2 0.37924479166666664 0.3560625 0.03631510416666667 0.07736111111111112
2 0.3979340277777778 0.4603541666666666 0.02974392361111111 0.09528472222222223
2 0.40956163194444445 0.4186736111111111 0.027417534722222223 0.08752083333333334
2 0.345625 0.5579722222222222 0.05068142361111111 0.12693055555555555
2 0.2085546875 0.42874999999999996 0.04703125 0.09402777777777778
2 0.05559895833333333 0.5071527777777778 0.04726128472222222 0.10955555555555554
2 0.06760850694444445 0.7084513888888888 0.06043402777777778 0.12352777777777778
2 0.11894965277777778 0.817375 0.057708333333333334 0.15672222222222223