2 0.1976605902777778 0.35777083333333337 0.04970486111111111 0.14794444444444443
2 0.2561154513888889 0.33971527777777777 0.05084635416666667 0.11184722222222222
2 0.36897569444444445 0.3910972222222222 0.04387586805555556 0.10904861111111111
2 0.5504210069444445 0.543611111111111 0.08029079861111112 0.1668472222222222
2 0.9402256944444445 0.5799444444444445 0.07499131944444444 0.15896527777777777
2 0.8039236111111111 0.4313680555555555 0.05939670138888889 0.13958333333333334
2 0.7697829861111111 0.4091458333333333 0.049405381944444444 0.12847916666666667
2 0.6752907986111111 0.3887777777777778 0.0683984375 0.14885416666666668
2 0.5426085069444445 0.3566111111111111 0.054249131944444445 0.12063194444444444
2 0.39705295138888885 0.3179652777777778 0.03658420138888889 0.07945138888888889
0 0.423671875 0.33463194444444444 0.02476128472222222 0.04611805555555555
2 0.423671875 0.3175 0.03170572916666667 0.10629861111111111
1 0.9072352430555556 0.3656388888888889 0.050690104166666666 0.11924305555555556