2 0.7469140625 0.4649930555555556 0.026684027777777775 0.09716666666666665
2 0.8523741319444444 0.4086458333333334 0.03584635416666667 0.08800694444444444
2 0.8243446180555556 0.3491458333333333 0.0280078125 0.07052777777777777
2 0.5912673611111111 0.3717916666666667 0.022473958333333335 0.06911805555555556
2 0.5580338541666667 0.3729027777777778 0.03214409722222222 0.06525694444444444
2 0.5624088541666666 0.590486111111111 0.034548611111111106 0.12075694444444443
2 0.43552517361111115 0.3849861111111111 0.02568576388888889 0.06709027777777778
2 0.2917925347222222 0.35281250000000003 0.026267361111111113 0.05552083333333334
2 0.3051996527777778 0.33006250000000004 0.027708333333333335 0.05671527777777778
2 0.28490885416666667 0.5252013888888889 0.027730034722222224 0.10185416666666666
3 0.3154730902777778 0.5386041666666667 0.030490451388888888 0.11241666666666666
2 0.21733072916666668 0.45321527777777776 0.025811631944444444 0.09188194444444445
2 0.23996961805555556 0.4166666666666667 0.029218749999999998 0.075625
2 0.2111154513888889 0.6040902777777778 0.036219618055555555 0.12969444444444445
2 0.1414279513888889 0.48032638888888884 0.03262152777777778 0.09940277777777777
2 0.12930989583333333 0.7481388888888888 0.04265190972222222 0.13963194444444443
3 0.26477430555555553 0.3098611111111111 0.02552951388888889 0.05693055555555556
2 0.6707378472222223 0.43805555555555553 0.027721354166666667 0.07602083333333333