3 0.46579427083333336 0.4468125 0.03273871527777778 0.0945625
3 0.5239149305555555 0.22743055555555555 0.017065972222222222 0.05720138888888889
2 0.9886892361111111 0.4784097222222222 0.0226171875 0.10351388888888889
2 0.8645442708333334 0.3851736111111111 0.034453125 0.0817361111111111
2 0.8187500000000001 0.2756111111111111 0.02546006944444444 0.06283333333333334
2 0.7916927083333333 0.3076111111111111 0.024357638888888887 0.05877083333333333
2 0.7144878472222222 0.35320833333333335 0.024049479166666665 0.07008333333333333
2 0.6183854166666667 0.36424999999999996 0.027248263888888888 0.06849305555555556
2 0.6000477430555555 0.2903055555555556 0.02201388888888889 0.058680555555555555
2 0.6142230902777778 0.4736388888888889 0.030638020833333335 0.10185416666666666
2 0.7089539930555556 0.5550763888888889 0.03763888888888889 0.110875
2 0.41413194444444446 0.49133333333333334 0.036054687499999995 0.10667361111111112
2 0.4280642361111111 0.3418819444444444 0.02939670138888889 0.07899305555555555
2 0.4282769097222222 0.6695833333333334 0.03783854166666667 0.1288402777777778
2 0.07718315972222223 0.5896666666666667 0.03703993055555556 0.12047916666666668
2 0.14692708333333332 0.5159305555555556 0.02884548611111111 0.10900694444444445
2 0.1925434027777778 0.4747222222222222 0.0313671875 0.09248611111111112
2 0.7527083333333333 0.7461041666666668 0.03796006944444444 0.14578472222222222