2 0.9746006944444444 0.3573333333333333 0.027356770833333335 0.09098611111111111
2 0.9490711805555555 0.43733333333333335 0.044735243055555554 0.10609722222222222
2 0.894431423611111 0.7247986111111111 0.0470703125 0.12844444444444444
2 0.7337630208333333 0.7034930555555555 0.052148437500000006 0.1481597222222222
2 0.8290885416666667 0.5110347222222222 0.021679687500000003 0.09681944444444443
2 0.8345095486111112 0.5352916666666667 0.03357638888888889 0.09141666666666666
2 0.8374609375 0.43625694444444446 0.022625868055555557 0.08878472222222222
2 0.7013194444444444 0.4375208333333333 0.05043402777777778 0.07952083333333333
2 0.6710546875 0.45933333333333337 0.022547743055555555 0.07765277777777778
0 0.6812673611111112 0.4612777777777778 0.011384548611111111 0.02257638888888889
2 0.6594184027777777 0.4615208333333334 0.029813368055555553 0.06518750000000001
2 0.6405208333333333 0.3267013888888889 0.0330859375 0.07352083333333334
2 0.5759201388888889 0.4325486111111111 0.029179687500000002 0.09484722222222224
2 0.5166493055555555 0.2494861111111111 0.02225260416666667 0.055548611111111104
2 0.4191970486111111 0.38042361111111106 0.0221484375 0.08999305555555556
3 0.44051649305555557 0.49040277777777774 0.030039062499999998 0.11114583333333335
2 0.23662326388888888 0.5680416666666667 0.03289930555555556 0.11480555555555555
2 0.12779947916666667 0.7313055555555555 0.03953559027777778 0.1279722222222222
2 0.13417100694444445 0.6990486111111112 0.025950520833333334 0.13590972222222222
2 0.17022569444444444 0.4264861111111111 0.030668402777777777 0.097875
2 0.28415364583333336 0.34241666666666665 0.02266927083333333 0.06956944444444445
3 0.2897873263888889 0.21155555555555555 0.022352430555555556 0.05381944444444445