2 0.48951388888888886 0.5695347222222222 0.053098958333333335 0.1298125
2 0.3821484375 0.3994305555555555 0.043233506944444444 0.08682638888888888
2 0.30300347222222224 0.37813888888888886 0.039453125000000006 0.10534722222222222
2 0.25409722222222225 0.47094444444444444 0.045807291666666666 0.12151388888888888
2 0.48733940972222217 0.32977083333333335 0.029657118055555556 0.08361111111111111
2 0.6469010416666667 0.41167361111111106 0.025772569444444445 0.0989375
3 0.6712977430555556 0.3934375 0.023016493055555556 0.09618055555555556
2 0.7788585069444445 0.4354027777777778 0.040828993055555554 0.1054236111111111
2 0.5676692708333334 0.5292916666666666 0.036684027777777774 0.11280555555555555
2 0.5515364583333333 0.5168958333333333 0.027061631944444445 0.08904166666666667
2 0.9306076388888889 0.43727083333333333 0.029218749999999998 0.10564583333333333
2 0.9193967013888888 0.4295069444444444 0.022261284722222222 0.09431944444444444
2 0.9823567708333333 0.4674791666666666 0.020703125000000003 0.11486805555555556
3 0.025108506944444445 0.33465972222222223 0.050164930555555556 0.08429861111111112
0 0.3166362847222222 0.4256319444444444 0.01792534722222222 0.03395833333333333