1 0.685078125 0.37390277777777775 0.03267361111111111 0.11213888888888889
0 0.6352777777777778 0.37097222222222226 0.018046875 0.03395833333333333
2 0.8097309027777777 0.4646666666666667 0.04331163194444445 0.12491666666666666
2 0.7447743055555556 0.459125 0.03634114583333334 0.13214583333333332
2 0.7011414930555556 0.43656249999999996 0.0286328125 0.12945833333333331
2 0.5907638888888889 0.38245833333333334 0.036297743055555554 0.1118888888888889
2 0.5196180555555556 0.4247430555555555 0.030815972222222224 0.09810416666666667
2 0.49682725694444446 0.3673263888888889 0.05032986111111111 0.06040972222222222
2 0.4520529513888889 0.32803472222222224 0.026410590277777778 0.10079861111111112
2 0.4382508680555556 0.310125 0.02884548611111111 0.08648611111111111
2 0.3251519097222222 0.3818611111111111 0.027777777777777776 0.10958333333333334
2 0.3144227430555555 0.32838194444444446 0.027777777777777776 0.0973611111111111
2 0.2725 0.3704236111111111 0.032890625 0.10226388888888888