2 0.4880598958333333 0.6674305555555555 0.08175347222222223 0.1672638888888889
2 0.23847222222222225 0.6743750000000001 0.066640625 0.153375
2 0.15671006944444443 0.7007638888888889 0.06736545138888889 0.10615277777777779
2 0.6739887152777777 0.6294722222222222 0.0762109375 0.14691666666666667
3 0.7890234375 0.48644444444444446 0.059687500000000004 0.16085416666666666
2 0.7570529513888888 0.4341527777777777 0.062135416666666665 0.09513888888888888
2 0.7111762152777777 0.33208333333333334 0.0487109375 0.12156944444444445
2 0.6543098958333333 0.29713194444444446 0.060008680555555555 0.1266736111111111
2 0.45868489583333333 0.3869305555555555 0.062374131944444446 0.12849305555555557
2 0.8295355902777778 0.2591805555555556 0.04810329861111111 0.10631944444444444
2 0.9251779513888889 0.32813888888888887 0.06688802083333334 0.17757638888888888
2 0.9464496527777777 0.8829027777777778 0.06427951388888889 0.139875
1 0.35161458333333334 0.23279861111111114 0.05082465277777778 0.10355555555555555
0 0.16062065972222223 0.7759861111111112 0.02309027777777778 0.04826388888888889