0 0.44506076388888893 0.7920486111111111 0.027582465277777777 0.059666666666666666
3 0.47864149305555553 0.24747916666666667 0.02456597222222222 0.11211805555555555
2 0.9111718750000001 0.3550555555555555 0.044131944444444446 0.13209722222222223
2 0.8475217013888889 0.27808333333333335 0.040477430555555555 0.09579166666666666
2 0.7822829861111111 0.25122222222222224 0.038663194444444444 0.13028472222222223
2 0.6907291666666667 0.25616666666666665 0.042703993055555556 0.0947361111111111
2 0.6447873263888888 0.3255208333333333 0.047734375 0.12917361111111111
2 0.6344270833333333 0.1608888888888889 0.033702256944444446 0.09934027777777779
2 0.7539626736111111 0.6412083333333334 0.05888888888888889 0.15099305555555556
2 0.7214670138888889 0.5453888888888889 0.06240451388888889 0.17590972222222223
2 0.6671701388888889 0.6930625 0.05741319444444445 0.1370625
2 0.46747395833333333 0.4022708333333333 0.04065972222222222 0.15434722222222222
2 0.28491753472222225 0.4324722222222222 0.03981770833333333 0.1345486111111111
2 0.25977430555555553 0.37206944444444445 0.031306423611111106 0.1527638888888889
2 0.1347873263888889 0.3656597222222222 0.05201388888888889 0.12924305555555557
2 0.10630208333333332 0.7575208333333333 0.0635546875 0.17508333333333334
2 0.24990451388888887 0.17504166666666668 0.029947916666666668 0.11695138888888888
2 0.4611197916666667 0.11771527777777777 0.02795138888888889 0.09052777777777779