3 0.4974522569444445 0.44595138888888886 0.03443142361111111 0.08701388888888889
0 0.41376302083333333 0.3751527777777778 0.011796875 0.024090277777777776
3 0.26921875 0.3249722222222222 0.01775173611111111 0.04545138888888889
2 0.04579861111111111 0.5625833333333333 0.038524305555555555 0.09908333333333334
2 0.11492621527777779 0.46145138888888887 0.034444444444444444 0.0984236111111111
2 0.2125607638888889 0.40282638888888894 0.03036458333333333 0.07852777777777778
2 0.2731163194444444 0.35837499999999994 0.02607204861111111 0.05510416666666666
2 0.2665277777777778 0.3502152777777778 0.012569444444444446 0.042972222222222224
2 0.3418793402777778 0.38332638888888887 0.032105034722222224 0.06838194444444444
2 0.4298914930555556 0.3516736111111111 0.01513888888888889 0.04799305555555555
2 0.44568576388888886 0.3574305555555556 0.026449652777777777 0.05531944444444444
2 0.48430121527777775 0.37040277777777775 0.02451822916666667 0.06765277777777778
2 0.5131032986111111 0.3727569444444444 0.02945746527777778 0.06503472222222223
2 0.5526866319444445 0.3615069444444445 0.020303819444444444 0.07079861111111112
2 0.6465798611111111 0.4796944444444444 0.0258984375 0.08945138888888889
2 0.7529817708333333 0.4227916666666667 0.029023437500000002 0.08240972222222222
2 0.7769835069444445 0.4156736111111111 0.026002604166666665 0.08073611111111112
2 0.9158072916666666 0.6660972222222222 0.043368055555555556 0.1368402777777778
2 0.461484375 0.5857847222222222 0.042599826388888894 0.1403472222222222