2 0.22562065972222223 0.7673888888888889 0.05964409722222222 0.17123611111111112
0 0.21462239583333334 0.7030347222222222 0.017617187500000003 0.02774305555555556
2 0.36016927083333333 0.6474513888888889 0.03450086805555555 0.13101388888888887
2 0.3914279513888889 0.5212361111111111 0.032313368055555555 0.10534027777777778
2 0.3541666666666667 0.44271527777777775 0.0194140625 0.09865972222222222
2 0.3750303819444445 0.4190486111111111 0.01954861111111111 0.09076388888888888
1 0.43832899305555556 0.30713888888888885 0.027526041666666667 0.07892361111111111
2 0.13713541666666665 0.5815208333333334 0.02747829861111111 0.11006250000000001
2 0.15153211805555555 0.5719027777777778 0.02084201388888889 0.11548611111111112
2 0.6454644097222223 0.37788194444444445 0.022782118055555557 0.08236805555555556
2 0.7758029513888889 0.3455833333333333 0.029270833333333333 0.07447222222222222
3 0.8483289930555555 0.5479791666666667 0.03567274305555555 0.11939583333333334
2 0.7871223958333333 0.42138888888888887 0.02263888888888889 0.08065277777777778
2 0.8080642361111111 0.42422916666666666 0.021388888888888888 0.09865277777777778
2 0.6844921875 0.6056666666666667 0.040750868055555556 0.1263125
2 0.645447048611111 0.5956805555555555 0.03814670138888889 0.1186736111111111
2 0.9606423611111112 0.7877152777777777 0.07389322916666667 0.15766666666666665
2 0.9213802083333333 0.8545277777777778 0.04775607638888889 0.15818055555555555