3 0.4351909722222222 0.4760625 0.03359809027777778 0.09804861111111111
3 0.2683289930555556 0.24904166666666666 0.023120659722222225 0.05777777777777778
2 0.9650390624999999 0.5859930555555556 0.04858072916666667 0.11481944444444445
2 0.8129340277777778 0.7541041666666667 0.05603732638888889 0.1401736111111111
2 0.66015625 0.48371527777777773 0.03947916666666666 0.10065277777777777
2 0.7994227430555555 0.4395416666666667 0.029817708333333335 0.0874375
2 0.9103515624999999 0.4661875 0.020013020833333332 0.08786111111111111
2 0.9173741319444445 0.45612500000000006 0.016336805555555556 0.09195138888888889
2 0.8698958333333333 0.38631944444444444 0.020364583333333335 0.07127777777777777
2 0.8788194444444444 0.3802013888888889 0.01876302083333333 0.06803472222222222
2 0.4376388888888889 0.4264861111111111 0.020707465277777778 0.07277777777777777
2 0.40868489583333334 0.38625000000000004 0.018125 0.07252777777777777
2 0.31690104166666666 0.515625 0.03467447916666667 0.08231944444444445
2 0.3445833333333333 0.5417569444444444 0.03600260416666667 0.08479166666666667
2 0.3341232638888889 0.5139652777777778 0.01855034722222222 0.07347222222222222
2 0.4237196180555556 0.5568333333333334 0.03305989583333333 0.09073611111111111
2 0.31592881944444445 0.37448611111111113 0.0210546875 0.06974999999999999
2 0.05088975694444445 0.5920208333333333 0.03142795138888889 0.112625
2 0.11118489583333334 0.4340486111111111 0.0333203125 0.07113888888888889
2 0.18391059027777779 0.5081944444444444 0.02967447916666667 0.10246527777777778
2 0.2222699652777778 0.5137499999999999 0.02677951388888889 0.09968750000000001
2 0.6128776041666666 0.7782222222222223 0.057734375000000004 0.15215972222222224