3 0.4367795138888889 0.2362013888888889 0.024700520833333333 0.0716875
3 0.6619878472222223 0.41611111111111115 0.028589409722222223 0.10295833333333333
2 0.972868923611111 0.41831944444444447 0.03563802083333333 0.10634722222222222
2 0.9484635416666668 0.34095833333333336 0.023980034722222224 0.09346527777777779
2 0.8441710069444445 0.32975 0.024644097222222223 0.08669444444444445
2 0.796875 0.3666597222222222 0.026532118055555557 0.0937638888888889
2 0.7538237847222222 0.3518055555555556 0.03233506944444445 0.06926388888888889
2 0.6823090277777778 0.48834722222222227 0.03989583333333333 0.11288194444444445
2 0.8339496527777778 0.6475069444444445 0.05765625 0.13708333333333333
2 0.5309895833333333 0.40300694444444446 0.02342013888888889 0.09656944444444444
2 0.5016276041666666 0.4103055555555556 0.03314236111111111 0.09864583333333334
2 0.5560503472222222 0.32138194444444446 0.02377170138888889 0.08029861111111111
2 0.5706380208333334 0.3614097222222222 0.015260416666666665 0.07770138888888889
2 0.5835677083333333 0.36039583333333336 0.016141493055555553 0.07702777777777778
2 0.3230295138888889 0.29311805555555553 0.023936631944444443 0.07932638888888889
2 0.23192274305555557 0.4442986111111111 0.039327256944444444 0.10784027777777777
2 0.34503472222222226 0.6061319444444445 0.03826388888888889 0.1327638888888889
2 0.19723090277777777 0.41376388888888893 0.03443576388888889 0.09087500000000001
2 0.11902777777777779 0.5079861111111111 0.03302951388888889 0.1145486111111111
2 0.06120225694444444 0.5876388888888889 0.04220052083333334 0.1248888888888889