2 0.12321180555555555 0.8251527777777778 0.04287326388888889 0.14829166666666665
2 0.048845486111111114 0.7431319444444444 0.04488715277777778 0.14080555555555554
2 0.09272569444444444 0.5829861111111111 0.027352430555555557 0.1054375
2 0.05576822916666667 0.5196597222222222 0.029635416666666668 0.09795833333333334
2 0.1685720486111111 0.43290972222222224 0.029127604166666668 0.08103472222222222
2 0.24776041666666668 0.45209027777777777 0.0333203125 0.08372222222222223
3 0.06310329861111111 0.3545902777777778 0.028446180555555558 0.06613888888888889
2 0.4398784722222222 0.4179236111111111 0.029592013888888893 0.06586805555555555
2 0.4808029513888889 0.41086805555555556 0.020199652777777778 0.0686875
2 0.5284982638888889 0.41029861111111116 0.02722222222222222 0.06786111111111111
3 0.5434635416666667 0.5653680555555556 0.03312934027777778 0.10052083333333334
2 0.7451822916666667 0.6130763888888889 0.0358984375 0.11343055555555556
2 0.8506163194444444 0.3945 0.027256944444444445 0.07402083333333334
2 0.8813411458333333 0.505125 0.027877604166666667 0.09428472222222223
2 0.9226171875 0.5019791666666666 0.03634114583333334 0.1003125
2 0.9760850694444445 0.6170208333333334 0.03885850694444445 0.12554166666666666