0 0.7472092013888889 0.35546527777777776 0.014674479166666667 0.03222222222222222
3 0.25091145833333334 0.4202569444444444 0.042912326388888894 0.10625694444444443
2 0.8280946180555556 0.33647916666666666 0.039292534722222223 0.08870138888888889
2 0.6186154513888888 0.46129166666666666 0.038663194444444444 0.09066666666666667
2 0.6180555555555556 0.3285347222222222 0.03065538194444444 0.06990972222222222
2 0.5454383680555556 0.5515694444444444 0.03498263888888889 0.10532638888888889
2 0.5928862847222223 0.37535416666666666 0.0256640625 0.08636111111111111
2 0.5891840277777778 0.3236527777777778 0.02212673611111111 0.06322222222222222
2 0.44765190972222224 0.3599236111111111 0.026592881944444445 0.06784027777777778
2 0.3338802083333333 0.451375 0.033515625 0.08555555555555555
2 0.36596788194444446 0.6615416666666667 0.04075954861111111 0.1322986111111111
2 0.3784331597222222 0.32081944444444443 0.02226996527777778 0.07300000000000001
2 0.18993489583333334 0.3477013888888889 0.038949652777777774 0.07890972222222221
2 0.2416449652777778 0.3505347222222222 0.02947482638888889 0.07530555555555556