2 0.013598090277777777 0.28047222222222223 0.027200520833333335 0.10445833333333332
2 0.20735677083333334 0.46678472222222217 0.04362413194444445 0.09095833333333332
2 0.1583029513888889 0.34759027777777773 0.03466579861111111 0.10536111111111111
2 0.5145399305555556 0.4408541666666667 0.047890625 0.10579166666666667
2 0.4398784722222222 0.35568750000000005 0.03749131944444444 0.10767361111111112
2 0.38677951388888887 0.30361805555555554 0.035134548611111115 0.09519444444444446
2 0.39791666666666664 0.27308333333333334 0.027660590277777775 0.060319444444444446
2 0.2671137152777778 0.30895833333333333 0.02884982638888889 0.08579166666666667
2 0.5868836805555556 0.2823472222222222 0.059448784722222224 0.11956944444444445
2 0.7415625 0.3753819444444444 0.040021701388888886 0.11127777777777778
2 0.9599045138888889 0.6806527777777778 0.059934895833333335 0.13129166666666667
0 0.7333159722222222 0.39736111111111116 0.013111979166666668 0.025652777777777778
2 0.12213107638888888 0.4566111111111111 0.03062065972222222 0.09602777777777778
3 0.10202256944444445 0.4100833333333333 0.035065104166666666 0.06368055555555556