3 0.07791232638888888 0.25288194444444445 0.019930555555555556 0.07299305555555556
3 0.18941840277777777 0.51 0.035625 0.09749305555555554
2 0.1708420138888889 0.36384722222222227 0.02455295138888889 0.07756249999999999
2 0.18602864583333334 0.4733611111111111 0.038046875 0.07672916666666667
2 0.21567708333333335 0.37106944444444445 0.029839409722222224 0.07657638888888889
2 0.2917751736111111 0.43112500000000004 0.033776041666666666 0.06361805555555555
2 0.3352821180555556 0.4124236111111111 0.029179687500000002 0.08020833333333334
2 0.3966276041666667 0.48255555555555557 0.03796006944444444 0.09029166666666667
2 0.4388802083333333 0.4356527777777778 0.026640625 0.07460416666666667
2 0.5128602430555556 0.425 0.02092013888888889 0.08801388888888889
2 0.6079904513888889 0.4277986111111111 0.040017361111111115 0.0801111111111111
0 0.6062152777777778 0.37719444444444444 0.014166666666666668 0.027118055555555555
2 0.6197743055555556 0.42490972222222223 0.023203125 0.08203472222222222
2 0.6248090277777778 0.3331736111111111 0.01880642361111111 0.06925
2 0.6373133680555555 0.3691319444444444 0.017894965277777775 0.0698125
2 0.7362065972222223 0.48442361111111115 0.028854166666666667 0.09595833333333334
2 0.5454210069444445 0.7260347222222222 0.038250868055555554 0.15369444444444444
2 0.7325477430555556 0.6703263888888888 0.06911024305555555 0.1435972222222222