3 0.3677734375 0.4237708333333333 0.032617187500000006 0.08587499999999999
3 0.016388888888888887 0.32779166666666665 0.02251302083333333 0.07191666666666667
0 0.7174999999999999 0.3965972222222222 0.013936631944444444 0.02448611111111111
2 0.8612413194444444 0.43375694444444446 0.03818142361111111 0.08823611111111111
2 0.9295269097222223 0.6349861111111111 0.04698350694444445 0.13118749999999998
2 0.6980772569444444 0.703875 0.03787760416666666 0.1315
2 0.7144878472222222 0.4816944444444444 0.03324652777777778 0.0995138888888889
2 0.7309505208333333 0.3647152777777778 0.02762152777777778 0.08408333333333333
2 0.5032986111111111 0.4927916666666667 0.028311631944444447 0.10409027777777777
2 0.39734375 0.47579166666666667 0.032278645833333335 0.09299999999999999
2 0.3247699652777778 0.6006111111111111 0.04353298611111111 0.11529861111111112
2 0.4648958333333333 0.3734722222222222 0.02345920138888889 0.0681875
2 0.4421484375 0.3936527777777778 0.01820746527777778 0.06644444444444444
2 0.4365407986111111 0.35534027777777777 0.020143229166666665 0.0678263888888889
2 0.42891927083333337 0.3318263888888889 0.018055555555555557 0.06536805555555555
2 0.4398697916666667 0.3405486111111111 0.009774305555555555 0.06672222222222222
2 0.3918532986111111 0.3851180555555556 0.020533854166666667 0.08529166666666667
2 0.36778645833333334 0.3886458333333333 0.029670138888888888 0.07625
2 0.20318576388888887 0.34827777777777774 0.029348958333333335 0.06979861111111112
2 0.15400173611111112 0.3584861111111111 0.023072916666666665 0.06917361111111112
2 0.08451388888888889 0.4208611111111111 0.028033854166666667 0.08619444444444445
2 0.05569444444444444 0.42915277777777777 0.026883680555555553 0.09039583333333333
2 0.08412326388888888 0.7447916666666666 0.04303385416666667 0.1424652777777778