2 0.6557638888888889 0.3334722222222222 0.047061631944444446 0.09102083333333333
2 0.5549131944444444 0.32398611111111114 0.038068576388888886 0.08593055555555555
2 0.9764062499999999 0.40984027777777776 0.04250868055555555 0.12154166666666667
2 0.946310763888889 0.7880069444444444 0.06565538194444445 0.16675694444444444
2 0.42975260416666666 0.6736805555555556 0.04990017361111111 0.14365972222222223
2 0.5319097222222222 0.4674722222222222 0.04934895833333333 0.11179861111111111
2 0.44171875 0.5002847222222222 0.04607204861111111 0.11232638888888889
2 0.4767100694444444 0.3691041666666667 0.028077256944444445 0.0912361111111111
2 0.48803385416666667 0.3123958333333334 0.028090277777777777 0.07445138888888889
2 0.40236545138888885 0.3677638888888889 0.04028645833333333 0.07518749999999999
2 0.3496527777777778 0.2837777777777778 0.024796006944444445 0.0700625
2 0.3284375 0.30088194444444444 0.027105034722222223 0.07688194444444443
2 0.3166189236111111 0.45109722222222226 0.048463541666666665 0.0906388888888889
2 0.13656684027777777 0.3233888888888889 0.03463107638888889 0.0711736111111111
2 0.04933159722222222 0.3320902777777778 0.0486328125 0.07234027777777778
2 0.022265624999999997 0.49648611111111113 0.044531249999999994 0.11275694444444445
3 0.1687673611111111 0.41475694444444444 0.03821180555555556 0.09429166666666666