2 0.4254861111111111 0.8317430555555556 0.0700173611111111 0.1847847222222222
2 0.033016493055555554 0.5819583333333334 0.04461805555555556 0.14354166666666665
2 0.33743923611111115 0.5025416666666667 0.0409765625 0.11250694444444444
2 0.5962196180555556 0.45404861111111117 0.029535590277777777 0.10300694444444446
2 0.7957465277777778 0.5509236111111111 0.031484375 0.11296527777777778
2 0.8233463541666667 0.4238333333333334 0.03434027777777778 0.09670138888888889
2 0.9436805555555554 0.44179166666666664 0.030967881944444442 0.10296527777777778
2 0.9753949652777778 0.46138888888888885 0.029171006944444442 0.10496527777777778
2 0.6135199652777777 0.3291736111111111 0.025546875 0.080375
2 0.4734114583333333 0.3995277777777778 0.03880642361111111 0.09258333333333332
2 0.3844791666666667 0.33134722222222224 0.027126736111111112 0.07738194444444445
2 0.4179861111111111 0.3541458333333333 0.0189453125 0.07886111111111112
2 0.2884592013888889 0.4476597222222222 0.02954861111111111 0.09106249999999999
2 0.2867057291666667 0.37259027777777776 0.022092013888888887 0.06763194444444444
3 0.3277647569444444 0.35925 0.018159722222222223 0.07628472222222221
0 0.2599956597222222 0.35375 0.007395833333333333 0.013208333333333332