2 0.049513888888888885 0.5416805555555555 0.049613715277777776 0.09819444444444445
2 0.0726953125 0.3648263888888889 0.022938368055555557 0.07673611111111112
2 0.0992013888888889 0.29549305555555555 0.02424045138888889 0.058875000000000004
2 0.17561631944444445 0.5465416666666667 0.04000434027777778 0.10265972222222224
2 0.2980729166666667 0.37165972222222227 0.027200520833333335 0.08251388888888889
2 0.34936631944444446 0.6540277777777778 0.05098958333333334 0.12460416666666667
2 0.4436848958333333 0.427875 0.02295138888888889 0.08595833333333333
2 0.4568142361111111 0.26895833333333335 0.019661458333333333 0.06752083333333334
2 0.5816753472222222 0.3647708333333333 0.025625 0.0792361111111111
1 0.7306119791666666 0.2865694444444445 0.02392361111111111 0.08041666666666666
2 0.8290972222222223 0.4925694444444444 0.03704861111111111 0.08533333333333333
0 0.8069053819444444 0.5347222222222222 0.01646267361111111 0.0251875
2 0.2494357638888889 0.22620833333333334 0.01890625 0.05300694444444444