2 0.8289019097222222 0.6487430555555556 0.0359765625 0.12744444444444444
1 0.7526475694444444 0.26525 0.018133680555555556 0.07771527777777777
0 0.728515625 0.37188194444444445 0.009305555555555556 0.018312500000000002
2 0.7537022569444445 0.3453611111111111 0.02904947916666667 0.07529166666666667
2 0.3251649305555555 0.4015972222222222 0.02791232638888889 0.09351388888888888
2 0.2650390625 0.3248888888888889 0.026137152777777777 0.08243055555555556
2 0.2562152777777778 0.2849652777777778 0.012547743055555555 0.03828472222222223
2 0.3711762152777778 0.19275694444444444 0.016675347222222223 0.06276388888888888
2 0.17486545138888887 0.6126041666666666 0.039982638888888894 0.11443055555555556
2 0.14458333333333334 0.4709652777777778 0.03293402777777778 0.09480555555555556
2 0.008580729166666667 0.26789583333333333 0.017161458333333334 0.06722916666666667
2 0.04461371527777778 0.2569236111111111 0.021723090277777777 0.06556944444444444
2 0.07546006944444444 0.18101388888888892 0.018628472222222223 0.05346527777777777