2 0.15425347222222222 0.5757777777777778 0.05665798611111111 0.16174305555555554
2 0.2685590277777778 0.5577361111111111 0.05026475694444445 0.1089861111111111
2 0.31110243055555553 0.4591388888888889 0.04157552083333334 0.1395763888888889
2 0.44088975694444443 0.3894791666666667 0.06845486111111111 0.13080555555555556
2 0.23209635416666666 0.31588194444444445 0.043328993055555556 0.0891736111111111
2 0.6291362847222222 0.4711736111111111 0.051332465277777774 0.12105555555555556
2 0.5900737847222222 0.4658541666666667 0.04184027777777778 0.12059027777777778
2 0.5314756944444444 0.5841458333333333 0.05716145833333333 0.16597222222222222
2 0.5486935763888889 0.5019583333333334 0.03430555555555556 0.116875
2 0.7670269097222222 0.6160763888888888 0.060850694444444436 0.15209722222222222
2 0.7365017361111111 0.7507777777777777 0.05420572916666667 0.14752083333333335
2 0.8385069444444445 0.5068194444444445 0.05099392361111111 0.10715277777777779
2 0.8081293402777778 0.4980208333333333 0.04796875 0.10622916666666667
0 0.8331597222222222 0.5760347222222222 0.037265625 0.04979166666666667
1 0.5183072916666667 0.2601041666666667 0.03603298611111111 0.10261805555555556
3 0.26625000000000004 0.4642291666666667 0.045811631944444445 0.110875