3 0.20063368055555555 0.4821666666666667 0.024140625 0.07868750000000001
3 0.12177951388888889 0.35586805555555556 0.028901909722222223 0.06525
0 0.7869270833333333 0.4200277777777778 0.009266493055555556 0.02125
2 0.9135243055555556 0.5914375 0.03685329861111111 0.10559722222222222
2 0.7972482638888888 0.4005 0.020625 0.07132638888888888
2 0.7251085069444445 0.3675347222222222 0.023033854166666666 0.0648125
2 0.6304079861111112 0.4501736111111111 0.024891493055555557 0.07411805555555556
2 0.6009375 0.4421527777777778 0.020724826388888888 0.08184722222222222
2 0.5023394097222222 0.38606944444444447 0.025004340277777776 0.06624305555555556
2 0.4245876736111111 0.356 0.01618923611111111 0.05512499999999999
2 0.33471354166666667 0.42252777777777784 0.019344618055555554 0.06339583333333333
2 0.3202821180555555 0.4113194444444444 0.02296875 0.05731944444444445
2 0.25659722222222225 0.41923611111111114 0.021041666666666667 0.05434722222222223
2 0.26252604166666665 0.3800486111111111 0.015811631944444446 0.0505625
2 0.24357204861111115 0.3814583333333333 0.015195312499999999 0.05834722222222222
2 0.15631944444444446 0.5098333333333334 0.025594618055555556 0.08803472222222222
2 0.06938368055555556 0.44120138888888893 0.022643229166666667 0.06429861111111111
2 0.023546006944444444 0.49604166666666666 0.017981770833333334 0.07122916666666666
2 0.03138888888888888 0.46845833333333337 0.0196875 0.0740625
2 0.2442404513888889 0.63425 0.02378472222222222 0.09570833333333333