2 0.1566232638888889 0.6463541666666667 0.05524739583333334 0.16545138888888888
2 0.2709331597222222 0.36594444444444446 0.03443576388888889 0.11329861111111111
2 0.3694704861111111 0.39099999999999996 0.04074652777777778 0.11
2 0.30216579861111115 0.3412638888888889 0.03171875 0.10972916666666666
2 0.4474479166666667 0.33731944444444445 0.029778645833333332 0.09929861111111112
2 0.4723350694444444 0.3635277777777778 0.02232638888888889 0.10592361111111111
2 0.5007986111111111 0.3623819444444445 0.0315625 0.10617361111111111
2 0.6029340277777778 0.41720138888888886 0.03711805555555556 0.10644444444444444
1 0.6669835069444444 0.37446527777777777 0.04121961805555555 0.12271527777777778
2 0.7571354166666667 0.46629861111111115 0.027578125 0.10798611111111112
2 0.7760460069444445 0.4869027777777778 0.03678819444444445 0.11359027777777778
2 0.7394921875 0.42661111111111116 0.01455295138888889 0.09983333333333333