2 0.27858940972222224 0.6334305555555555 0.04690538194444444 0.11733333333333335
3 0.24051215277777777 0.5081805555555555 0.048211805555555556 0.09922222222222223
2 0.24253038194444443 0.4106944444444444 0.031271701388888885 0.09790277777777777
2 0.39870659722222224 0.49423611111111115 0.033780381944444444 0.09198611111111112
2 0.3881380208333333 0.4513680555555556 0.036848958333333334 0.09920833333333334
2 0.4761805555555555 0.38993055555555556 0.04026041666666667 0.08477777777777777
2 0.5453949652777778 0.3810208333333333 0.03345052083333333 0.04888194444444444
2 0.5562890625 0.36384722222222227 0.018120659722222224 0.07909027777777777
1 0.7224392361111112 0.3962569444444445 0.03251302083333333 0.09485416666666667
2 0.7697135416666667 0.5820624999999999 0.03991319444444444 0.11788888888888888
2 0.9330642361111112 0.4777638888888889 0.041241319444444445 0.11588888888888889