2 0.16437934027777779 0.5850416666666667 0.03986979166666667 0.11915972222222222
2 0.2459939236111111 0.48690972222222223 0.042330729166666664 0.12474999999999999
2 0.2867925347222222 0.4549722222222222 0.05199652777777777 0.13124305555555557
2 0.4748914930555556 0.7225138888888889 0.07509982638888889 0.16631944444444444
2 0.4731553819444445 0.8371041666666668 0.051953125 0.16283333333333333
2 0.6849869791666667 0.6290416666666667 0.0507421875 0.13729166666666665
2 0.5663368055555555 0.5697916666666667 0.05192708333333333 0.11690277777777779
2 0.5002126736111111 0.37769444444444444 0.040078125 0.08443055555555555
2 0.5669184027777778 0.3290902777777778 0.04035590277777778 0.1057013888888889
2 0.6130772569444445 0.3584861111111111 0.046996527777777776 0.09229166666666667
2 0.6765972222222223 0.4420347222222222 0.025078125 0.09278472222222223
3 0.7061111111111111 0.46379166666666666 0.06057725694444444 0.101125
2 0.7487977430555556 0.5971041666666667 0.055651041666666665 0.13821527777777778
2 0.8607942708333334 0.4098611111111111 0.026102430555555556 0.07656944444444445
2 0.8448784722222222 0.3591666666666667 0.03466579861111111 0.06740277777777778
2 0.7550173611111111 0.31427777777777777 0.03567708333333333 0.09088888888888888
3 0.5842795138888889 0.24901388888888887 0.04381944444444444 0.0640138888888889