0 0.5100911458333334 0.5536319444444444 0.013880208333333333 0.020444444444444446
2 0.06088975694444444 0.38819444444444445 0.040117187500000005 0.09868055555555555
2 0.11936631944444444 0.44782638888888887 0.026254340277777777 0.10376388888888888
2 0.2160763888888889 0.4316458333333334 0.02790798611111111 0.09044444444444445
2 0.2515104166666667 0.31366666666666665 0.03633680555555555 0.0828125
2 0.2442230902777778 0.5138263888888889 0.0347265625 0.10436111111111111
3 0.2548784722222222 0.19961805555555553 0.02078125 0.05688194444444444
2 0.30626302083333334 0.4024791666666667 0.025429687500000003 0.07491666666666666
2 0.39674479166666665 0.34063194444444445 0.023550347222222223 0.0844236111111111
2 0.4736805555555555 0.5448402777777778 0.03620225694444444 0.10990277777777777
2 0.43896701388888887 0.7621388888888889 0.048537326388888885 0.14728472222222222
3 0.3040017361111111 0.4802986111111111 0.02982638888888889 0.1045
2 0.5048133680555555 0.48890277777777774 0.04147569444444445 0.09744444444444444
2 0.5401953125 0.4168680555555555 0.030976562500000002 0.09180555555555554
2 0.5394748263888889 0.5019027777777778 0.03736111111111111 0.07825694444444445
2 0.6014105902777778 0.8672708333333332 0.038949652777777774 0.1577638888888889
2 0.6784244791666666 0.48204166666666665 0.032421875 0.09847916666666667
2 0.7044661458333333 0.3191875 0.029500868055555556 0.08671527777777778
2 0.7625911458333333 0.3066111111111111 0.029657118055555556 0.08352083333333334
2 0.8775954861111112 0.4640416666666667 0.038315972222222223 0.10290972222222222
2 0.9579036458333334 0.6016874999999999 0.04581597222222222 0.11688194444444444
2 0.987092013888889 0.4044583333333333 0.023919270833333332 0.10027777777777779