3 0.3598046875 0.39263888888888887 0.03567274305555555 0.10501388888888889
2 0.045325520833333334 0.5058888888888889 0.043368055555555556 0.120625
2 0.16864583333333333 0.5844166666666666 0.04090711805555555 0.1461111111111111
2 0.19326388888888887 0.42440972222222223 0.028472222222222218 0.10277777777777777
2 0.16971788194444443 0.3485 0.02189236111111111 0.0921875
2 0.19211371527777776 0.3491736111111111 0.03222222222222222 0.08773611111111111
2 0.2437109375 0.2980625 0.03685763888888889 0.08709027777777778
2 0.3676041666666667 0.32261805555555556 0.02587673611111111 0.07138888888888889
2 0.4678255208333333 0.4416180555555555 0.027404513888888888 0.10332638888888888
2 0.5113020833333333 0.27831249999999996 0.023658854166666667 0.07660416666666667
2 0.5353602430555555 0.26211111111111113 0.023407118055555554 0.08580555555555555
0 0.5302821180555556 0.22880555555555557 0.008420138888888888 0.020159722222222225
2 0.588927951388889 0.3376875 0.03138454861111111 0.09861805555555556
2 0.6232335069444445 0.332125 0.028046875000000002 0.09427083333333333
2 0.9039322916666666 0.30480555555555555 0.034409722222222223 0.09090277777777778
2 0.9846354166666667 0.26781944444444444 0.0253125 0.0836736111111111