1 0.7508984375 0.2679652777777778 0.024513888888888887 0.07528472222222223
2 0.7302170138888889 0.3528055555555556 0.038138020833333335 0.09040972222222222
0 0.7178862847222223 0.3749236111111111 0.0105078125 0.0284375
2 0.8121961805555555 0.6991458333333334 0.038133680555555556 0.1506111111111111
2 0.36782552083333336 0.4329791666666667 0.042981770833333335 0.12243055555555557
2 0.40210069444444446 0.19820833333333335 0.019487847222222222 0.0699375
2 0.30397135416666665 0.34281944444444445 0.0362890625 0.08353472222222223
2 0.2633420138888889 0.3206388888888889 0.025520833333333333 0.09420833333333332
2 0.12340711805555554 0.49855555555555553 0.030164930555555556 0.10218055555555555
2 0.17331163194444443 0.6257569444444445 0.04335069444444444 0.12489583333333333
2 0.009257812499999999 0.35454861111111113 0.018515624999999997 0.08320833333333333
2 0.029639756944444446 0.2693055555555556 0.017161458333333334 0.07102777777777777
2 0.04386284722222222 0.2562638888888889 0.01588107638888889 0.07484027777777777
2 0.13047743055555555 0.1832777777777778 0.017973090277777777 0.05456249999999999