2 0.6594531250000001 0.8048888888888889 0.06051215277777777 0.18663194444444445
2 0.8495746527777778 0.4776666666666667 0.041449652777777776 0.12245833333333334
2 0.3159809027777778 0.6242361111111111 0.042877604166666666 0.11205555555555556
2 0.46742187500000004 0.4120208333333333 0.03440104166666667 0.08808333333333333
2 0.5825130208333333 0.36285416666666664 0.029461805555555554 0.0872986111111111
2 0.47942274305555554 0.27503472222222225 0.025247395833333335 0.05611111111111111
2 0.32065538194444443 0.36558333333333337 0.028463541666666665 0.07374305555555555
2 0.10313368055555555 0.5279236111111112 0.03298177083333333 0.10190277777777779
2 0.09826388888888889 0.3703958333333333 0.0351171875 0.06816666666666667
2 0.13481336805555555 0.3016388888888889 0.017708333333333333 0.0579375
2 0.28328993055555557 0.23961805555555557 0.025013020833333333 0.061312500000000006
1 0.727578125 0.30259722222222224 0.02734809027777778 0.07323611111111111
0 0.7834678819444444 0.49494444444444446 0.013888888888888888 0.022916666666666665