1 0.7623263888888889 0.2928472222222222 0.023663194444444445 0.09943055555555556
3 0.10233940972222222 0.3829930555555556 0.03539930555555556 0.10604861111111112
2 0.4193880208333333 0.6969444444444445 0.0390625 0.12272222222222222
0 0.42985243055555555 0.7095138888888889 0.0146484375 0.030666666666666665
2 0.4487239583333333 0.6674444444444444 0.03756944444444445 0.13486805555555556
2 0.42518663194444445 0.5673125 0.028862847222222224 0.12433333333333332
2 0.4891753472222222 0.5112847222222222 0.034765624999999994 0.1224861111111111
2 0.30782552083333337 0.47039583333333335 0.03914496527777778 0.11045138888888889
2 0.3695008680555556 0.4842708333333334 0.03432725694444445 0.11727777777777777
2 0.4018142361111111 0.41711805555555553 0.025716145833333332 0.10295138888888888
2 0.3703038194444444 0.3880416666666667 0.02459201388888889 0.09083333333333334
2 0.3383940972222222 0.38127777777777777 0.02872829861111111 0.09875694444444445
2 0.3170225694444444 0.3686388888888889 0.015933159722222222 0.10202083333333332
2 0.316640625 0.37674305555555554 0.020264756944444445 0.09070833333333334
2 0.3238064236111111 0.35447222222222224 0.016124131944444443 0.12057638888888889
2 0.27236979166666664 0.38474305555555555 0.024739583333333332 0.09345138888888889
2 0.28272135416666666 0.3709375 0.014227430555555556 0.08928472222222222
2 0.2895355902777778 0.36191666666666666 0.011293402777777777 0.09672916666666666
2 0.2960980902777778 0.3504027777777778 0.015494791666666667 0.09204861111111112
2 0.26988281249999996 0.34591666666666665 0.021046006944444445 0.10754166666666667