2 0.3723828125 0.7972569444444444 0.060004340277777776 0.14240972222222223
2 0.2543315972222222 0.7968888888888889 0.05806857638888888 0.14895833333333333
2 0.09522135416666666 0.6988472222222223 0.044487847222222224 0.12382638888888889
2 0.049713541666666666 0.6229930555555556 0.04895833333333333 0.1212638888888889
2 0.07895399305555556 0.445125 0.032413194444444446 0.10745138888888889
2 0.23837673611111113 0.4149236111111111 0.03525173611111111 0.06888194444444444
2 0.16282118055555556 0.37909027777777776 0.0319140625 0.07359722222222223
3 0.11498697916666667 0.2819513888888889 0.02945746527777778 0.06120138888888889
3 0.42128038194444445 0.5220694444444445 0.03275607638888889 0.090375
2 0.45482638888888893 0.30159722222222224 0.03846788194444444 0.07139583333333334
2 0.4849392361111111 0.4265625 0.023671875 0.06306250000000001
2 0.45914062499999997 0.5642708333333333 0.051644965277777774 0.10202777777777777
2 0.5955381944444444 0.4618541666666667 0.0470703125 0.09727083333333333
2 0.6857118055555556 0.3694513888888889 0.03190972222222222 0.08705555555555555
2 0.7275217013888889 0.5038750000000001 0.042777777777777776 0.09764583333333335
2 0.7884635416666667 0.7119722222222222 0.05098524305555555 0.1355347222222222
2 0.8212977430555556 0.4402083333333333 0.050729166666666665 0.09397916666666667
2 0.9544618055555555 0.8262083333333333 0.05333333333333333 0.14575694444444443
2 0.953103298611111 0.455125 0.032426215277777774 0.10199305555555556