3 0.1524609375 0.46226388888888886 0.040546875 0.11321527777777778
3 0.08924913194444445 0.18406944444444445 0.03152777777777778 0.07338194444444444
2 0.67828125 0.8136388888888889 0.04188368055555555 0.16490972222222222
0 0.6710546875 0.8675069444444444 0.017296006944444445 0.03242361111111111
2 0.6495008680555556 0.5860555555555556 0.029461805555555554 0.12833333333333335
2 0.7605381944444445 0.4690694444444445 0.03138020833333333 0.1124861111111111
2 0.8796440972222223 0.36102083333333335 0.03193142361111111 0.09240972222222221
2 0.63421875 0.23261805555555556 0.022847222222222224 0.06405555555555555
2 0.5890798611111111 0.35586111111111113 0.027443576388888887 0.09094444444444445
2 0.54984375 0.43306944444444445 0.03740451388888889 0.10386111111111111
2 0.4614192708333333 0.27996527777777774 0.030056423611111112 0.07179166666666667
2 0.27096788194444443 0.33477083333333335 0.027747395833333334 0.09886805555555556
2 0.19922309027777776 0.4001944444444444 0.02611545138888889 0.09411805555555555
2 0.2351388888888889 0.5980555555555556 0.042677951388888885 0.1287361111111111
2 0.3490234375 0.5886944444444444 0.03002170138888889 0.12624305555555554
2 0.09953559027777778 0.6645 0.04505642361111111 0.14077777777777778
2 0.16234809027777777 0.8085972222222223 0.06013888888888889 0.16515277777777776
2 0.13250868055555556 0.30035416666666664 0.029939236111111114 0.08161805555555555