3 0.48691840277777776 0.5019374999999999 0.031032986111111112 0.07747916666666667
3 0.2975217013888889 0.31880555555555556 0.02661892361111111 0.05415277777777778
2 0.9321701388888888 0.386125 0.03174479166666667 0.06922916666666666
2 0.7639409722222221 0.4424236111111111 0.03442274305555556 0.07351388888888889
0 0.6893142361111111 0.37559722222222225 0.0078515625 0.016583333333333332
2 0.6980555555555555 0.36115972222222226 0.016870659722222223 0.050875000000000004
2 0.6663324652777778 0.47390972222222216 0.035208333333333335 0.08121527777777778
2 0.6599826388888889 0.6456319444444445 0.03943576388888889 0.10878472222222223
2 0.5958897569444445 0.449125 0.027586805555555555 0.068875
2 0.5816145833333333 0.4000694444444445 0.02794270833333333 0.07229166666666666
2 0.4829079861111111 0.3900347222222222 0.022300347222222225 0.06801388888888889
2 0.399921875 0.38636805555555553 0.02343315972222222 0.061812500000000006
2 0.4347439236111111 0.5227916666666667 0.04231336805555555 0.09099305555555556
2 0.32923611111111106 0.6634444444444445 0.04140190972222222 0.1049375
2 0.2568229166666667 0.4255069444444445 0.034066840277777774 0.07014583333333334
2 0.17313368055555556 0.5379166666666667 0.03166666666666666 0.07611805555555555
2 0.09959635416666666 0.5614861111111111 0.03759114583333333 0.10294444444444445
2 0.17203125 0.6901944444444444 0.04709201388888889 0.1167013888888889
2 0.7231032986111111 0.8383125 0.06054253472222223 0.1318125