2 0.13831597222222222 0.39711111111111114 0.039600694444444445 0.1052986111111111
2 0.060182291666666665 0.36384722222222227 0.050590277777777776 0.09228472222222221
2 0.3401605902777778 0.6984236111111112 0.05619357638888889 0.14209027777777777
2 0.26526041666666667 0.51625 0.030355902777777777 0.10315972222222224
2 0.21528211805555555 0.40084722222222224 0.030625 0.09138888888888888
3 0.2703949652777778 0.4312638888888889 0.030846354166666663 0.09941666666666667
2 0.232265625 0.3837291666666667 0.03281684027777778 0.08650000000000001
2 0.27205295138888885 0.2746111111111111 0.032942708333333334 0.07946527777777779
2 0.41957899305555557 0.30472916666666666 0.03097222222222222 0.077125
2 0.5629427083333334 0.4009652777777778 0.037795138888888885 0.11704861111111112
2 0.5446137152777778 0.5269236111111111 0.02558159722222222 0.09518055555555556
2 0.5215755208333334 0.5465833333333333 0.04428819444444445 0.11689583333333334
2 0.6318923611111111 0.5385624999999999 0.03391059027777778 0.10476388888888889
2 0.6687977430555556 0.282625 0.02460503472222222 0.07202777777777777
2 0.6112413194444444 0.49259722222222224 0.034162326388888886 0.10279861111111112
2 0.7625 0.26961805555555557 0.024995659722222223 0.07925694444444444
2 0.8875868055555556 0.44966666666666666 0.056380208333333334 0.08537499999999999
2 0.5121701388888888 0.8968125 0.05618923611111112 0.11304166666666667
0 0.5886458333333333 0.6002500000000001 0.030629340277777774 0.031006944444444445