3 0.09774305555555556 0.24952777777777777 0.025073784722222225 0.07525
3 0.6594531250000001 0.1595625 0.02358940972222222 0.05640972222222222
2 0.9756380208333333 0.2875972222222222 0.023893229166666665 0.08177777777777778
2 0.8263107638888889 0.3460138888888889 0.024800347222222224 0.07928472222222223
2 0.7083897569444445 0.20422222222222222 0.014561631944444443 0.05424305555555556
2 0.5986675347222222 0.23356944444444444 0.023832465277777777 0.06222222222222222
2 0.6167534722222222 0.3908055555555556 0.01898003472222222 0.08334722222222223
3 0.6702517361111111 0.4117013888888889 0.03523871527777778 0.09829861111111111
2 0.85875 0.5136180555555556 0.04555555555555555 0.09926388888888889
2 0.4269444444444444 0.6225555555555555 0.03773871527777778 0.11926388888888889
2 0.4517664930555555 0.5649513888888889 0.03828993055555555 0.11442361111111111
2 0.36432725694444446 0.3979930555555556 0.033702256944444446 0.09175694444444445
2 0.4710677083333333 0.35460416666666666 0.028268229166666665 0.08240277777777777
2 0.4571310763888889 0.3211875 0.021358506944444446 0.07270833333333333
2 0.34404947916666667 0.7694583333333334 0.05018663194444444 0.1659861111111111
2 0.2522829861111111 0.6337430555555555 0.061085069444444445 0.13931944444444444
0 0.4106640625 0.6695416666666667 0.01757378472222222 0.043937500000000004
2 0.7677387152777777 0.7697986111111111 0.067421875 0.1414652777777778
2 0.9741927083333333 0.6717847222222222 0.037608506944444446 0.13936805555555556
2 0.9597135416666666 0.8971319444444443 0.04736979166666667 0.10659722222222222