2 0.9868315972222221 0.4602083333333334 0.026341145833333333 0.10243749999999999
2 0.8385677083333333 0.4074027777777778 0.05522135416666667 0.10655555555555556
3 0.8060329861111111 0.5090277777777777 0.04393663194444444 0.11831944444444444
2 0.46937500000000004 0.4222430555555555 0.033532986111111114 0.10611111111111111
1 0.48322048611111107 0.43709027777777776 0.037022569444444445 0.04545138888888889
2 0.4133116319444444 0.4474097222222222 0.0262890625 0.10911111111111112
2 0.5152864583333333 0.42847916666666663 0.03526475694444445 0.09707638888888888
2 0.5490972222222221 0.4515972222222222 0.0396875 0.11964583333333333
2 0.6561154513888889 0.47762499999999997 0.027821180555555554 0.11575694444444444
2 0.4504644097222222 0.7038888888888889 0.03874131944444445 0.1293888888888889
2 0.5695789930555555 0.7466805555555556 0.04569444444444445 0.15904166666666666
2 0.8184244791666667 0.5562361111111112 0.040477430555555555 0.12022916666666666
2 0.6215711805555555 0.4068402777777778 0.054210069444444446 0.03873611111111111
2 0.6730642361111111 0.4131875 0.05768663194444444 0.044972222222222226