2 0.31330729166666665 0.8170694444444444 0.04733506944444445 0.11469444444444445
2 0.26426649305555555 0.6408819444444445 0.03895399305555555 0.10028472222222222
2 0.1956987847222222 0.49827083333333333 0.03491319444444444 0.07431944444444444
2 0.36832465277777776 0.5775 0.03577690972222222 0.08481944444444445
2 0.31365885416666667 0.5104305555555555 0.019874131944444443 0.07940277777777778
2 0.29851996527777774 0.38175694444444447 0.015551215277777777 0.05320138888888889
2 0.3214453125 0.36812500000000004 0.01814236111111111 0.04392361111111111
2 0.45499999999999996 0.41754166666666664 0.01881076388888889 0.051409722222222225
2 0.43008680555555556 0.4014861111111111 0.017430555555555553 0.052513888888888895
2 0.5013194444444444 0.36597916666666663 0.022348090277777777 0.04378472222222222
2 0.6114322916666667 0.544 0.026310763888888887 0.08425694444444444
2 0.5933116319444445 0.4021111111111111 0.020342881944444443 0.057909722222222224
3 0.2919487847222222 0.35566666666666663 0.0231640625 0.04114583333333333
2 0.6350954861111111 0.44190972222222225 0.02779079861111111 0.06692361111111111
2 0.7338498263888888 0.41712499999999997 0.03584635416666667 0.05888194444444445
2 0.8432248263888888 0.4815 0.025360243055555554 0.07413194444444444
2 0.9386067708333334 0.6332916666666667 0.03358940972222222 0.10504861111111112
3 0.3348567708333333 0.5022986111111111 0.02444878472222222 0.07512500000000001
2 0.22333767361111112 0.4698194444444444 0.02814236111111111 0.0714375