2 0.11084635416666666 0.25200694444444444 0.03583767361111111 0.08920138888888889
2 0.13920572916666668 0.30685416666666665 0.03467013888888889 0.07945833333333334
2 0.08711371527777778 0.40197916666666667 0.031210937499999997 0.07247916666666666
2 0.06598958333333332 0.587125 0.04568142361111111 0.10943750000000001
2 0.07032986111111111 0.7553888888888889 0.054361979166666664 0.12277083333333333
2 0.2572743055555555 0.5602777777777778 0.04853298611111111 0.09463194444444445
2 0.23006944444444447 0.36309722222222224 0.054327256944444444 0.09470833333333332
2 0.45521701388888886 0.46052777777777776 0.031119791666666667 0.13124305555555557
2 0.5006467013888889 0.4230347222222222 0.05831163194444444 0.10625694444444443
2 0.5897786458333333 0.3026875 0.06407552083333333 0.1155625
2 0.6197309027777778 0.5237152777777777 0.04062934027777778 0.09372222222222223
2 0.8095659722222223 0.5820277777777778 0.07068142361111111 0.16035416666666666
2 0.4048307291666667 0.8812847222222222 0.06927083333333334 0.14680555555555555
0 0.7790407986111112 0.6105069444444444 0.03625 0.0423125
3 0.0248828125 0.47950694444444447 0.04976996527777778 0.12474999999999999