3 0.24938368055555557 0.2233888888888889 0.021844618055555556 0.06025694444444444
3 0.4284375 0.5008194444444444 0.026948784722222223 0.09696527777777778
0 0.8239626736111112 0.5601944444444444 0.011397569444444445 0.02582638888888889
2 0.8839930555555555 0.3488819444444444 0.028875868055555556 0.07147916666666668
2 0.8645833333333334 0.44033333333333335 0.028276909722222226 0.09185416666666667
2 0.7963411458333334 0.5083958333333334 0.038628472222222224 0.06866666666666667
2 0.7939800347222222 0.4485486111111111 0.028875868055555556 0.08414583333333334
2 0.7143272569444444 0.4654375 0.035516493055555556 0.08252083333333333
2 0.6692708333333334 0.40768750000000004 0.0218359375 0.08609722222222223
2 0.6371918402777778 0.5025208333333333 0.0200390625 0.09070833333333334
2 0.5876171874999999 0.4235347222222222 0.02347222222222222 0.07756249999999999
2 0.5688151041666667 0.32411805555555556 0.03212673611111111 0.07183333333333333
2 0.5257769097222222 0.4096180555555556 0.03455729166666667 0.07709027777777779
2 0.6476519097222222 0.6746944444444444 0.04799479166666667 0.122875
2 0.7271918402777778 0.7706458333333334 0.03610243055555556 0.13295138888888888
2 0.44447048611111106 0.2464583333333333 0.018784722222222223 0.06616666666666667
2 0.36432725694444446 0.3999236111111111 0.025451388888888888 0.08988194444444444
2 0.24264322916666664 0.3283402777777778 0.016414930555555554 0.07222916666666666
2 0.19375868055555556 0.4134166666666667 0.02324652777777778 0.08951388888888889
2 0.1612326388888889 0.5447638888888889 0.02556857638888889 0.10600694444444445
2 0.05608072916666667 0.7118125 0.037534722222222226 0.12309027777777778
2 0.02923177083333333 0.6910555555555555 0.030104166666666668 0.12342361111111111