1 0.825625 0.3653958333333333 0.053376736111111114 0.12629861111111113
2 0.5239887152777778 0.5215347222222222 0.05782118055555555 0.14464583333333333
2 0.6427300347222222 0.5213055555555555 0.05036024305555556 0.16052777777777777
2 0.5993142361111111 0.7189791666666666 0.05259982638888889 0.16396527777777778
2 0.28684895833333335 0.37643750000000004 0.038164062500000005 0.1187013888888889
2 0.32397135416666667 0.3928680555555556 0.030013020833333334 0.09456944444444446
2 0.32207031249999996 0.35030555555555554 0.03491319444444444 0.08419444444444445
2 0.3518793402777778 0.3583263888888889 0.027669270833333332 0.10096527777777776
0 0.3672222222222222 0.3785972222222222 0.013467881944444446 0.028791666666666667
2 0.098515625 0.46288888888888885 0.06457899305555555 0.11662499999999999
2 0.08338107638888889 0.39122222222222225 0.046675347222222226 0.11106250000000001