3 0.7134505208333333 0.40300694444444446 0.030920138888888886 0.08940972222222222
3 0.028997395833333335 0.3381736111111111 0.02588107638888889 0.08118055555555556
0 0.31744357638888887 0.4251875 0.014327256944444443 0.029944444444444444
2 0.2538237847222222 0.46731249999999996 0.028971354166666668 0.09484027777777777
2 0.30187934027777774 0.3782986111111111 0.021697048611111113 0.07870833333333334
2 0.3812934027777778 0.39729861111111114 0.0243359375 0.08150694444444445
2 0.48917100694444443 0.3335208333333333 0.02671875 0.0753888888888889
2 0.6424956597222222 0.4215694444444444 0.02539496527777778 0.09134027777777778
2 0.7762890625 0.4403055555555555 0.026809895833333333 0.09889583333333334
2 0.9639279513888889 0.4843125 0.029249131944444444 0.09329166666666668
2 0.9614843750000001 0.4654513888888889 0.02568576388888889 0.09468055555555556
2 0.9205685763888888 0.42525 0.01982204861111111 0.08297916666666666
2 0.9327213541666666 0.43418055555555557 0.028272569444444444 0.08709027777777778
2 0.5675520833333334 0.5346388888888889 0.027200520833333335 0.1030486111111111
2 0.5025954861111112 0.5339513888888889 0.03402777777777778 0.09427777777777777
2 0.4829817708333333 0.5431458333333333 0.02518229166666667 0.10209027777777777