2 0.23463107638888892 0.32640277777777776 0.02002170138888889 0.05395833333333334
3 0.24138888888888888 0.2961111111111111 0.01575954861111111 0.049548611111111106
2 0.20015625 0.5122986111111112 0.027981770833333332 0.08157638888888889
3 0.19450520833333332 0.47577083333333337 0.018498263888888887 0.06046527777777777
2 0.06037326388888889 0.4861666666666667 0.02935329861111111 0.0720763888888889
2 0.09562934027777778 0.4063263888888889 0.020347222222222225 0.06674305555555556
2 0.11397569444444446 0.39772222222222225 0.02118923611111111 0.06309722222222222
2 0.1770095486111111 0.3852083333333334 0.022105034722222222 0.05892361111111111
2 0.1777907986111111 0.35220833333333335 0.018454861111111113 0.04820833333333333
2 0.3163758680555555 0.4130486111111111 0.019900173611111113 0.058284722222222224
2 0.3678776041666667 0.3297291666666667 0.02055989583333333 0.05329861111111111
2 0.5090234375 0.3636111111111111 0.021267361111111112 0.06475
2 0.6352473958333333 0.43550694444444443 0.03122829861111111 0.07922222222222222
2 0.5263975694444444 0.4670972222222222 0.022764756944444447 0.07774305555555555
2 0.4550824652777778 0.5244722222222222 0.018328993055555555 0.08714583333333333
2 0.4398958333333333 0.5195208333333333 0.023155381944444445 0.07620138888888889
2 0.8206944444444445 0.40086805555555555 0.02144965277777778 0.07252083333333334
2 0.85859375 0.5194791666666666 0.03011284722222222 0.09280555555555554
0 0.8387803819444444 0.5530625 0.013953993055555555 0.026479166666666668
2 0.5681163194444445 0.7665069444444444 0.04516927083333333 0.13813888888888887
2 0.26115017361111115 0.629125 0.02844184027777778 0.12253472222222221