2 0.031197916666666665 0.5790972222222222 0.03305989583333333 0.10862499999999999
2 0.1379470486111111 0.46512499999999996 0.03990017361111112 0.09756944444444444
2 0.2790798611111111 0.41711805555555553 0.03551215277777778 0.07977777777777778
2 0.47503038194444447 0.5950972222222223 0.03631076388888889 0.10507638888888889
3 0.5314583333333334 0.44663888888888886 0.04250434027777778 0.08902777777777778
3 0.3017230902777778 0.34119444444444447 0.029414062499999998 0.060020833333333336
2 0.3390538194444444 0.3667708333333333 0.022760416666666665 0.05434722222222223
2 0.3594704861111111 0.36393055555555553 0.025277777777777777 0.05165277777777778
2 0.4283984375 0.39331944444444444 0.03228732638888889 0.06706944444444445
2 0.47195312500000003 0.37948611111111114 0.022196180555555556 0.058833333333333335
2 0.49405381944444443 0.36452777777777773 0.020598958333333334 0.058833333333333335
2 0.5294357638888889 0.3710347222222222 0.02967881944444444 0.061375
2 0.5576171875 0.3726041666666666 0.02155381944444444 0.05404166666666666
2 0.5823307291666667 0.3582430555555556 0.028923611111111112 0.061215277777777785
2 0.68 0.4820069444444445 0.03547309027777778 0.08293750000000001
2 0.7603298611111111 0.42592361111111116 0.023038194444444444 0.08143055555555556
2 0.7816319444444445 0.42016666666666663 0.0200390625 0.07738888888888888
2 0.9519053819444445 0.6730555555555556 0.05364583333333333 0.13442361111111112