2 0.9099956597222223 0.44011805555555555 0.030199652777777777 0.09856250000000001
2 0.8759895833333333 0.41828472222222224 0.015447048611111113 0.08879861111111112
2 0.8565017361111111 0.4185763888888889 0.020052083333333335 0.08744444444444445
2 0.7529123263888889 0.5252569444444445 0.03438368055555555 0.11487499999999999
2 0.6621614583333333 0.43801388888888887 0.02295138888888889 0.09049305555555556
2 0.5977604166666667 0.4107152777777777 0.03274739583333333 0.09011805555555556
2 0.4815538194444444 0.5094375 0.02427517361111111 0.10550694444444444
2 0.47825520833333335 0.4499375 0.02493923611111111 0.07947222222222222
2 0.4555642361111111 0.37999305555555557 0.017078993055555557 0.08774305555555555
3 0.48700086805555554 0.38497916666666665 0.02003472222222222 0.0870625
2 0.3171831597222222 0.4474652777777778 0.018723958333333332 0.0967986111111111
2 0.28713541666666664 0.39285416666666667 0.022782118055555557 0.08441666666666667
2 0.2985720486111111 0.3766388888888889 0.015394965277777777 0.0742638888888889
3 0.19266059027777777 0.33515972222222223 0.020846354166666668 0.07747916666666667
2 0.06947048611111112 0.6480763888888889 0.03397135416666666 0.14673611111111112