2 0.0378125 0.7277777777777777 0.04003472222222222 0.13396527777777778
3 0.08724392361111111 0.4781180555555556 0.03544270833333333 0.11138194444444444
2 0.10006510416666667 0.3205138888888889 0.03625868055555556 0.08749305555555555
3 0.0219921875 0.2271388888888889 0.027022569444444443 0.059652777777777784
2 0.21044270833333334 0.526125 0.04802517361111111 0.09152083333333333
2 0.24187934027777777 0.3834166666666667 0.02814236111111111 0.06432638888888889
2 0.28241753472222225 0.5529444444444445 0.034722222222222224 0.0988125
2 0.2820008680555556 0.3400416666666667 0.03389756944444444 0.07689583333333333
2 0.44134982638888887 0.30311805555555554 0.027738715277777777 0.07588194444444445
2 0.47898871527777775 0.41851388888888885 0.03680555555555556 0.09147916666666665
2 0.5234548611111111 0.5297638888888889 0.038832465277777777 0.11535416666666667
2 0.5818663194444444 0.3751388888888889 0.037721354166666665 0.07756249999999999
2 0.6439149305555555 0.2781180555555556 0.029392361111111112 0.07554166666666667
2 0.6817621527777777 0.4733125 0.03473524305555556 0.0984513888888889
2 0.7922395833333333 0.7769444444444444 0.052921006944444446 0.16939583333333333
2 0.8448828125 0.3728194444444445 0.0237109375 0.10603472222222222
0 0.6597222222222222 0.5440416666666666 0.017660590277777777 0.02660416666666667