2 0.030108506944444446 0.39642361111111113 0.03533420138888889 0.09654861111111111
2 0.02054253472222222 0.5813402777777777 0.04108940972222222 0.13952777777777778
2 0.10346354166666666 0.8951666666666667 0.05927517361111111 0.10608333333333332
2 0.17465277777777777 0.4133194444444444 0.038424479166666664 0.09237500000000001
2 0.22717881944444443 0.46377083333333335 0.04390625 0.08772916666666666
2 0.26393229166666665 0.5049652777777778 0.03868923611111111 0.09234027777777777
2 0.29142361111111115 0.5804097222222222 0.04620659722222222 0.1265625
2 0.34134114583333336 0.5304305555555556 0.03838107638888889 0.09139583333333334
2 0.34973524305555553 0.32213194444444443 0.04590277777777778 0.07667361111111111
2 0.39618055555555554 0.34573611111111113 0.04502604166666666 0.07944444444444444
2 0.6586545138888888 0.47950694444444447 0.050169270833333335 0.09883333333333333
2 0.7147960069444445 0.6891875 0.05362847222222222 0.13300694444444444
2 0.9726388888888889 0.6496111111111111 0.05183159722222222 0.11774305555555556
2 0.7246354166666666 0.5487083333333334 0.03626302083333333 0.09371527777777777
2 0.7074218750000001 0.5109861111111111 0.03058159722222222 0.09881944444444445
3 0.3397482638888889 0.47950694444444447 0.036358506944444445 0.10809027777777779
0 0.36724392361111113 0.33231944444444445 0.015160590277777778 0.024826388888888887