2 0.065859375 0.7036111111111112 0.06690972222222222 0.12990277777777778
2 0.17191840277777778 0.43425694444444446 0.04464409722222222 0.09814583333333335
2 0.061085069444444445 0.32487499999999997 0.04867621527777778 0.09465972222222223
2 0.1558550347222222 0.3145625 0.04824652777777778 0.09957638888888888
2 0.353359375 0.3305486111111111 0.04294270833333333 0.11294444444444443
2 0.4977647569444444 0.5797430555555556 0.06508680555555556 0.125375
2 0.42880208333333336 0.4296875 0.04286024305555555 0.10279166666666667
2 0.4261848958333333 0.33544444444444443 0.030603298611111114 0.07542361111111111
2 0.45174913194444444 0.3586736111111111 0.033012152777777776 0.10292361111111112
3 0.49401909722222226 0.3606736111111111 0.03511284722222222 0.09893055555555556
2 0.612365451388889 0.4477916666666667 0.040477430555555555 0.09854861111111111
2 0.6234114583333333 0.37354166666666666 0.043368055555555556 0.09916666666666668
2 0.817578125 0.5800624999999999 0.047664930555555554 0.13379166666666667
2 0.8973871527777777 0.45222222222222225 0.03391059027777778 0.11814583333333332
2 0.6964930555555555 0.349125 0.025616319444444445 0.08404861111111112
2 0.7085546875 0.3101527777777778 0.023975694444444445 0.06605555555555556
2 0.34478732638888887 0.3587638888888889 0.0406640625 0.02538888888888889