3 0.02804253472222222 0.3371527777777778 0.029466145833333332 0.07152777777777777
2 0.2522395833333333 0.4675 0.03225694444444444 0.09610416666666666
2 0.30401909722222226 0.37650694444444444 0.037439236111111114 0.08543055555555555
0 0.3148697916666667 0.425125 0.02730902777777778 0.025249999999999998
2 0.38125868055555556 0.3975763888888889 0.03566840277777778 0.0766388888888889
2 0.4837326388888889 0.5603333333333333 0.038068576388888886 0.10584722222222222
2 0.5431814236111111 0.5223611111111112 0.03254340277777778 0.08546527777777778
2 0.5658897569444444 0.5214375 0.02877170138888889 0.10213194444444444
2 0.6451519097222222 0.41887499999999994 0.0368359375 0.07756249999999999
2 0.48792968750000004 0.3334444444444445 0.03198784722222223 0.05947916666666667
3 0.6883029513888889 0.3922361111111111 0.02474826388888889 0.08447916666666667
2 0.7756901041666667 0.4306736111111111 0.046171875 0.09652777777777778
2 0.9168619791666666 0.42465277777777777 0.027591145833333334 0.07522222222222222
2 0.9333506944444445 0.4269652777777778 0.02006076388888889 0.08911805555555556
2 0.9784809027777778 0.4651666666666667 0.029296875 0.0868125