2 0.5989149305555556 0.4244791666666667 0.03210069444444444 0.08945138888888889
2 0.6218880208333333 0.3191527777777778 0.02552517361111111 0.062625
2 0.4131032986111111 0.5743333333333334 0.05277777777777778 0.09238194444444445
2 0.42836805555555557 0.45153472222222224 0.0209375 0.06477083333333333
2 0.41064670138888887 0.3787777777777778 0.0183203125 0.06106944444444444
2 0.3059505208333333 0.2999722222222222 0.0190234375 0.050541666666666665
2 0.21385416666666668 0.4066180555555555 0.030160590277777774 0.06422916666666666
2 0.13827256944444444 0.49290277777777775 0.026723090277777778 0.07659722222222222
3 0.08615017361111112 0.4881736111111111 0.024249131944444443 0.08815277777777777
2 0.044305555555555556 0.5072222222222222 0.042322048611111114 0.08159722222222222
2 0.05726996527777777 0.41081944444444446 0.025577256944444446 0.07263888888888889
2 0.22393663194444446 0.35106944444444443 0.029635416666666668 0.07026388888888889
2 0.7905859375 0.7177222222222223 0.06402777777777778 0.15102083333333333
1 0.7821180555555556 0.34981944444444446 0.02287326388888889 0.06904861111111112
2 0.9776649305555556 0.48666666666666664 0.04467013888888889 0.1054236111111111