2 0.21776041666666668 0.6165902777777778 0.04471354166666666 0.12900694444444444
2 0.2835199652777778 0.4739305555555556 0.029435763888888886 0.09680555555555556
2 0.015364583333333333 0.46229861111111115 0.030729166666666665 0.11459027777777778
3 0.08675347222222222 0.35727083333333337 0.02927517361111111 0.09836805555555556
2 0.016219618055555555 0.3233958333333333 0.027881944444444442 0.08763888888888889
2 0.05761284722222223 0.3022986111111111 0.02943142361111111 0.07509027777777777
2 0.08377604166666668 0.24256250000000001 0.02474392361111111 0.06051388888888889
2 0.13977864583333333 0.2659375 0.019874131944444443 0.0685
2 0.3651171875 0.3133680555555556 0.024440104166666667 0.07441666666666666
2 0.39361545138888887 0.3608055555555555 0.024427083333333335 0.07807638888888889
2 0.3853515625 0.2951180555555556 0.019301215277777777 0.06528472222222223
2 0.46144097222222225 0.2298888888888889 0.02325954861111111 0.06252777777777778
2 0.7667708333333334 0.2863263888888889 0.032456597222222223 0.07963194444444445
2 0.9418359374999999 0.5891041666666667 0.04337673611111111 0.14015972222222223
0 0.8571267361111111 0.34699305555555554 0.01791232638888889 0.027645833333333335