3 0.6572916666666667 0.37849999999999995 0.03787760416666666 0.09165277777777778
3 0.6398567708333334 0.27169444444444446 0.027777777777777776 0.08261111111111111
0 0.6155946180555555 0.4680625 0.013875868055555554 0.025020833333333332
1 0.06833333333333333 0.4011180555555556 0.040303819444444444 0.11139583333333333
2 0.17669270833333334 0.4744305555555555 0.039713541666666664 0.116375
2 0.27832899305555553 0.5328680555555556 0.040264756944444445 0.09871527777777778
2 0.2925390625 0.4525208333333333 0.025008680555555555 0.1132361111111111
2 0.3776953125 0.5865416666666666 0.03302083333333333 0.10593055555555556
2 0.3636545138888889 0.40034722222222224 0.02513888888888889 0.0964861111111111
2 0.3416189236111111 0.4169097222222222 0.0280078125 0.08998611111111111
2 0.33950086805555557 0.40200694444444446 0.053098958333333335 0.03723611111111111
2 0.5109418402777778 0.39271527777777776 0.025733506944444443 0.09374305555555557
2 0.5291579861111111 0.39522222222222225 0.02891927083333333 0.08623611111111111
2 0.6095659722222222 0.42665277777777777 0.025473090277777777 0.08757638888888888
2 0.5918185763888889 0.5632152777777778 0.04799045138888888 0.11872916666666666
2 0.7134244791666666 0.4827152777777778 0.04545572916666667 0.09956944444444445
2 0.7843619791666667 0.6245902777777778 0.04328125 0.13301388888888888
2 0.7251519097222222 0.34976388888888893 0.03175347222222222 0.08293750000000001
2 0.7801953125 0.3767152777777778 0.031684027777777776 0.08573611111111111
2 0.8932942708333333 0.3623263888888889 0.028428819444444444 0.0819861111111111