3 0.9790538194444444 0.4534097222222222 0.02759548611111111 0.10815277777777778
3 0.3694748263888889 0.28215972222222224 0.019657118055555554 0.06365972222222223
2 0.27630208333333334 0.4133333333333334 0.028606770833333333 0.0821875
0 0.29203993055555555 0.44352777777777774 0.014921875000000001 0.025180555555555553
2 0.19740017361111112 0.7156458333333333 0.057052951388888884 0.15943055555555558
2 0.45043402777777775 0.31908333333333333 0.02354166666666667 0.08152083333333333
2 0.5098567708333334 0.4928680555555556 0.02837673611111111 0.10218055555555555
2 0.653203125 0.7230416666666667 0.045282118055555556 0.14350694444444445
2 0.6576041666666667 0.5421805555555556 0.024739583333333332 0.10869444444444445
2 0.7233637152777779 0.53875 0.03321180555555556 0.10544444444444445
2 0.7830164930555555 0.4259375 0.032864583333333336 0.08211111111111111
2 0.7020963541666667 0.36870138888888887 0.01776909722222222 0.07961805555555555
2 0.6714496527777778 0.41790277777777773 0.032113715277777774 0.08229861111111111