1 0.15548177083333334 0.44531944444444443 0.023268229166666668 0.087
2 0.18996527777777777 0.6265416666666667 0.04852430555555556 0.10613194444444446
2 0.2801302083333333 0.5989861111111111 0.030169270833333334 0.10188194444444446
2 0.4086284722222222 0.5300902777777778 0.024913194444444443 0.09547916666666667
2 0.4762152777777778 0.48165972222222225 0.0316015625 0.08550694444444444
2 0.5216276041666666 0.6017361111111111 0.03500434027777778 0.10313194444444444
2 0.3646050347222222 0.5396249999999999 0.03355902777777778 0.08488888888888889
2 0.3697699652777778 0.4855763888888889 0.0359375 0.06579166666666666
2 0.5895833333333333 0.44890277777777776 0.030516493055555555 0.07086111111111111
3 0.6800737847222222 0.5881666666666667 0.03798177083333334 0.10778472222222223
2 0.7114322916666667 0.4616180555555556 0.039765625 0.07721527777777777
3 0.7833246527777777 0.3460972222222222 0.027252604166666666 0.07082638888888888
2 0.6940234375 0.5354861111111111 0.0301171875 0.08720138888888888
2 0.7389019097222222 0.5572083333333333 0.037751736111111114 0.060708333333333336
2 0.7934765625 0.5409930555555555 0.050203993055555556 0.08126388888888889
2 0.8576909722222221 0.5448125 0.04352864583333334 0.097375
0 0.8877387152777777 0.3459930555555556 0.022829861111111113 0.030340277777777775