3 0.028806423611111114 0.3421458333333333 0.02493923611111111 0.0839375
3 0.7017491319444444 0.39400694444444445 0.027916666666666663 0.09550694444444445
2 0.6423784722222222 0.41704166666666664 0.027400173611111113 0.08498611111111111
2 0.78015625 0.4361666666666667 0.040234375 0.097375
2 0.563046875 0.5312638888888889 0.03647569444444445 0.12265972222222223
2 0.5318012152777778 0.5272222222222223 0.031584201388888886 0.10811805555555555
2 0.4805989583333333 0.5467569444444444 0.03628472222222222 0.11645833333333333
2 0.37979166666666664 0.3957569444444444 0.030368923611111112 0.0876875
2 0.30492621527777775 0.37851388888888887 0.030516493055555555 0.08230555555555555
2 0.25481770833333334 0.46997916666666667 0.036397569444444444 0.09870833333333333
2 0.4861588541666666 0.32894444444444443 0.023151041666666667 0.08017361111111111
2 0.9653472222222221 0.4688472222222222 0.040651041666666665 0.10924305555555555
2 0.9941536458333334 0.4917708333333333 0.011697048611111111 0.10366666666666667
2 0.9320008680555555 0.43482638888888886 0.026922743055555556 0.09600694444444445
2 0.9206640625 0.4232291666666667 0.02099392361111111 0.0911111111111111
0 0.3165451388888889 0.42864583333333334 0.015052083333333334 0.028972222222222222