2 0.29208333333333336 0.8215555555555555 0.07078993055555555 0.18503472222222223
2 0.21237847222222223 0.44576388888888885 0.04869791666666667 0.11497222222222223
2 0.34532552083333334 0.5035833333333333 0.04756510416666667 0.11680555555555555
2 0.2885026041666667 0.3640069444444444 0.02594184027777778 0.07366666666666667
2 0.39288628472222226 0.3898819444444444 0.030360243055555555 0.075625
0 0.3665017361111111 0.3455972222222222 0.012782118055555555 0.015187500000000001
2 0.41184895833333335 0.35535416666666664 0.022278645833333333 0.07585416666666667
2 0.43329427083333333 0.3288263888888889 0.025924479166666667 0.06826388888888889
2 0.5389800347222222 0.32645833333333335 0.030234374999999997 0.06785416666666666
2 0.5787543402777778 0.46549305555555553 0.028593749999999998 0.10340972222222222
2 0.6878385416666667 0.5507083333333334 0.046475694444444444 0.11145138888888889
2 0.7695138888888889 0.4147083333333333 0.044722222222222226 0.09061805555555556
2 0.9179036458333333 0.4254236111111111 0.027539062500000003 0.09690277777777777
2 0.9420572916666666 0.43906944444444446 0.025768229166666667 0.11120138888888889
3 0.2991536458333333 0.33631944444444445 0.021241319444444445 0.07113888888888889