3 0.7070833333333333 0.4583333333333333 0.037747395833333336 0.0995
0 0.7862760416666666 0.41320833333333334 0.017196180555555555 0.01977083333333333
3 0.2623220486111111 0.3029305555555556 0.0270703125 0.08549305555555556
2 0.9252083333333333 0.5954166666666667 0.06900607638888889 0.12942361111111111
2 0.794765625 0.7094652777777778 0.0654296875 0.145875
2 0.8340364583333333 0.4098125 0.03253038194444444 0.084375
2 0.8177777777777778 0.3542430555555556 0.020850694444444443 0.06455555555555555
2 0.7878385416666667 0.3569930555555556 0.03798177083333334 0.06715972222222222
2 0.7049392361111111 0.37148611111111113 0.03074652777777778 0.06715277777777778
2 0.6831076388888889 0.436625 0.03963107638888889 0.08870833333333333
2 0.5171614583333333 0.45944444444444443 0.0393359375 0.10101388888888889
2 0.4862673611111111 0.3579791666666667 0.03009548611111111 0.07348611111111111
2 0.4548784722222222 0.36399305555555556 0.0262109375 0.08115972222222223
2 0.41560763888888885 0.6259861111111111 0.06635416666666666 0.12097222222222222
2 0.246953125 0.49893750000000003 0.037092013888888886 0.10171527777777778
2 0.13706163194444446 0.5089375 0.04200086805555556 0.09561805555555555
2 0.047730034722222224 0.5792152777777778 0.035486111111111114 0.12311111111111112
2 0.031106770833333335 0.4889791666666667 0.04300347222222222 0.11949305555555555
2 0.09358506944444445 0.42739583333333336 0.029335937500000003 0.09779166666666667
2 0.17765625 0.40834027777777776 0.04255642361111111 0.09302777777777778
2 0.21661024305555554 0.35204166666666664 0.026236979166666667 0.08625000000000001