3 0.6133723958333334 0.2458958333333333 0.017825520833333334 0.050548611111111114
2 0.5329730902777778 0.28920138888888886 0.019244791666666667 0.05749305555555556
2 0.4512543402777778 0.31556944444444446 0.025607638888888888 0.06895833333333333
2 0.44247395833333336 0.5015555555555555 0.03169704861111111 0.09874305555555556
2 0.19958767361111113 0.4717638888888889 0.024175347222222223 0.09590277777777777
1 0.13690972222222222 0.32224305555555555 0.024557291666666665 0.06683333333333333
2 0.13452690972222223 0.6896388888888889 0.048810763888888886 0.1327222222222222
2 0.7323307291666666 0.4603125 0.02033420138888889 0.0954861111111111
2 0.770568576388889 0.46908333333333335 0.022764756944444447 0.11329166666666665
2 0.72640625 0.3399652777777778 0.024639756944444445 0.07603472222222221
2 0.7824782986111111 0.34502083333333333 0.01966579861111111 0.07535416666666667
2 0.8020138888888888 0.3030763888888889 0.019965277777777776 0.0655625
2 0.7797222222222222 0.2624930555555556 0.019231770833333335 0.05352083333333333
0 0.5450086805555556 0.3162638888888889 0.0068706597222222224 0.012597222222222223