2 0.20200086805555556 0.5720763888888889 0.05143663194444445 0.13768055555555556
2 0.11750000000000001 0.4859861111111111 0.05029947916666667 0.14881944444444445
2 0.2905512152777778 0.4158611111111111 0.06878038194444444 0.10579861111111111
3 0.39531249999999996 0.39919444444444446 0.06412326388888889 0.1335763888888889
2 0.5492664930555555 0.4302152777777778 0.04788194444444444 0.11597222222222223
2 0.6300043402777777 0.3406388888888889 0.04381076388888889 0.12665972222222222
2 0.6728342013888889 0.3337222222222222 0.04380208333333333 0.1168125
2 0.9529600694444444 0.3105763888888889 0.052994791666666666 0.11865972222222222
2 0.48097222222222225 0.3205277777777778 0.038637152777777774 0.10709027777777778
2 0.5423220486111111 0.28326388888888887 0.03746527777777778 0.08994444444444445
2 0.5621440972222222 0.26290277777777776 0.037751736111111114 0.09179166666666667
2 0.24628038194444443 0.34899305555555554 0.019761284722222223 0.09738194444444444
2 0.26002604166666665 0.34899305555555554 0.020460069444444444 0.09182638888888889
2 0.2676953125 0.2890347222222222 0.038285590277777774 0.08547916666666668