0 0.703671875 0.6072013888888889 0.018919270833333335 0.03948611111111111
2 0.7313194444444444 0.5815069444444444 0.0412109375 0.13693055555555556
2 0.6493098958333333 0.2738819444444444 0.030212673611111112 0.10577777777777778
2 0.45982204861111114 0.4033819444444445 0.03229600694444444 0.12953472222222223
2 0.3559071180555555 0.5114375 0.034509548611111114 0.11840277777777777
2 0.2716015625 0.4412708333333333 0.03792534722222222 0.11889583333333334
2 0.31645399305555555 0.4137569444444444 0.026610243055555555 0.08947222222222223
2 0.2927517361111111 0.38375694444444447 0.041215277777777774 0.09829166666666667
2 0.20694010416666667 0.20356944444444444 0.025620659722222223 0.07876388888888888
2 0.09392795138888889 0.25004166666666666 0.027625868055555555 0.08689583333333332
2 0.1603732638888889 0.6483333333333333 0.05550347222222222 0.14415972222222223