3 0.5598350694444444 0.39273611111111106 0.025611979166666667 0.0879513888888889
3 0.17256076388888889 0.3358611111111111 0.02318142361111111 0.07533333333333334
2 0.29870225694444447 0.45159027777777777 0.025993923611111112 0.09729166666666667
0 0.3169140625 0.4269583333333334 0.011618923611111111 0.02454166666666667
2 0.038064236111111115 0.6417847222222222 0.03978298611111111 0.14174305555555555
2 0.25440104166666666 0.4025694444444445 0.028828125 0.08414583333333334
2 0.33538194444444447 0.38109027777777776 0.02936631944444444 0.08090972222222223
2 0.31952690972222225 0.333875 0.016844618055555555 0.07136805555555556
2 0.40204427083333333 0.43002083333333335 0.024973958333333334 0.08123611111111112
2 0.49024305555555553 0.5292291666666666 0.030924479166666668 0.10808333333333332
2 0.46581163194444447 0.37918749999999996 0.023823784722222224 0.08614583333333334
2 0.5844444444444444 0.42594444444444446 0.020026041666666668 0.07740277777777778
2 0.6013194444444445 0.4052847222222222 0.021111111111111112 0.0893125
2 0.7146788194444444 0.5221944444444445 0.026427951388888888 0.11020138888888889
2 0.8704253472222222 0.43533333333333335 0.020342881944444443 0.0923125
2 0.8751736111111111 0.4212083333333333 0.014717881944444443 0.07954861111111111
2 0.880798611111111 0.4193263888888889 0.01265625 0.08254861111111111