2 0.9795399305555557 0.46332638888888894 0.03298177083333333 0.11013888888888888
2 0.942482638888889 0.4703333333333333 0.02661892361111111 0.10503472222222222
2 0.6688932291666667 0.44045833333333334 0.03738715277777778 0.10106944444444443
2 0.48257812499999997 0.47631249999999997 0.02542534722222222 0.09307638888888889
2 0.48900607638888893 0.40539583333333334 0.021336805555555553 0.08834027777777777
2 0.4148263888888889 0.3818958333333333 0.019440104166666666 0.078
2 0.4222439236111111 0.4931388888888889 0.0352734375 0.09802777777777777
2 0.39325520833333333 0.4810277777777777 0.023129340277777778 0.0993125
2 0.25811197916666667 0.6127361111111111 0.037786458333333335 0.10608333333333332
2 0.1798046875 0.4276111111111111 0.02862847222222222 0.10088194444444445
2 0.029461805555555554 0.4323958333333333 0.033819444444444444 0.09131944444444444
3 0.2746310763888889 0.33545833333333336 0.018233506944444443 0.06678472222222222
3 0.3116536458333333 0.38581250000000006 0.018628472222222223 0.07338194444444444
0 0.30521267361111115 0.4207152777777778 0.009835069444444445 0.017972222222222223
2 0.2858029513888889 0.3943611111111111 0.017565104166666665 0.07984027777777777
2 0.35546006944444447 0.40610416666666665 0.02542534722222222 0.05177083333333333
2 0.37397569444444445 0.3874444444444444 0.019487847222222222 0.07010416666666666
2 0.3373046875 0.36969444444444444 0.013159722222222222 0.049340277777777775