2 0.13067274305555554 0.3943402777777778 0.043754340277777776 0.09886111111111112
2 0.12184895833333334 0.6799305555555556 0.05214409722222222 0.1644861111111111
2 0.22660590277777778 0.44988194444444446 0.04290798611111111 0.1099513888888889
2 0.385625 0.5285694444444444 0.05018229166666667 0.12288194444444443
2 0.30777777777777776 0.3256041666666667 0.022960069444444443 0.09194444444444445
0 0.32296440972222223 0.36217361111111107 0.02131076388888889 0.026201388888888885
2 0.35509114583333334 0.3318541666666667 0.025577256944444446 0.09611111111111112
2 0.38171006944444447 0.3890138888888889 0.0566015625 0.10765972222222223
2 0.9115755208333334 0.662798611111111 0.07673177083333332 0.1635625
2 0.9465972222222222 0.4991736111111111 0.04887152777777778 0.15020138888888887
2 0.9807421875000001 0.47094444444444444 0.03562065972222222 0.12706944444444443
2 0.8033463541666667 0.37952777777777774 0.036245659722222226 0.09702083333333333
2 0.7521310763888889 0.43854166666666666 0.041879340277777774 0.11782638888888888
2 0.7752777777777777 0.48184027777777777 0.04724826388888889 0.10390972222222222
3 0.6224826388888889 0.43830555555555556 0.03606770833333333 0.11644444444444445