0 0.23094184027777778 0.3628680555555555 0.014388020833333333 0.041479166666666664
1 0.7554513888888889 0.45959722222222227 0.046961805555555555 0.15160416666666668
2 0.8186848958333334 0.5406041666666667 0.05881510416666666 0.17100694444444445
2 0.03312934027777778 0.57925 0.06626302083333332 0.17702083333333332
2 0.3487152777777778 0.49246527777777777 0.06702690972222222 0.13955555555555557
2 0.46447482638888893 0.5639791666666667 0.0299609375 0.12425694444444445
2 0.48097222222222225 0.5875902777777777 0.03169270833333333 0.11591666666666665
2 0.554765625 0.6017013888888889 0.036883680555555555 0.1302638888888889
2 0.5845703124999999 0.5667638888888888 0.040928819444444445 0.12239583333333333
2 0.5165668402777778 0.5401458333333333 0.03603298611111111 0.11639583333333334
2 0.5472395833333333 0.530423611111111 0.024153645833333334 0.09325694444444443
2 0.7195703125 0.5114444444444445 0.022664930555555556 0.11640972222222222
2 0.6855685763888889 0.47279861111111116 0.025277777777777777 0.10855555555555554
2 0.6308723958333333 0.5336666666666667 0.037443576388888886 0.11084722222222222
2 0.5721310763888889 0.45475000000000004 0.03373263888888889 0.07985416666666666
2 0.5970182291666667 0.48181944444444447 0.016375868055555555 0.11271527777777778
2 0.6197309027777778 0.44386805555555553 0.023268229166666668 0.09791666666666667
3 0.14847222222222223 0.5392152777777778 0.04983506944444444 0.1330625
3 0.16163628472222225 0.3522152777777778 0.039709201388888886 0.0979513888888889