3 0.3130512152777778 0.3784513888888889 0.02271701388888889 0.0796388888888889
0 0.3044314236111111 0.42039583333333336 0.01077690972222222 0.021340277777777777
3 0.23061197916666668 0.33721527777777777 0.023806423611111113 0.07250694444444444
2 0.19680121527777777 0.42804166666666665 0.02976128472222222 0.09406944444444446
2 0.1674609375 0.5994583333333333 0.037586805555555554 0.11861111111111113
2 0.4215581597222222 0.49395138888888884 0.026080729166666667 0.09405555555555556
2 0.4449175347222222 0.5327847222222223 0.029249131944444444 0.11050694444444444
2 0.4840581597222222 0.4789861111111111 0.023958333333333335 0.09236805555555555
2 0.5222786458333333 0.40534722222222225 0.02388454861111111 0.0891736111111111
2 0.6182118055555555 0.4301527777777778 0.027999131944444446 0.10205555555555557
2 0.9091623263888889 0.46427777777777773 0.023702256944444444 0.09120833333333334
2 0.9203428819444444 0.46159722222222227 0.0178125 0.10184722222222221
2 0.43017361111111113 0.37855555555555553 0.02153645833333333 0.07608333333333334
2 0.39807291666666667 0.38754861111111116 0.01560763888888889 0.07240277777777779
2 0.40307725694444446 0.37954166666666667 0.015017361111111112 0.06958333333333333
2 0.3723567708333333 0.37516666666666665 0.01949652777777778 0.07683333333333334
2 0.28586371527777776 0.3959722222222223 0.020043402777777778 0.08809027777777777