2 0.25076822916666663 0.47094444444444444 0.03394097222222223 0.10485416666666668
2 0.3801171875 0.39574305555555556 0.040685763888888886 0.09277083333333333
2 0.47431423611111106 0.5778888888888889 0.051953125 0.11459027777777778
2 0.5614192708333333 0.5466458333333333 0.0374609375 0.1076388888888889
2 0.6342013888888889 0.5586805555555555 0.04294270833333333 0.11689583333333334
2 0.6077256944444445 0.41007638888888887 0.04126302083333333 0.09700694444444444
2 0.7822265625 0.4521944444444444 0.0395703125 0.1145763888888889
2 0.9370442708333333 0.4802222222222222 0.03273871527777778 0.09881944444444445
2 0.9203428819444444 0.4305 0.019110243055555556 0.08125694444444445
2 0.3036328125 0.3781527777777777 0.02539496527777778 0.0900138888888889
2 0.48943142361111114 0.336375 0.03395833333333333 0.07258333333333333
3 0.7426215277777778 0.4121180555555556 0.029257812499999997 0.09709722222222222
3 0.03441840277777777 0.3414513888888889 0.02862847222222222 0.08273611111111111
0 0.3152517361111111 0.42164583333333333 0.017317708333333334 0.03742361111111111