2 0.5634114583333333 0.5032361111111111 0.04586371527777778 0.11677777777777777
2 0.4569314236111111 0.45472916666666663 0.06656684027777778 0.1010486111111111
1 0.7760546875 0.2832152777777778 0.04784288194444444 0.11020833333333332
2 0.7484592013888889 0.8310972222222222 0.08408420138888889 0.1764861111111111
2 0.8656510416666667 0.8703819444444444 0.07125434027777777 0.16294444444444445
0 0.40526475694444447 0.8416527777777778 0.058055555555555555 0.051305555555555556
2 0.12797743055555555 0.32684027777777774 0.03854600694444445 0.10534027777777778
2 0.1892578125 0.3566458333333334 0.032421875 0.08909722222222223
2 0.3262109375 0.4211319444444444 0.03201822916666666 0.09886805555555556
2 0.032803819444444444 0.4151736111111111 0.04799913194444445 0.09778472222222222
2 0.31624565972222224 0.35447222222222224 0.039184027777777776 0.09559722222222222