2 0.16249999999999998 0.40822222222222226 0.055789930555555554 0.12663194444444445
2 0.14730902777777777 0.543875 0.038142361111111106 0.14652083333333335
2 0.03849392361111111 0.887763888888889 0.07636718749999999 0.14126388888888888
2 0.3202126736111111 0.6831666666666667 0.08063802083333332 0.17096527777777779
2 0.41585503472222224 0.6315555555555556 0.07164496527777778 0.18718055555555557
2 0.3553732638888889 0.35915972222222226 0.0919140625 0.1396111111111111
2 0.47214409722222217 0.25293055555555555 0.07191840277777778 0.124375
2 0.5994748263888889 0.20664583333333333 0.042951388888888886 0.09291666666666668
2 0.5582378472222222 0.34620138888888885 0.04035590277777778 0.0748125
2 0.21299913194444445 0.42164583333333333 0.05375 0.12014583333333333
2 0.4614366319444445 0.5780972222222223 0.06555555555555555 0.14970833333333333
2 0.5599739583333334 0.4362291666666666 0.05424479166666667 0.09653472222222222
2 0.6820920138888888 0.5267222222222222 0.053059895833333336 0.10806944444444445
2 0.79046875 0.6447569444444444 0.06721354166666667 0.10525
2 0.9559982638888889 0.4887569444444444 0.04517795138888889 0.1710347222222222
2 0.8084114583333333 0.36795833333333333 0.03826822916666667 0.10165277777777777
2 0.7349088541666666 0.3218958333333333 0.04638888888888889 0.10675694444444443
0 0.623203125 0.3193611111111111 0.030212673611111112 0.043347222222222224
3 0.48299479166666665 0.4142430555555556 0.03805989583333333 0.11644444444444445
3 0.4929817708333333 0.1467013888888889 0.030243055555555558 0.05915277777777778