3 0.03528645833333333 0.43888194444444445 0.03337239583333333 0.11759722222222223
2 0.012300347222222223 0.18513194444444442 0.02084201388888889 0.05441666666666667
1 0.8192534722222222 0.26205555555555554 0.03310763888888889 0.08872222222222223
2 0.7991449652777778 0.40850694444444446 0.029461805555555554 0.11043055555555556
2 0.6399826388888888 0.2971875 0.017669270833333334 0.07243055555555555
2 0.4590451388888889 0.34877083333333336 0.028780381944444447 0.0849375
2 0.45358506944444443 0.28260416666666666 0.019926215277777777 0.07294444444444445
2 0.48243055555555553 0.1866736111111111 0.026102430555555556 0.05995138888888889
2 0.3076128472222222 0.1671875 0.018541666666666665 0.058069444444444444
2 0.17462239583333333 0.22454166666666664 0.016848958333333334 0.05408333333333333
2 0.14739149305555554 0.25469444444444445 0.016484375 0.07153472222222222
2 0.13077690972222222 0.30386111111111114 0.019314236111111112 0.07424305555555555
2 0.11279947916666666 0.40729166666666666 0.021484375 0.08656944444444445
2 0.1534201388888889 0.4233263888888889 0.02595920138888889 0.09802777777777777
2 0.17860677083333332 0.5184097222222223 0.03203125 0.1052013888888889
2 0.4298741319444444 0.7347847222222221 0.06321614583333333 0.17034722222222223