2 0.10072048611111112 0.5299583333333333 0.05503038194444445 0.1367708333333333
2 0.22226562500000002 0.7051527777777777 0.07937065972222222 0.17882638888888888
2 0.22804687499999998 0.403125 0.05027777777777778 0.12756944444444443
2 0.20721354166666667 0.3383333333333333 0.03190538194444445 0.09795833333333334
2 0.34308159722222226 0.5267152777777778 0.035698784722222224 0.15806944444444446
2 0.5764670138888889 0.5637777777777778 0.06639756944444444 0.1455972222222222
2 0.36984809027777776 0.4575416666666667 0.03982638888888889 0.09232638888888887
2 0.4413237847222222 0.4570763888888889 0.04848524305555555 0.122875
2 0.6100390625 0.3263125 0.037447916666666664 0.09829861111111111
2 0.6243619791666667 0.5008194444444444 0.04178819444444445 0.10484027777777778
2 0.8363368055555556 0.5903888888888889 0.057070312500000005 0.1673611111111111
2 0.7347612847222222 0.43000000000000005 0.06346354166666666 0.11684722222222221
2 0.7965451388888889 0.43185416666666665 0.04116753472222222 0.13165972222222222
1 0.9619314236111111 0.39806250000000004 0.05357204861111112 0.14368055555555556
3 0.39386284722222226 0.43740972222222224 0.042708333333333334 0.12611111111111112
2 0.6071484374999999 0.43553472222222217 0.03315972222222222 0.0979236111111111