2 0.09001736111111111 0.6090277777777777 0.03555121527777778 0.10013194444444444
2 0.03934027777777778 0.8003402777777778 0.028819444444444446 0.13672222222222222
3 0.10000434027777777 0.48549305555555555 0.03599826388888889 0.11259722222222221
2 0.22848524305555554 0.46649999999999997 0.030121527777777782 0.1082638888888889
2 0.28802517361111113 0.5728541666666667 0.03355034722222222 0.11670833333333333
2 0.25559027777777776 0.5154097222222223 0.034765624999999994 0.11236111111111112
2 0.39165798611111113 0.5150555555555555 0.0335546875 0.10923611111111112
2 0.37026475694444444 0.43802083333333336 0.028307291666666665 0.09215277777777776
2 0.2743098958333333 0.3489722222222222 0.025651041666666666 0.07986805555555555
2 0.5676996527777778 0.5268263888888889 0.037187500000000005 0.11115972222222222
2 0.6409809027777778 0.5261041666666667 0.027543402777777778 0.10490972222222222
2 0.7018315972222222 0.49606944444444445 0.024583333333333332 0.10251388888888889
2 0.7226822916666666 0.49631250000000005 0.02573784722222222 0.10779861111111111
2 0.8319401041666666 0.5395694444444444 0.04299479166666667 0.08858333333333333
2 0.8079166666666667 0.4592986111111111 0.036996527777777774 0.10105555555555557
2 0.658359375 0.4786458333333333 0.026254340277777777 0.09890277777777777
2 0.6907204861111111 0.4427083333333333 0.02638888888888889 0.09192361111111111
1 0.7619661458333333 0.46265972222222224 0.03521701388888889 0.11740277777777777