2 0.18622829861111112 0.33231249999999996 0.0465234375 0.11925
2 0.2173394097222222 0.3790625 0.03812065972222222 0.10164583333333334
2 0.3294748263888889 0.5438472222222223 0.04822482638888889 0.13676388888888888
2 0.2840407986111111 0.7764375 0.06270399305555556 0.17694444444444446
2 0.7432986111111111 0.6317916666666666 0.06780381944444444 0.14043055555555556
2 0.6742795138888888 0.4922291666666666 0.051323784722222224 0.15298611111111113
2 0.5081727430555555 0.38508333333333333 0.05368055555555556 0.10256944444444444
2 0.4737413194444444 0.3499027777777778 0.04412326388888889 0.09888194444444444
2 0.6679166666666667 0.2992152777777778 0.03317708333333333 0.0947361111111111
2 0.72203125 0.32791666666666663 0.03915798611111111 0.10768055555555556
2 0.8817708333333333 0.43645833333333334 0.06111545138888889 0.13680555555555557
2 0.9526692708333333 0.40613888888888894 0.043155381944444446 0.11413194444444444
3 0.5967230902777777 0.42904861111111114 0.05713107638888889 0.1460625