3 0.1162109375 0.3745972222222222 0.024618055555555556 0.10220138888888888
1 0.7693793402777778 0.2836944444444444 0.02699652777777778 0.09815277777777778
2 0.21575954861111113 0.4028194444444444 0.03324652777777778 0.10198611111111112
2 0.26171875 0.4525208333333333 0.03603732638888889 0.11347916666666666
2 0.4252690972222222 0.6802430555555555 0.038519965277777776 0.15032638888888888
0 0.43640190972222226 0.6708402777777778 0.0125390625 0.029083333333333336
2 0.4545355902777778 0.6639999999999999 0.03860243055555555 0.1282222222222222
2 0.46074652777777775 0.5009444444444444 0.0324609375 0.11682638888888888
2 0.40958767361111115 0.5347777777777778 0.03312934027777778 0.11918055555555555
2 0.38171006944444447 0.5252083333333333 0.030264756944444447 0.11340277777777778
2 0.40865885416666664 0.41508333333333336 0.02386284722222222 0.0988263888888889
2 0.3859461805555556 0.3807291666666667 0.018198784722222222 0.09582638888888889
2 0.37411458333333336 0.36993750000000003 0.019965277777777776 0.0898888888888889
2 0.34843749999999996 0.3721319444444445 0.01814670138888889 0.09635416666666667
2 0.3578559027777778 0.36822222222222223 0.018077256944444443 0.08749305555555555
2 0.3292100694444444 0.3854791666666667 0.02271701388888889 0.06881944444444445
2 0.31408854166666667 0.35106944444444443 0.021158854166666668 0.09177777777777778
2 0.28723524305555553 0.3427777777777778 0.01177951388888889 0.09501388888888888
2 0.29388454861111113 0.3569583333333333 0.0146484375 0.10251388888888889
2 0.3022265625 0.3754652777777778 0.015685763888888888 0.09468055555555556
2 0.2921918402777778 0.364 0.01907986111111111 0.08843055555555555