2 0.2951215277777778 0.8634583333333334 0.04365885416666667 0.15099305555555556
2 0.6716059027777779 0.7088194444444444 0.050095486111111115 0.11948611111111111
2 0.7318619791666667 0.6067152777777778 0.03337673611111111 0.09860416666666667
2 0.6276171875 0.3475625 0.03156684027777778 0.05669444444444444
2 0.5591623263888889 0.3183958333333333 0.02920572916666667 0.060020833333333336
2 0.7377517361111111 0.4934791666666667 0.03708333333333333 0.08168055555555556
2 0.78484375 0.5180208333333334 0.03987847222222222 0.09670833333333333
2 0.4079513888888889 0.5672361111111112 0.04728298611111111 0.10299305555555556
2 0.34772569444444446 0.5859027777777778 0.03950954861111111 0.10627083333333333
2 0.3021310763888889 0.5316805555555556 0.03720486111111111 0.07794444444444444
2 0.26860677083333334 0.41925694444444445 0.03901909722222222 0.0634375
2 0.17244791666666667 0.3739513888888889 0.026979166666666665 0.07498611111111111
2 0.2571267361111111 0.5020625 0.028580729166666666 0.06879166666666667
2 0.2475043402777778 0.5739097222222221 0.026970486111111112 0.09199305555555555
3 0.5118836805555556 0.5146527777777778 0.038563368055555554 0.07994444444444444