2 0.6979383680555555 0.5763611111111111 0.05260416666666667 0.13065972222222222
0 0.6802430555555555 0.4935763888888889 0.01965277777777778 0.043215277777777776
1 0.9850781249999999 0.27829166666666666 0.029843750000000002 0.10298611111111113
2 0.6581293402777777 0.2781041666666667 0.029149305555555553 0.09088194444444445
2 0.44483940972222225 0.4091666666666667 0.03355902777777778 0.10490972222222222
2 0.42072916666666665 0.5072986111111111 0.03295572916666667 0.11168750000000001
2 0.36506510416666665 0.4101388888888889 0.038836805555555555 0.11077083333333333
2 0.28662326388888887 0.38631944444444444 0.028467881944444447 0.08656944444444445
2 0.2465842013888889 0.4239097222222222 0.026527777777777775 0.10509722222222223
2 0.25707899305555554 0.6816527777777778 0.06217013888888889 0.14197222222222222
2 0.09153211805555556 0.2601041666666667 0.03142361111111111 0.08223611111111111
2 0.18101128472222222 0.2162638888888889 0.02723958333333333 0.07464583333333333