3 0.16148871527777778 0.3381736111111111 0.024583333333333332 0.07060416666666666
3 0.5693315972222223 0.38700694444444445 0.02078559027777778 0.07872916666666667
0 0.31731336805555554 0.42550000000000004 0.0137890625 0.027395833333333335
2 0.8791059027777778 0.41887499999999994 0.012135416666666668 0.08765972222222222
2 0.8847439236111111 0.4362430555555556 0.024244791666666668 0.09031944444444445
2 0.8682465277777778 0.42161805555555554 0.02049045138888889 0.0811111111111111
2 0.695234375 0.5218263888888889 0.03200520833333333 0.10510416666666667
2 0.6138671874999999 0.40370833333333334 0.01963541666666667 0.08806944444444444
2 0.5799522569444444 0.41907638888888893 0.02029947916666667 0.08405555555555556
2 0.5058116319444445 0.5271666666666667 0.02239149305555556 0.10509722222222223
2 0.4740711805555555 0.37849999999999995 0.020720486111111113 0.08309027777777778
2 0.38326388888888885 0.4187152777777778 0.030412326388888886 0.07531944444444444
2 0.32875868055555557 0.3812361111111111 0.02163628472222222 0.07654166666666666
2 0.29200086805555553 0.4546805555555556 0.024140625 0.09377777777777777
2 0.23853732638888892 0.4002777777777778 0.02497829861111111 0.07720138888888889
2 0.3277951388888889 0.330875 0.016514756944444445 0.06190972222222223
2 0.03163628472222222 0.6264305555555555 0.03962673611111111 0.12458333333333334