2 0.8124869791666667 0.5345 0.023359375 0.11916666666666666
2 0.7166536458333334 0.5155000000000001 0.025 0.10767361111111112
1 0.7381944444444444 0.4645972222222222 0.031341145833333334 0.11342361111111111
2 0.6292404513888888 0.5418263888888889 0.024522569444444444 0.11158333333333334
2 0.6405859375 0.5150486111111111 0.029101562499999997 0.09647916666666667
2 0.6600130208333334 0.48412499999999997 0.026323784722222222 0.10678472222222223
2 0.5944661458333333 0.47830555555555554 0.027782118055555558 0.09956944444444445
2 0.6093793402777777 0.44836805555555553 0.024470486111111113 0.08166666666666667
2 0.6249826388888889 0.47594444444444445 0.019778645833333334 0.059500000000000004
2 0.5440842013888889 0.5022777777777777 0.01953125 0.06577083333333333
2 0.5695616319444444 0.4627291666666667 0.030447048611111114 0.08829861111111112
2 0.5803515625000001 0.5719791666666667 0.029435763888888886 0.10191666666666666
2 0.5382595486111111 0.5876666666666667 0.03216145833333333 0.11914583333333333
2 0.4709678819444444 0.5801597222222222 0.021046006944444445 0.12211805555555555
2 0.49356770833333335 0.5670138888888889 0.024817708333333334 0.12013194444444444
2 0.505234375 0.5311111111111111 0.019157986111111112 0.08587499999999999
2 0.33209201388888887 0.48143749999999996 0.027734375 0.11024999999999999
2 0.16433159722222224 0.33992361111111113 0.029123263888888886 0.06802777777777777
0 0.22211805555555555 0.3642222222222222 0.010768229166666666 0.01942361111111111
3 0.1397048611111111 0.5265833333333333 0.02681423611111111 0.11659027777777776