2 0.22640625 0.5471458333333333 0.04447916666666667 0.10771527777777778
2 0.29311631944444444 0.38980555555555557 0.028867187500000002 0.07838888888888888
2 0.3592447916666667 0.43452083333333336 0.025538194444444447 0.09452777777777778
1 0.08296875 0.32222222222222224 0.02998263888888889 0.0751388888888889
2 0.4964105902777778 0.3345416666666667 0.02504340277777778 0.07631944444444445
2 0.673728298611111 0.7343194444444445 0.042543402777777774 0.1400625
2 0.5647352430555556 0.3166527777777778 0.02611111111111111 0.05813194444444444
2 0.7009288194444445 0.5069444444444444 0.03648871527777778 0.11624305555555554
2 0.7513411458333333 0.3867291666666667 0.032873263888888886 0.07515972222222222
2 0.8095920138888889 0.7725833333333333 0.05409722222222222 0.1550277777777778
2 0.8052170138888889 0.5698333333333333 0.04168402777777778 0.11010416666666667
2 0.858337673611111 0.5515069444444444 0.037994791666666666 0.11156944444444444
2 0.9043489583333333 0.37075 0.03290798611111111 0.0813125
2 0.9763411458333332 0.33234027777777775 0.026649305555555555 0.08071527777777777
3 0.9609505208333334 0.4354027777777778 0.032517361111111115 0.09042361111111112
2 0.5988237847222222 0.30069444444444443 0.023055555555555555 0.06838888888888889
3 0.6217925347222222 0.2412638888888889 0.02051215277777778 0.05571527777777778