0 0.2515625 0.3 0.025 0.0203125
0 0.778125 0.4421875 0.01875 0.015625
2 0.104640625 0.394578125 0.07196875 0.138125
2 0.388078125 0.5647656249999999 0.158953125 0.25973437499999996
2 0.088546875 0.620796875 0.091140625 0.319734375
2 0.283109375 0.64890625 0.1625625 0.308234375
2 0.28584375 0.482859375 0.079359375 0.09334375
2 0.72821875 0.5383281249999999 0.12689062499999998 0.206875
2 0.8009999999999999 0.6125625 0.187921875 0.261578125
2 0.908578125 0.5879375 0.14528125 0.29304687500000004
2 0.8468125000000001 0.550328125 0.076453125 0.21525
3 0.81328125 0.3923125 0.0426875 0.11796875
3 0.1526875 0.39387500000000003 0.051390625 0.1315