2 0.9808125000000001 0.6633888888888889 0.03838020833333333 0.15374074074074073
2 0.906765625 0.3903240740740741 0.028072916666666666 0.12419444444444444
2 0.7310677083333333 0.42045370370370366 0.03490104166666667 0.11023148148148147
2 0.5284895833333334 0.29097222222222224 0.025546875 0.09026851851851851
2 0.49521354166666665 0.30506481481481484 0.02663541666666667 0.08581481481481482
2 0.4509166666666667 0.28702777777777777 0.022385416666666665 0.10762962962962963
3 0.5068177083333334 0.4162222222222222 0.026463541666666666 0.1092037037037037
2 0.5210104166666667 0.4849351851851852 0.028130208333333333 0.1189537037037037
2 0.41855729166666666 0.48663888888888895 0.04283333333333333 0.12385185185185184
2 0.3293802083333333 0.36336111111111113 0.02480729166666667 0.08957407407407407
2 0.311765625 0.3180925925925926 0.027984375 0.1029537037037037
3 0.26342187499999997 0.2768333333333334 0.03066666666666667 0.09168518518518518
2 0.019817708333333333 0.40802777777777777 0.026109375 0.10764814814814816
2 0.14258854166666665 0.510425925925926 0.030322916666666665 0.10462037037037036
2 0.13382291666666665 0.4455 0.024484375 0.11578703703703704
2 0.18754687499999997 0.5548703703703703 0.032567708333333334 0.12374074074074073
2 0.17564062500000002 0.6509351851851852 0.043828125 0.1466388888888889
2 0.46153645833333334 0.7475462962962963 0.03567708333333333 0.15760185185185185