3 0.3375833333333333 0.891425925925926 0.03474479166666666 0.13627777777777778
3 0.7178489583333333 0.4553981481481481 0.019979166666666666 0.0709537037037037
2 0.9073385416666666 0.5295833333333334 0.024307291666666668 0.07025925925925926
2 0.9830520833333334 0.66825 0.033901041666666666 0.09226851851851853
2 0.8457864583333333 0.4450462962962963 0.019838541666666668 0.06372222222222222
2 0.8119583333333333 0.4041018518518519 0.015520833333333334 0.05478703703703704
2 0.65478125 0.48167592592592595 0.020958333333333336 0.0695925925925926
2 0.6926041666666667 0.5368333333333333 0.023453125000000002 0.0776111111111111
2 0.5983020833333333 0.48155555555555557 0.027526041666666667 0.07251851851851851
2 0.6087343749999999 0.4030185185185185 0.017177083333333332 0.051037037037037034
2 0.63984375 0.40472222222222226 0.017838541666666666 0.05840740740740741
2 0.49326562500000004 0.41153703703703703 0.017713541666666666 0.05935185185185184
2 0.503765625 0.35383333333333333 0.014182291666666668 0.05018518518518519
2 0.45109375 0.4572685185185185 0.021234375000000003 0.0627962962962963
2 0.4704947916666667 0.5306759259259259 0.021229166666666667 0.07560185185185185
2 0.500265625 0.508712962962963 0.020562499999999997 0.07450925925925926
2 0.552359375 0.622175925925926 0.032864583333333336 0.10002777777777778
0 0.3487604166666667 0.5105462962962963 0.012812500000000001 0.029
2 0.3344479166666667 0.47989814814814813 0.026104166666666664 0.06999999999999999
3 0.22932291666666668 0.3397962962962963 0.017010416666666663 0.0514537037037037
2 0.16627604166666668 0.4453981481481481 0.024270833333333335 0.09139814814814815
2 0.07622916666666667 0.5582777777777779 0.022135416666666668 0.08878703703703704
2 0.3145833333333333 0.735962962962963 0.041296875000000004 0.11037962962962962
2 0.7584322916666667 0.7569074074074075 0.06260416666666667 0.13280555555555557