1 0.78578125 0.47008333333333335 0.027723958333333333 0.11646296296296296
2 0.7638385416666666 0.4458796296296296 0.021812500000000002 0.0912037037037037
2 0.7548385416666666 0.5044444444444444 0.02333333333333333 0.10514814814814814
2 0.7208229166666666 0.4863240740740741 0.020401041666666668 0.10361111111111111
2 0.6828593749999999 0.4638611111111111 0.021489583333333333 0.09533333333333333
2 0.6949791666666666 0.4438611111111111 0.02023958333333333 0.10064814814814815
2 0.645078125 0.4867037037037037 0.025125 0.10824074074074075
2 0.6182760416666666 0.5083055555555556 0.012854166666666667 0.10111111111111111
2 0.6243541666666667 0.4964074074074074 0.012817708333333334 0.09725
2 0.6127552083333333 0.49725925925925923 0.017302083333333333 0.1030462962962963
2 0.5893854166666667 0.5161481481481482 0.021333333333333333 0.10274074074074073
2 0.596390625 0.49359259259259264 0.015234375 0.11037037037037037
2 0.5937552083333333 0.49930555555555556 0.015234375 0.09425925925925925
2 0.57165625 0.5110555555555556 0.014880208333333334 0.10310185185185185
2 0.5809322916666667 0.4945648148148148 0.015302083333333332 0.1210925925925926
2 0.5794166666666667 0.5027037037037037 0.016229166666666666 0.10105555555555555
3 0.3406875 0.4907222222222222 0.01971875 0.10580555555555556
2 0.34375520833333334 0.4794814814814815 0.012005208333333333 0.08331481481481481
2 0.11292708333333333 0.5053703703703704 0.03183854166666667 0.12474074074074074