0 0.6827135416666666 0.4035462962962963 0.014848958333333334 0.023342592592592592
1 0.7566458333333334 0.4346203703703704 0.024401041666666668 0.11924074074074074
2 0.1704635416666667 0.32982407407407405 0.033755208333333335 0.0950462962962963
2 0.14630208333333333 0.5845277777777778 0.03578125 0.13222222222222224
2 0.2716822916666667 0.4191851851851852 0.031328125 0.10400925925925926
2 0.47533854166666667 0.44975000000000004 0.02109375 0.10672222222222223
2 0.49450000000000005 0.3548148148148148 0.019901041666666668 0.0824537037037037
2 0.5728177083333333 0.36212037037037037 0.027869791666666664 0.08033333333333334
2 0.5442135416666667 0.4935277777777778 0.030880208333333332 0.11732407407407407
2 0.5183229166666666 0.3696759259259259 0.021437499999999998 0.09376851851851851
2 0.5900885416666667 0.4778888888888889 0.029473958333333335 0.11112962962962962
2 0.6246979166666667 0.4482777777777778 0.022479166666666665 0.09539814814814815
2 0.6491770833333333 0.5332592592592592 0.0196875 0.11816666666666667
2 0.6802760416666668 0.5109166666666667 0.024442708333333334 0.1155462962962963
2 0.749203125 0.587212962962963 0.033427083333333336 0.11733333333333333
2 0.7872604166666667 0.5497037037037037 0.030645833333333334 0.11994444444444444
3 0.14945833333333333 0.4283148148148148 0.04116145833333333 0.11569444444444445