2 0.3633385416666667 0.6569814814814815 0.061171875 0.14934259259259258
2 0.19463020833333333 0.7513518518518519 0.057078125 0.13748148148148148
2 0.06772916666666666 0.5013981481481481 0.04460416666666667 0.12523148148148147
2 0.6792083333333333 0.6896388888888888 0.06269791666666666 0.1436759259259259
2 0.7438854166666666 0.6222685185185185 0.051421875 0.12621296296296297
2 0.7867135416666666 0.7402962962962962 0.06416666666666666 0.15549074074074073
2 0.6462135416666667 0.4396851851851852 0.052270833333333336 0.11908333333333335
2 0.3585625 0.39005555555555554 0.042942708333333336 0.11344444444444444
2 0.433515625 0.3352777777777778 0.050484375000000005 0.12014814814814814
2 0.29012499999999997 0.5744351851851852 0.064046875 0.13549074074074074
2 0.21401562500000001 0.3234537037037037 0.043770833333333335 0.10266666666666666
0 0.6504270833333333 0.4891759259259259 0.014947916666666667 0.03036111111111111
3 0.3171875 0.5144074074074073 0.03931770833333333 0.12835185185185186