2 0.06715625 0.7888981481481482 0.06775520833333333 0.16318518518518518
2 0.03009375 0.924962962962963 0.0601875 0.15008333333333335
2 0.1428229166666667 0.6634351851851852 0.06389583333333333 0.14947222222222223
2 0.16698437500000002 0.5240555555555556 0.041609375 0.13810185185185186
2 0.31818749999999996 0.6796388888888889 0.04996354166666667 0.18187962962962964
2 0.4679479166666667 0.4733981481481481 0.043848958333333334 0.1375648148148148
2 0.5780572916666666 0.514287037037037 0.07189583333333333 0.14529629629629628
2 0.6589427083333333 0.4001018518518519 0.047276041666666664 0.10822222222222222
2 0.42926041666666664 0.3275092592592592 0.027421875 0.09114814814814814
2 0.43806770833333336 0.3773333333333333 0.03348958333333333 0.10086111111111112
2 0.711828125 0.6594814814814814 0.058208333333333334 0.13496296296296295
2 0.84771875 0.5243333333333333 0.03264583333333333 0.12028703703703704
2 0.8354427083333333 0.6878796296296296 0.05424479166666667 0.13810185185185186
3 0.18868229166666667 0.49926851851851856 0.040005208333333334 0.13605555555555554
1 0.9605260416666667 0.3693240740740741 0.03490104166666667 0.11575
0 0.8163802083333334 0.7245833333333332 0.021036458333333334 0.03641666666666667
2 0.9015520833333334 0.4753055555555556 0.038578125 0.07535185185185185