2 0.5046979166666666 0.523537037037037 0.04326041666666667 0.12678703703703703
0 0.5356666666666666 0.5667314814814816 0.022145833333333333 0.04188888888888889
3 0.3226822916666666 0.5322592592592593 0.04408854166666667 0.12522222222222223
3 0.27666666666666667 0.22882407407407407 0.03539583333333333 0.06773148148148149
2 0.5414583333333333 0.35097222222222224 0.03719791666666667 0.0805462962962963
2 0.7006197916666667 0.4731111111111111 0.04649479166666667 0.1303888888888889
2 0.759078125 0.3316851851851852 0.04188020833333333 0.10677777777777778
2 0.8781614583333333 0.655175925925926 0.056088541666666665 0.17969444444444443
2 0.961359375 0.7078888888888889 0.050609375 0.17710185185185187
2 0.7081354166666666 0.8395833333333333 0.08083333333333333 0.15827777777777777
2 0.6239270833333334 0.7716944444444443 0.05480729166666667 0.15208333333333332
2 0.59296875 0.644888888888889 0.03605208333333333 0.13443518518518519
2 0.6430260416666667 0.614574074074074 0.06522395833333333 0.12990740740740742
2 0.4491354166666667 0.612 0.05021875 0.14122222222222222
2 0.346984375 0.709212962962963 0.07397395833333334 0.16902777777777778
2 0.20055208333333333 0.4870277777777778 0.040442708333333334 0.11339814814814815
2 0.20200520833333335 0.37334259259259256 0.04927083333333333 0.10985185185185185
2 0.166703125 0.48391666666666666 0.04115625 0.1272962962962963
2 0.065703125 0.5700555555555555 0.04402604166666667 0.14835185185185185
2 0.02965625 0.7220648148148149 0.05931770833333334 0.18035185185185185