3 0.26328125 0.36174074074074075 0.021437499999999998 0.06027777777777777
3 0.5064375 0.46499999999999997 0.02314583333333333 0.08076851851851852
3 0.6458697916666666 0.8938888888888888 0.04497395833333333 0.1294074074074074
2 0.8240208333333333 0.6877407407407408 0.03249479166666667 0.11624999999999999
2 0.8022291666666667 0.5532777777777778 0.017354166666666667 0.09476851851851852
2 0.76840625 0.49039814814814814 0.021125 0.07101851851851852
2 0.7815416666666667 0.43986111111111115 0.017671875 0.06012037037037038
2 0.711859375 0.5025185185185186 0.01584375 0.07269444444444445
2 0.7031822916666666 0.5713703703703704 0.019489583333333334 0.09414814814814816
2 0.58103125 0.5582407407407407 0.021317708333333334 0.07071296296296296
2 0.5654322916666668 0.4348888888888889 0.013901041666666667 0.05723148148148148
2 0.53309375 0.4978333333333333 0.019770833333333335 0.07178703703703704
0 0.5264947916666667 0.5295740740740741 0.008557291666666666 0.01900925925925926
2 0.5035729166666667 0.5261111111111112 0.018588541666666666 0.06141666666666667
2 0.48988020833333334 0.44425000000000003 0.014593749999999999 0.05480555555555555
2 0.5008177083333334 0.39041666666666663 0.014270833333333333 0.054953703703703706
2 0.523109375 0.41832407407407407 0.013677083333333334 0.05862037037037037
2 0.5201614583333334 0.4673148148148148 0.012927083333333334 0.0502037037037037
2 0.35458854166666665 0.5334722222222222 0.021046875 0.07472222222222223
2 0.347890625 0.4945185185185186 0.014390624999999999 0.07502777777777778
2 0.17040625 0.4699259259259259 0.025046875000000003 0.07671296296296296
2 0.142640625 0.5286666666666667 0.02471354166666667 0.08046296296296297
2 0.296203125 0.7126111111111111 0.030369791666666666 0.10194444444444443
2 0.5447135416666666 0.7725833333333333 0.024390625 0.12383333333333334