2 0.2106875 0.59475 0.035380208333333336 0.11748148148148148
2 0.24584375 0.5590277777777778 0.038406249999999996 0.12371296296296297
2 0.34061979166666667 0.5029444444444444 0.024416666666666666 0.11597222222222223
2 0.362609375 0.5245648148148148 0.035770833333333335 0.11238888888888889
2 0.5520208333333334 0.6289537037037037 0.046171875 0.13341666666666668
2 0.4604270833333333 0.4355740740740741 0.027916666666666666 0.10468518518518519
2 0.5139635416666667 0.49446296296296294 0.03777083333333333 0.10825925925925926
2 0.872515625 0.4537962962962963 0.029171875 0.11953703703703702
2 0.940375 0.6037222222222222 0.034687499999999996 0.15085185185185185
2 0.5419270833333333 0.39742592592592596 0.0305625 0.08817592592592594
2 0.587953125 0.41537962962962965 0.022593750000000003 0.07147222222222221
2 0.6359739583333333 0.42687037037037034 0.026473958333333332 0.09337962962962962
2 0.641171875 0.35167592592592595 0.023854166666666666 0.06962962962962964
2 0.6160520833333333 0.39693518518518517 0.027640625 0.06653703703703703
2 0.5921822916666667 0.37636111111111115 0.019567708333333333 0.06496296296296296
3 0.6082135416666666 0.3378888888888889 0.024291666666666666 0.06197222222222223
3 0.7333229166666667 0.45788888888888885 0.04582291666666667 0.11317592592592593
1 0.07912499999999999 0.4753055555555556 0.04258854166666667 0.11415740740740742