3 0.7956510416666667 0.5100648148148148 0.035380208333333336 0.13904629629629628
3 0.569984375 0.2755462962962963 0.026838541666666667 0.10772222222222222
2 0.7537343750000001 0.3765 0.026260416666666668 0.09876851851851852
2 0.7731979166666666 0.35837962962962966 0.024046875000000002 0.11127777777777778
2 0.6294427083333333 0.5750185185185185 0.031088541666666667 0.13540740740740742
2 0.548171875 0.5427037037037037 0.032515625 0.13649074074074075
2 0.45652604166666666 0.5635277777777777 0.020942708333333334 0.14315740740740743
2 0.43569270833333335 0.5545185185185185 0.023989583333333335 0.11878703703703702
2 0.42803125000000003 0.5370370370370371 0.025963541666666666 0.1240925925925926
2 0.39234375 0.539888888888889 0.025536458333333335 0.12450000000000001
2 0.3746041666666667 0.5294444444444444 0.020473958333333334 0.13012037037037036
2 0.360328125 0.5415277777777778 0.027098958333333333 0.13308333333333333
2 0.334546875 0.5379259259259259 0.023828125 0.13436111111111113
2 0.30446354166666667 0.4912870370370371 0.022692708333333332 0.10997222222222222
2 0.31877083333333334 0.46129629629629626 0.025067708333333334 0.13267592592592592
2 0.28478125 0.5749259259259258 0.035796875 0.13098148148148148
2 0.237796875 0.49860185185185185 0.028880208333333334 0.1309722222222222
2 0.5241354166666666 0.3282962962962963 0.019619791666666667 0.0860925925925926
2 0.547234375 0.31269444444444444 0.01990625 0.0824537037037037
2 0.5387395833333334 0.285462962962963 0.013052083333333332 0.08946296296296297
1 0.123375 0.4726574074074074 0.038572916666666665 0.14224074074074075