3 0.15653645833333335 0.9256944444444445 0.06154166666666667 0.14862037037037037
3 0.24871875000000002 0.1891388888888889 0.03891666666666667 0.07716666666666668
3 0.8505208333333333 0.38723148148148145 0.038546875 0.11381481481481481
2 0.85984375 0.47800000000000004 0.036515625 0.12383333333333334
2 0.9373177083333334 0.38065740740740744 0.028963541666666665 0.11675925925925926
2 0.9849427083333333 0.32102777777777775 0.02334375 0.09380555555555556
2 0.7719583333333334 0.359787037037037 0.02325 0.10656481481481482
2 0.7063489583333333 0.4194537037037037 0.026520833333333334 0.11466666666666667
2 0.7157291666666666 0.6073333333333333 0.03314583333333333 0.11350925925925927
2 0.7675208333333334 0.7925185185185185 0.03305729166666667 0.15346296296296297
2 0.6560572916666667 0.5486388888888889 0.04082291666666667 0.13061111111111112
2 0.569484375 0.40270370370370373 0.03018229166666667 0.10108333333333333
2 0.5203593750000001 0.2937037037037037 0.027197916666666665 0.10225000000000001
2 0.3195729166666667 0.2578518518518519 0.025348958333333334 0.07703703703703704
2 0.21090104166666668 0.3267314814814815 0.049901041666666666 0.10521296296296295
0 0.2271041666666667 0.3581944444444445 0.015994791666666668 0.03033333333333333
2 0.14725520833333333 0.5329444444444444 0.04029166666666666 0.13907407407407407