2 0.25290104166666666 0.3087314814814815 0.033703124999999994 0.07137962962962963
2 0.3103697916666667 0.36733333333333335 0.04099479166666666 0.09906481481481481
2 0.382625 0.3697962962962963 0.04834895833333333 0.104
2 0.265578125 0.6714166666666667 0.049093750000000005 0.1428425925925926
2 0.14928645833333334 0.5393055555555556 0.05389583333333334 0.14363888888888887
2 0.03753645833333333 0.5235648148148149 0.04219791666666666 0.10598148148148148
2 0.42753125000000003 0.31124999999999997 0.02705208333333333 0.0795
2 0.46555208333333337 0.278537037037037 0.02138020833333333 0.09225925925925926
2 0.487515625 0.29221296296296295 0.02745833333333333 0.11099074074074075
2 0.5782552083333333 0.5452222222222223 0.038572916666666665 0.11534259259259258
2 0.6737447916666667 0.45422222222222225 0.04205208333333333 0.10308333333333333
3 0.58265625 0.43363888888888885 0.033484375000000004 0.11131481481481481
2 0.5864739583333333 0.36969444444444444 0.020286458333333333 0.048231481481481486
2 0.6070781249999999 0.3983518518518519 0.029083333333333336 0.10287037037037036
2 0.8392552083333332 0.4659444444444445 0.025854166666666668 0.08950925925925926
2 0.857890625 0.522638888888889 0.036734375 0.10124999999999999
2 0.76434375 0.659537037037037 0.047901041666666665 0.14025925925925925
2 0.9661145833333333 0.7501296296296296 0.06776562500000001 0.127
3 0.07286458333333333 0.29262962962962963 0.03820833333333333 0.11015740740740741