2 0.42744270833333337 0.7071203703703705 0.051057291666666664 0.16424074074074074
2 0.5854427083333333 0.6670092592592592 0.038364583333333334 0.1354537037037037
2 0.8551354166666666 0.5803425925925926 0.04302604166666667 0.1442314814814815
2 0.8247291666666666 0.4690462962962963 0.03625520833333333 0.1012962962962963
2 0.7188489583333334 0.4270185185185185 0.036661458333333334 0.05266666666666667
2 0.7440416666666666 0.39917592592592593 0.03429166666666667 0.08136111111111112
2 0.6578906250000001 0.41011111111111115 0.04020833333333333 0.08941666666666666
2 0.590984375 0.49899999999999994 0.038598958333333336 0.11972222222222223
2 0.6041093750000001 0.4232685185185185 0.0253125 0.0777037037037037
2 0.46331770833333336 0.5135833333333333 0.036000000000000004 0.10973148148148149
2 0.416390625 0.47961111111111115 0.03676041666666666 0.10167592592592593
2 0.36097395833333334 0.5360462962962963 0.029619791666666666 0.10396296296296297
2 0.3732916666666667 0.47759259259259257 0.03480729166666666 0.08037037037037037
1 0.516828125 0.42592592592592593 0.03319791666666667 0.12586111111111112
3 0.8899166666666667 0.27825 0.02792708333333333 0.1007962962962963
3 0.75271875 0.5798888888888889 0.03715625 0.13489814814814816
2 0.13584374999999999 0.5818518518518518 0.053859375 0.14431481481481484
2 0.09034895833333333 0.6077592592592592 0.04359375 0.09021296296296297