3 0.474671875 0.4877592592592592 0.026890625 0.12037037037037036
2 0.9830833333333333 0.4863611111111111 0.033838541666666666 0.10823148148148148
2 0.9104114583333334 0.5380370370370371 0.047901041666666665 0.1368425925925926
2 0.9067760416666667 0.718462962962963 0.03625520833333333 0.1442314814814815
2 0.8375416666666666 0.5445555555555556 0.035296875 0.10627777777777778
2 0.8018072916666666 0.3978148148148148 0.031276041666666664 0.10553703703703704
2 0.7613072916666667 0.42358333333333337 0.02471875 0.11501851851851852
2 0.40422395833333336 0.7827314814814815 0.04452604166666666 0.14352777777777778
2 0.5060729166666667 0.65825 0.039760416666666666 0.12189814814814816
2 0.58090625 0.7609814814814815 0.038786458333333336 0.14674074074074073
2 0.5187291666666667 0.4943518518518518 0.027411458333333336 0.11487037037037037
2 0.30850520833333334 0.4745092592592593 0.026500000000000003 0.10476851851851852
2 0.157796875 0.649287037037037 0.03777604166666667 0.13667592592592595
2 0.05051041666666667 0.3771851851851852 0.025520833333333333 0.08918518518518517