1 0.7672916666666667 0.4418148148148148 0.04940625 0.16082407407407406
2 0.7962604166666666 0.5226296296296297 0.032213541666666665 0.11773148148148149
2 0.5012291666666667 0.4293148148148148 0.025953125 0.11337037037037037
2 0.547703125 0.4620925925925926 0.033015625 0.09722222222222222
2 0.5526197916666666 0.3789074074074074 0.0324375 0.07591666666666666
2 0.5894270833333334 0.4632222222222222 0.036609375000000006 0.06862037037037037
2 0.6036614583333333 0.42150000000000004 0.030359375 0.09937962962962962
2 0.5725 0.4975833333333333 0.024166666666666666 0.11185185185185186
2 0.5525885416666667 0.5606481481481481 0.06583333333333334 0.13717592592592592
2 0.45721875 0.34762037037037036 0.03434375 0.06274074074074075
2 0.39576041666666667 0.5132777777777778 0.029479166666666667 0.1100925925925926
2 0.4286302083333334 0.5138425925925927 0.03966666666666666 0.14517592592592593
2 0.4506197916666667 0.42371296296296296 0.021609375 0.08507407407407407
2 0.47434895833333335 0.43701851851851853 0.026010416666666664 0.10456481481481482
2 0.47825520833333335 0.5681666666666667 0.033015625 0.10567592592592592
2 0.26198958333333333 0.49522222222222223 0.041453125 0.1264537037037037
2 0.21083333333333334 0.28661111111111115 0.036359375 0.08268518518518518
2 0.19167708333333333 0.5309259259259259 0.043187500000000004 0.11760185185185186
2 0.12107291666666667 0.6629259259259259 0.03809375 0.1828611111111111
0 0.31178645833333335 0.6552129629629629 0.04556770833333333 0.06988888888888889
3 0.06757291666666668 0.5432222222222222 0.07102083333333334 0.13911111111111113