3 0.6080156250000001 0.8845555555555557 0.05226041666666667 0.13537037037037036
3 0.2692864583333333 0.35200000000000004 0.02584375 0.061
2 0.531734375 0.49462037037037043 0.017432291666666665 0.07831481481481481
3 0.5410208333333333 0.4654074074074074 0.017229166666666667 0.0625
2 0.1206875 0.5248055555555555 0.0359375 0.09179629629629629
2 0.167859375 0.46746296296296297 0.033052083333333336 0.10364814814814814
2 0.314578125 0.7158703703703704 0.038296875 0.12514814814814815
2 0.5437708333333333 0.7672962962962963 0.041828125 0.11073148148148149
2 0.35715625 0.5264814814814816 0.024864583333333336 0.07732407407407407
2 0.34570833333333334 0.48518518518518516 0.020171875 0.07562037037037037
2 0.59834375 0.5631296296296295 0.029859375 0.07559259259259259
2 0.7093541666666667 0.49560185185185185 0.025197916666666667 0.07733333333333332
2 0.7239687499999999 0.5649814814814814 0.02499479166666667 0.08689814814814814
2 0.8058854166666667 0.5365462962962964 0.03159375 0.08493518518518518
2 0.778171875 0.48040740740740745 0.02218229166666667 0.07048148148148149
2 0.79403125 0.43237037037037035 0.022463541666666666 0.06853703703703704
2 0.8333333333333334 0.6727962962962963 0.033229166666666664 0.10814814814814815
2 0.5206302083333333 0.5381296296296296 0.024187499999999997 0.07560185185185185
2 0.5733802083333334 0.42894444444444446 0.021307291666666665 0.05873148148148148
2 0.48980729166666664 0.44033333333333335 0.019630208333333333 0.06828703703703703
2 0.522765625 0.42062037037037037 0.013734375 0.06380555555555555
2 0.5155989583333334 0.38151851851851853 0.019911458333333333 0.05360185185185185