1 0.321921875 0.4362407407407407 0.034270833333333334 0.14758333333333332
3 0.7496875000000001 0.2788425925925926 0.034942708333333336 0.09330555555555556
2 0.70028125 0.6271666666666667 0.037682291666666666 0.17521296296296296
2 0.7446875 0.3951388888888889 0.024942708333333334 0.12936111111111112
2 0.6213333333333334 0.4593333333333333 0.025052083333333332 0.1252037037037037
2 0.59209375 0.5876111111111111 0.04755729166666667 0.17378703703703705
2 0.54325 0.5165185185185186 0.031421875 0.1191111111111111
2 0.5353958333333334 0.45405555555555555 0.03015625 0.0985462962962963
2 0.54609375 0.4172962962962963 0.025364583333333336 0.12457407407407407
2 0.36614583333333334 0.5291666666666667 0.027640625 0.14601851851851852
2 0.3851510416666667 0.45525 0.03584895833333333 0.12182407407407407
2 0.4219947916666667 0.45084259259259263 0.022833333333333334 0.11781481481481482
2 0.40903645833333335 0.42612037037037037 0.03575 0.12617592592592594
2 0.4314791666666667 0.3856759259259259 0.021927083333333333 0.10950925925925925
2 0.4160833333333333 0.3596666666666667 0.0209375 0.10887962962962963