3 0.23409375 0.18197222222222223 0.034276041666666666 0.06476851851851852
3 0.14748958333333334 0.9374444444444445 0.05377604166666667 0.12510185185185185
3 0.8480833333333333 0.35935185185185187 0.04523958333333333 0.0985462962962963
2 0.7550520833333334 0.27487962962962964 0.027583333333333335 0.09626851851851852
2 0.47058854166666664 0.2828055555555556 0.029833333333333333 0.09359259259259259
2 0.514859375 0.3632685185185185 0.024625 0.09401851851851853
2 0.7125208333333333 0.3221111111111111 0.029317708333333335 0.11047222222222222
2 0.302875 0.22642592592592592 0.020796875 0.05489814814814815
2 0.31355208333333334 0.3003425925925926 0.049442708333333335 0.08156481481481481
2 0.31526041666666665 0.4923888888888889 0.03861979166666667 0.14857407407407408
2 0.07786979166666666 0.4960462962962963 0.04301041666666667 0.1280925925925926
2 0.75221875 0.5878703703703704 0.046218749999999996 0.14200000000000002
2 0.7556927083333334 0.7851574074074075 0.04483333333333333 0.1655925925925926
2 0.8433385416666667 0.4551388888888889 0.03621354166666667 0.10782407407407407
2 0.8913125 0.34922222222222227 0.031005208333333333 0.11223148148148147
2 0.9301145833333333 0.3282314814814815 0.020067708333333333 0.09493518518518519
2 0.9105572916666667 0.2861018518518519 0.029557291666666666 0.10018518518518518
2 0.9852135416666666 0.3602314814814815 0.029572916666666667 0.10337962962962964