1 0.7135729166666667 0.3841851851851852 0.029312500000000002 0.08736111111111111
0 0.813640625 0.612675925925926 0.014541666666666668 0.03012037037037037
3 0.21794270833333332 0.5534722222222223 0.027869791666666664 0.10939814814814815
3 0.12532291666666667 0.919074074074074 0.055109375 0.16185185185185186
2 0.08226041666666667 0.6468796296296296 0.047140625000000005 0.12585185185185185
2 0.04316145833333333 0.42771296296296296 0.029156249999999998 0.09148148148148148
2 0.16410937499999997 0.5120833333333333 0.020755208333333334 0.09947222222222223
2 0.27761458333333333 0.4115740740740741 0.029015625 0.09444444444444444
2 0.345890625 0.3893611111111111 0.031885416666666666 0.09322222222222223
2 0.43668229166666667 0.4481388888888889 0.031177083333333334 0.09658333333333334
2 0.34605729166666666 0.6227314814814814 0.040901041666666665 0.12169444444444445
2 0.3983072916666667 0.6207222222222222 0.041229166666666664 0.12693518518518518
2 0.3203958333333333 0.7797222222222222 0.040791666666666664 0.13012962962962962
2 0.6787552083333334 0.6412777777777778 0.03702604166666667 0.11095370370370371
2 0.627203125 0.4594814814814815 0.03461458333333333 0.10228703703703704
2 0.7703958333333334 0.5150925925925925 0.03541145833333333 0.10086111111111112
2 0.7894947916666666 0.6053240740740741 0.04041145833333334 0.0873425925925926
2 0.7985364583333333 0.6037962962962963 0.02282291666666667 0.09739814814814815