2 0.54959375 0.5619444444444445 0.04488020833333333 0.12660185185185185
2 0.5170416666666667 0.3910462962962963 0.0455 0.09480555555555556
2 0.651984375 0.5000370370370371 0.058640625 0.1087037037037037
2 0.564453125 0.36191666666666666 0.025536458333333335 0.09573148148148149
1 0.07679166666666666 0.4257870370370371 0.024604166666666667 0.1082037037037037
2 0.329359375 0.43910185185185185 0.031151041666666667 0.10524074074074073
3 0.7662447916666667 0.4378611111111111 0.03392708333333334 0.10898148148148148
2 0.7162135416666667 0.35878703703703707 0.02675 0.08637037037037038
2 0.5939895833333334 0.37024074074074076 0.022390625 0.0859074074074074
2 0.3020625 0.49480555555555555 0.017744791666666666 0.10603703703703703
2 0.31717708333333333 0.5150555555555556 0.019057291666666667 0.09669444444444444
2 0.6556770833333334 0.2949074074074074 0.021338541666666665 0.07387962962962964
2 0.6031458333333333 0.32537037037037037 0.0240625 0.07404629629629629
3 0.6337708333333333 0.27948148148148144 0.026598958333333332 0.07730555555555554
2 0.8684218749999999 0.6590555555555555 0.050770833333333334 0.1494814814814815
2 0.8546250000000001 0.7540925925925925 0.04332291666666667 0.12769444444444444
2 0.732484375 0.32358333333333333 0.019864583333333335 0.07048148148148149