1 0.4271770833333333 0.4681666666666667 0.03778125 0.0877037037037037
3 0.709046875 0.6246481481481482 0.03889583333333334 0.14175925925925925
3 0.9397968750000001 0.2876944444444444 0.017890625 0.09274074074074073
2 0.8727708333333334 0.4841018518518519 0.02654166666666667 0.10812962962962963
2 0.8244114583333333 0.4165277777777778 0.022223958333333335 0.09151851851851853
2 0.83128125 0.4031018518518519 0.020177083333333335 0.10001851851851852
2 0.7406874999999999 0.48116666666666663 0.02672916666666667 0.10434259259259258
2 0.7144270833333334 0.4548055555555556 0.023916666666666666 0.11296296296296296
2 0.6272447916666667 0.5350462962962963 0.022671875 0.12891666666666665
2 0.53025 0.5211851851851852 0.03163020833333333 0.10535185185185185
2 0.4465052083333333 0.6051388888888889 0.031989583333333335 0.11625925925925926
2 0.43741145833333334 0.5121666666666667 0.038953125000000005 0.10187037037037036
2 0.4643125 0.5099814814814815 0.027244791666666667 0.09542592592592593
2 0.15767708333333333 0.5948148148148148 0.0374375 0.11432407407407408
2 0.13007291666666668 0.623712962962963 0.07814583333333333 0.0723148148148148
2 0.5847447916666667 0.7499907407407408 0.03767708333333333 0.14913888888888888
2 0.43455208333333334 0.7403703703703703 0.030895833333333334 0.13927777777777778
2 0.8898854166666667 0.6179444444444444 0.031473958333333336 0.1287685185185185