1 0.2840052083333333 0.3678240740740741 0.02726041666666667 0.13337962962962965
3 0.6590260416666667 0.2189259259259259 0.021114583333333332 0.0957962962962963
3 0.8541979166666667 0.4785740740740741 0.03580208333333333 0.1311111111111111
2 0.9753802083333334 0.5124722222222222 0.043015625 0.15207407407407408
2 0.9072291666666668 0.37197222222222226 0.03258333333333333 0.12607407407407406
2 0.7847760416666667 0.4169722222222222 0.032588541666666665 0.1345462962962963
2 0.6640833333333334 0.5300462962962963 0.027328124999999998 0.13173148148148148
2 0.6817864583333333 0.48582407407407413 0.032489583333333336 0.15083333333333335
2 0.622125 0.42460185185185184 0.029270833333333336 0.12551851851851853
2 0.6260677083333334 0.21839814814814815 0.024479166666666666 0.09299074074074075
2 0.5521614583333334 0.3460648148148148 0.037656249999999995 0.11414814814814815
2 0.513234375 0.4806666666666667 0.026151041666666666 0.12662962962962962
2 0.5282083333333333 0.42491666666666666 0.033656250000000006 0.1313425925925926
2 0.22054166666666666 0.34928703703703706 0.034005208333333335 0.0980462962962963
2 0.31614583333333335 0.5394629629629629 0.045682291666666666 0.16442592592592595
2 0.37447916666666664 0.48333333333333334 0.030630208333333336 0.13542592592592592
2 0.3445729166666667 0.4546203703703704 0.028380208333333334 0.13178703703703704
2 0.33701041666666665 0.42141666666666666 0.020088541666666668 0.11220370370370371
2 0.4585416666666667 0.4211574074074074 0.026052083333333333 0.11688888888888889
2 0.45464062499999996 0.4899074074074074 0.01825 0.13471296296296298
2 0.464984375 0.5012685185185185 0.01941666666666667 0.1314074074074074