1 0.2962135416666667 0.4645 0.03835416666666667 0.13953703703703701
3 0.7494010416666667 0.278212962962963 0.026911458333333336 0.09991666666666667
2 0.23530729166666667 0.5253703703703704 0.04854166666666667 0.12989814814814815
2 0.33126041666666667 0.4593981481481481 0.019880208333333333 0.12232407407407409
2 0.35331250000000003 0.4608518518518519 0.0245 0.1282314814814815
2 0.40856250000000005 0.5924722222222222 0.04924479166666666 0.14577777777777778
2 0.42353645833333337 0.6236574074074074 0.036890624999999996 0.1379351851851852
2 0.5746354166666666 0.577324074074074 0.020921875 0.1255
2 0.6176406249999999 0.6008333333333333 0.05898958333333334 0.14744444444444446
2 0.6243541666666667 0.43839814814814815 0.025026041666666665 0.13547222222222222
0 0.44705208333333335 0.3457777777777778 0.013411458333333333 0.02846296296296296
2 0.523890625 0.5315 0.024927083333333332 0.11107407407407408
2 0.537796875 0.5221203703703704 0.018322916666666668 0.13142592592592592
2 0.5484270833333333 0.512 0.014203125 0.11719444444444443
2 0.8033750000000001 0.549138888888889 0.037270833333333336 0.13030555555555554
3 0.846671875 0.6401481481481481 0.047135416666666666 0.1518611111111111
2 0.7978541666666668 0.4518240740740741 0.032427083333333336 0.11318518518518518
2 0.8668802083333333 0.45994444444444443 0.03735416666666667 0.12339814814814816
2 0.8283802083333334 0.3653240740740741 0.03368229166666667 0.10665740740740741