2 0.078640625 0.6153148148148148 0.04219791666666666 0.1813796296296296
2 0.27404687499999997 0.6047685185185185 0.04252604166666667 0.14985185185185185
2 0.34472395833333336 0.6099814814814815 0.04477604166666667 0.14240740740740743
2 0.3116875 0.5041018518518519 0.044911458333333334 0.1317685185185185
2 0.26747916666666666 0.5399814814814814 0.03274479166666667 0.12455555555555556
2 0.3610625 0.5119259259259259 0.032213541666666665 0.1250648148148148
2 0.38627083333333334 0.5206388888888889 0.03888020833333334 0.14352777777777778
2 0.46199999999999997 0.5360740740740741 0.023348958333333333 0.1352962962962963
2 0.45555729166666664 0.4919259259259259 0.02908854166666667 0.10974074074074074
2 0.5420312500000001 0.626925925925926 0.0348125 0.14501851851851852
2 0.5953541666666666 0.5361851851851852 0.04288020833333333 0.1403611111111111
2 0.7412604166666666 0.6097407407407407 0.03724479166666667 0.14250925925925925
2 0.7609583333333333 0.45655555555555555 0.031625 0.13023148148148148
2 0.6514166666666666 0.4052222222222222 0.04210416666666667 0.10358333333333333
2 0.7474531249999999 0.3463888888888889 0.022619791666666667 0.08793518518518519
2 0.9879166666666667 0.39655555555555555 0.024166666666666666 0.12625925925925927
1 0.19808854166666665 0.5330092592592592 0.037953125000000004 0.13510185185185186
3 0.7598333333333334 0.3101666666666667 0.01925 0.09150925925925926
3 0.9157135416666667 0.681 0.06318229166666667 0.16499074074074074
0 0.28134895833333334 0.24932407407407406 0.027369791666666664 0.04622222222222223