3 0.6820520833333333 0.6075925925925927 0.043666666666666666 0.1429537037037037
3 0.532421875 0.3819537037037037 0.02584375 0.09641666666666666
2 0.5630833333333333 0.3991388888888889 0.031109374999999998 0.08806481481481482
2 0.737390625 0.4638981481481481 0.043375000000000004 0.09351851851851851
2 0.86809375 0.47325 0.032505208333333334 0.10408333333333333
2 0.48222916666666665 0.5486111111111112 0.03764583333333334 0.09943518518518518
2 0.4859791666666667 0.4664629629629629 0.025817708333333335 0.08078703703703703
2 0.48257812499999997 0.42674999999999996 0.03756770833333333 0.09066666666666667
2 0.41109375 0.4918518518518519 0.0244375 0.09447222222222222
2 0.42971354166666664 0.5780925925925926 0.0323125 0.11718518518518518
2 0.3660364583333333 0.5569907407407407 0.026296875 0.10108333333333333
2 0.34938541666666667 0.5401666666666667 0.029317708333333335 0.09628703703703703
2 0.3749635416666666 0.5060185185185185 0.02328125 0.09944444444444445
2 0.28086979166666665 0.6425185185185185 0.04608333333333334 0.11825
2 0.30134895833333336 0.6196481481481482 0.023666666666666666 0.09587962962962962
2 0.2823333333333334 0.5623611111111111 0.028151041666666664 0.09671296296296296
2 0.19454166666666667 0.6208055555555556 0.04422916666666667 0.12153703703703703
2 0.143921875 0.6091944444444444 0.03650520833333334 0.11618518518518518
2 0.14457812499999997 0.6372222222222222 0.03086458333333333 0.10627777777777778
2 0.079390625 0.5775185185185185 0.028015625 0.1050462962962963