2 0.04367708333333333 0.6681759259259259 0.03918229166666667 0.14369444444444443
2 0.17066666666666666 0.6738888888888889 0.04190625 0.10991666666666666
2 0.102359375 0.44507407407407407 0.028203125 0.08930555555555555
2 0.24053645833333331 0.47167592592592594 0.02763541666666667 0.0951111111111111
2 0.1731875 0.43243518518518514 0.020296875 0.0850925925925926
2 0.13544270833333333 0.3882037037037037 0.024770833333333336 0.08087037037037037
3 0.1675625 0.32835185185185184 0.032734375 0.06910185185185184
2 0.2728802083333333 0.3620092592592593 0.020651041666666665 0.06755555555555555
2 0.25518229166666667 0.3380185185185185 0.023276041666666667 0.06462962962962962
3 0.43361979166666664 0.44872222222222224 0.03490625 0.08587962962962963
2 0.455609375 0.5026111111111111 0.026682291666666667 0.09820370370370371
2 0.46119791666666665 0.5768611111111112 0.03338541666666666 0.10352777777777777
2 0.5222552083333334 0.38335185185185183 0.022026041666666666 0.07045370370370371
2 0.48078125 0.3729444444444444 0.020354166666666666 0.07748148148148148
0 0.4851770833333333 0.3952777777777778 0.00678125 0.014777777777777779
2 0.49348437500000003 0.3436388888888889 0.021161458333333334 0.06394444444444444
2 0.6062083333333333 0.396787037037037 0.023411458333333336 0.06937962962962964
2 0.5888697916666668 0.3354537037037037 0.021385416666666667 0.07008333333333333
2 0.8353229166666666 0.6304722222222222 0.03571354166666666 0.10863888888888888
2 0.8328749999999999 0.515537037037037 0.022661458333333332 0.09463888888888888
2 0.8347135416666667 0.4433240740740741 0.018171875 0.07356481481481482
2 0.8510833333333333 0.42853703703703705 0.021317708333333334 0.09297222222222222