2 0.550125 0.7964166666666667 0.05673958333333333 0.16453703703703704
2 0.282015625 0.6768333333333334 0.042015625 0.13191666666666665
2 0.33284895833333333 0.6837222222222222 0.04558333333333333 0.13650925925925927
2 0.27775520833333334 0.526962962962963 0.036083333333333335 0.11212962962962962
2 0.420328125 0.5600092592592593 0.050145833333333334 0.1231574074074074
2 0.399296875 0.48013888888888884 0.03648958333333333 0.09192592592592592
2 0.5619999999999999 0.45810185185185187 0.028859375 0.08457407407407408
2 0.7394947916666667 0.7541851851851852 0.053390625000000004 0.14433333333333334
2 0.7633645833333333 0.683037037037037 0.036598958333333334 0.13972222222222222
2 0.7102395833333334 0.5627685185185185 0.04652083333333333 0.13785185185185184
2 0.03140625 0.6231296296296297 0.049390625 0.11628703703703704
3 0.10170833333333333 0.5634907407407408 0.034458333333333334 0.10677777777777778