3 0.66965625 0.3885092592592592 0.04706770833333333 0.14327777777777778
3 0.9681614583333332 0.903037037037037 0.05900520833333334 0.19392592592592592
2 0.030401041666666666 0.3409351851851852 0.032442708333333334 0.1376388888888889
2 0.21922395833333336 0.2267685185185185 0.04030208333333333 0.11299074074074074
2 0.48256770833333335 0.2396203703703704 0.032260416666666666 0.0955
2 0.5281458333333333 0.3591944444444444 0.045296875 0.13402777777777777
2 0.13559374999999999 0.6428333333333334 0.05359375 0.1611851851851852
2 0.44452083333333337 0.5179166666666667 0.03993229166666667 0.13539814814814813
2 0.48204166666666665 0.511962962962963 0.049604166666666664 0.12861111111111112
2 0.608890625 0.6874444444444445 0.059578125 0.12436111111111112
2 0.7932864583333333 0.5776388888888889 0.050416666666666665 0.15507407407407406
2 0.8806458333333332 0.4768425925925926 0.05325520833333333 0.1513611111111111
2 0.9214791666666666 0.2623240740740741 0.030661458333333332 0.09801851851851852
2 0.9446093750000001 0.24667592592592594 0.027614583333333335 0.1142962962962963
2 0.9792500000000001 0.3562314814814815 0.03913020833333333 0.1105
2 0.46123958333333337 0.7070277777777778 0.05554166666666667 0.17338888888888887
0 0.4693125 0.7645370370370371 0.017593750000000002 0.03899074074074074