2 0.22546354166666666 0.5485092592592592 0.031036458333333336 0.11245370370370371
2 0.27713020833333335 0.5030648148148148 0.0211875 0.11210185185185184
2 0.25375 0.4768240740740741 0.02346875 0.10824074074074075
2 0.3955364583333333 0.43045370370370367 0.029755208333333335 0.10102777777777777
2 0.53009375 0.4862314814814815 0.03384895833333333 0.1203425925925926
2 0.53359375 0.381 0.015380208333333334 0.08426851851851852
2 0.6170416666666667 0.35894444444444445 0.022890625 0.0921388888888889
2 0.57490625 0.4037222222222222 0.015953125 0.09786111111111111
2 0.631609375 0.5846666666666667 0.0284375 0.1076388888888889
2 0.5604791666666666 0.3711851851851852 0.019171875 0.07974074074074075
3 0.5570416666666667 0.30737962962962967 0.017005208333333334 0.07451851851851853
3 0.7032447916666666 0.45964814814814814 0.024578125 0.09737037037037037
2 0.6830208333333334 0.3859444444444444 0.026578125 0.08912962962962963
2 0.739578125 0.32305555555555554 0.0255625 0.08073148148148147
2 0.74240625 0.4586388888888889 0.02744791666666667 0.0953611111111111
2 0.7644166666666667 0.4242685185185185 0.023375 0.09031481481481482
2 0.7021041666666666 0.5741759259259259 0.028895833333333332 0.11347222222222222
2 0.44630729166666666 0.7769444444444444 0.04406770833333333 0.15491666666666667