3 0.47634375 0.5286574074074074 0.03197395833333334 0.12419444444444444
2 0.34438541666666667 0.4738888888888889 0.04930208333333333 0.11649999999999999
2 0.12228125 0.5366296296296296 0.06516666666666666 0.13087962962962962
2 0.024447916666666666 0.6125185185185185 0.048901041666666666 0.13401851851851854
2 0.04038541666666667 0.5816388888888888 0.04026041666666667 0.11902777777777779
2 0.3883645833333333 0.6816944444444445 0.046760416666666665 0.12838888888888889
2 0.400953125 0.6004259259259259 0.04763020833333333 0.11189814814814815
2 0.5006510416666666 0.5065648148148149 0.037473958333333335 0.10517592592592592
2 0.6833958333333333 0.5320277777777778 0.052187500000000005 0.12525
2 0.72940625 0.6896666666666667 0.046968750000000004 0.17107407407407407
2 0.6951197916666667 0.6906666666666667 0.04244270833333333 0.1519074074074074
2 0.8178229166666667 0.5728888888888889 0.051734375 0.13857407407407407
2 0.8296822916666666 0.4751944444444445 0.03913020833333333 0.12471296296296296
2 0.9681562499999999 0.8143518518518519 0.052057291666666665 0.19249074074074074
3 0.27493229166666666 0.244 0.03886979166666667 0.07647222222222222