3 0.22747395833333334 0.4132037037037037 0.04811458333333333 0.11858333333333333
1 0.8046562500000001 0.39031481481481484 0.04102083333333333 0.11293518518518518
2 0.540234375 0.3678703703703704 0.034328125 0.10488888888888889
0 0.551265625 0.3969166666666667 0.013645833333333333 0.03322222222222222
2 0.5769895833333333 0.4373703703703704 0.03590104166666667 0.09560185185185185
2 0.581421875 0.3907314814814815 0.03746875 0.10117592592592592
2 0.6704114583333334 0.4580648148148148 0.05278125 0.10733333333333334
2 0.7248020833333333 0.4753796296296296 0.05113541666666667 0.10641666666666667
2 0.67796875 0.5463981481481481 0.04183333333333333 0.1282962962962963
2 0.427609375 0.4015370370370371 0.03846875 0.1092037037037037
2 0.41518229166666665 0.4559259259259259 0.03956770833333333 0.10826851851851853
2 0.34505729166666665 0.5244722222222222 0.03810416666666667 0.12892592592592594
2 0.23659895833333333 0.5235833333333334 0.05291666666666666 0.1290740740740741
2 0.09436458333333334 0.4912222222222222 0.050328124999999994 0.11096296296296297
2 0.09035416666666667 0.40576851851851853 0.05980208333333333 0.11099074074074075
2 0.09909895833333333 0.768925925925926 0.05980208333333333 0.19241666666666668