1 0.09925 0.42503703703703705 0.029927083333333333 0.12089814814814814
3 0.7867864583333334 0.4420462962962963 0.030119791666666666 0.11389814814814815
3 0.6546145833333333 0.27428703703703705 0.020942708333333334 0.08481481481481482
0 0.6776197916666666 0.32687962962962963 0.008583333333333333 0.016277777777777776
2 0.8608489583333333 0.7523796296296297 0.04878125 0.14697222222222223
2 0.8652395833333333 0.6627777777777777 0.034791666666666665 0.12968518518518518
2 0.6663020833333333 0.4929351851851852 0.056531250000000005 0.11672222222222223
2 0.7297864583333333 0.35885185185185187 0.021723958333333335 0.08887962962962963
2 0.7566197916666667 0.32672222222222225 0.017239583333333332 0.0780925925925926
2 0.6749791666666667 0.2910740740740741 0.016052083333333335 0.06817592592592592
2 0.624390625 0.3254259259259259 0.024072916666666666 0.07817592592592593
2 0.6131666666666666 0.36649074074074073 0.022958333333333334 0.08627777777777779
2 0.5808645833333334 0.3623425925925926 0.021338541666666665 0.09241666666666667
2 0.5403854166666666 0.39258333333333334 0.02722916666666667 0.10052777777777777
2 0.55125 0.5603148148148148 0.03474479166666666 0.11091666666666668
2 0.35347395833333334 0.4423148148148148 0.025541666666666667 0.10431481481481482
2 0.3340208333333334 0.518537037037037 0.03220833333333333 0.09471296296296297
2 0.31760416666666663 0.4961018518518518 0.033265625 0.09555555555555556