3 0.4092708333333333 0.46270370370370373 0.033937499999999995 0.1355
2 0.27151041666666664 0.4563333333333333 0.022416666666666665 0.1252037037037037
2 0.5345364583333333 0.4049351851851852 0.022312500000000002 0.10946296296296296
2 0.3133489583333333 0.39366666666666666 0.031328125 0.10236111111111111
2 0.2865260416666667 0.28656481481481483 0.03497395833333334 0.0795
2 0.0184375 0.5069537037037037 0.024838541666666665 0.11287037037037037
2 0.6814687500000001 0.5422407407407407 0.021041666666666667 0.12789814814814815
2 0.7216614583333333 0.8545092592592592 0.04066145833333333 0.1783611111111111
2 0.7512083333333333 0.41332407407407407 0.029729166666666664 0.09598148148148147
2 0.8798541666666666 0.5398703703703703 0.03355208333333334 0.1260462962962963
2 0.8724166666666666 0.349787037037037 0.026203125 0.09792592592592593
2 0.8360729166666666 0.31146296296296294 0.022958333333333334 0.09225925925925926
2 0.7476197916666667 0.25193518518518515 0.018385416666666664 0.08948148148148148
2 0.7679895833333333 0.29365740740740737 0.023942708333333333 0.07517592592592592
2 0.9833854166666666 0.4250462962962963 0.022791666666666665 0.13178703703703704