3 0.39419270833333336 0.28798148148148145 0.025208333333333333 0.08336111111111111
3 0.5302864583333333 0.4776203703703704 0.04756770833333333 0.10732407407407407
2 0.8933020833333334 0.4529444444444444 0.037682291666666666 0.10493518518518519
2 0.7686875000000001 0.49816666666666665 0.04041666666666666 0.11289814814814815
0 0.6171927083333333 0.3584907407407408 0.012953125000000001 0.026416666666666668
2 0.6349270833333333 0.3818240740740741 0.036286458333333334 0.09846296296296296
2 0.5745416666666666 0.3186481481481481 0.029718750000000002 0.07362962962962963
2 0.5970208333333333 0.3320370370370371 0.021864583333333333 0.07628703703703704
2 0.5039114583333333 0.3756111111111111 0.03621354166666667 0.09363888888888888
2 0.467640625 0.5181296296296297 0.030776041666666667 0.12108333333333335
2 0.40208333333333335 0.5015740740740741 0.049546875 0.11462037037037037
2 0.4047916666666667 0.4093981481481481 0.037125 0.09523148148148147
2 0.07903125000000001 0.44124074074074077 0.04442708333333333 0.05487037037037037
2 0.10083854166666667 0.494 0.02022916666666667 0.10963888888888888
2 0.17035416666666667 0.6112962962962963 0.0400625 0.11835185185185185
2 0.19661458333333334 0.6502407407407408 0.05832291666666667 0.1378611111111111
2 0.21749479166666666 0.5767962962962964 0.03084375 0.11533333333333333