2 0.13691666666666666 0.516 0.06418229166666667 0.1433888888888889
2 0.05701041666666666 0.5788333333333333 0.034656250000000006 0.1356851851851852
2 0.047140625000000005 0.8096203703703704 0.04650520833333334 0.15155555555555555
2 0.08532291666666666 0.7961018518518518 0.037984375 0.14207407407407407
3 0.107515625 0.9248333333333334 0.05670833333333333 0.15034259259259258
2 0.32663020833333334 0.32837962962962963 0.03299479166666667 0.08751851851851851
2 0.34103125 0.2569537037037037 0.03416145833333333 0.08153703703703703
2 0.45409375 0.40508333333333335 0.04313541666666666 0.09701851851851852
2 0.4881770833333333 0.6865925925925925 0.05602083333333333 0.15466666666666665
2 0.6441302083333333 0.5140648148148149 0.05009895833333333 0.11495370370370371
2 0.7327291666666667 0.6109444444444445 0.04172916666666667 0.14025925925925925
3 0.6740260416666667 0.44930555555555557 0.05658333333333333 0.11528703703703704
0 0.5943177083333333 0.5040555555555556 0.015614583333333333 0.02825
2 0.7857291666666666 0.3275092592592592 0.050994791666666664 0.10331481481481482
2 0.6894375 0.27590740740740743 0.032140625 0.07732407407407407
2 0.8603177083333333 0.2987222222222222 0.04224479166666666 0.1019074074074074
2 0.974875 0.7195833333333334 0.05025520833333333 0.13642592592592592