2 0.6319635416666666 0.3266851851851852 0.023760416666666666 0.08486111111111112
2 0.6270989583333333 0.2696851851851852 0.011260416666666667 0.07044444444444445
0 0.6189427083333333 0.2606851851851852 0.0053593749999999996 0.006138888888888889
0 0.407421875 0.5072037037037037 0.030234374999999997 0.03662962962962963
2 0.31034375000000003 0.41625 0.02253125 0.09012037037037036
2 0.31633333333333336 0.3598703703703704 0.049442708333333335 0.08105555555555556
2 0.39622395833333335 0.37365740740740744 0.030406250000000003 0.09628703703703703
2 0.39205729166666664 0.4664629629629629 0.022072916666666668 0.07201851851851852
2 0.43378125 0.46100925925925923 0.025666666666666667 0.10267592592592592
2 0.487484375 0.3737592592592593 0.021963541666666666 0.10266666666666666
2 0.43140625 0.5545833333333334 0.03781770833333333 0.08675
2 0.179 0.5526296296296297 0.042609375 0.16637962962962963
2 0.601984375 0.7713703703703704 0.046677083333333334 0.1635277777777778
3 0.6900625 0.4034444444444445 0.016817708333333334 0.08939814814814814
2 0.7294739583333333 0.36969444444444444 0.025036458333333334 0.09762037037037037
2 0.78190625 0.3527222222222222 0.025734374999999997 0.09535185185185185
2 0.8093072916666666 0.3957777777777778 0.024635416666666667 0.09155555555555556
2 0.843421875 0.4605462962962963 0.02678125 0.11348148148148149
2 0.787171875 0.5231018518518519 0.04668229166666667 0.1266574074074074
2 0.7402708333333333 0.43060185185185185 0.027526041666666667 0.07128703703703704
2 0.9249635416666667 0.4960925925925926 0.03407291666666667 0.13128703703703704
3 0.21623958333333335 0.2638240740740741 0.0385 0.10192592592592592