1 0.21506250000000002 0.5322222222222222 0.03054166666666667 0.11127777777777778
3 0.6199270833333334 0.37557407407407406 0.02421875 0.07128703703703704
3 0.7665000000000001 0.6095555555555556 0.03939583333333333 0.12926851851851853
2 0.9588072916666667 0.5090462962962963 0.023197916666666665 0.10396296296296297
2 0.6390781249999999 0.47158333333333335 0.021338541666666665 0.08027777777777778
2 0.6434010416666667 0.4420555555555556 0.016260416666666666 0.08224074074074074
2 0.5258385416666667 0.4263240740740741 0.019291666666666665 0.0776111111111111
2 0.54796875 0.3858333333333333 0.016192708333333333 0.07471296296296297
2 0.19735416666666666 0.5907314814814815 0.019151041666666667 0.1050462962962963
2 0.25340104166666666 0.6020185185185185 0.031036458333333336 0.10687037037037037
2 0.278515625 0.6265277777777778 0.029109375 0.10953703703703703
2 0.274125 0.5560092592592593 0.02032291666666667 0.09662037037037037
2 0.29234374999999996 0.5741851851851852 0.01627083333333333 0.10124074074074074
2 0.3146145833333333 0.5624166666666667 0.026489583333333334 0.09844444444444443
2 0.35667708333333337 0.5999259259259259 0.03169270833333333 0.12099074074074073
2 0.3479635416666667 0.4997685185185185 0.027296874999999998 0.08662037037037036
2 0.36628645833333334 0.5378796296296297 0.021390625 0.10794444444444444
2 0.40400520833333337 0.5714907407407408 0.024083333333333335 0.10072222222222223
2 0.40685416666666663 0.5333148148148148 0.016739583333333332 0.09025925925925926
2 0.4183177083333333 0.559962962962963 0.016322916666666666 0.1032962962962963
2 0.43529687499999997 0.5417314814814815 0.020781249999999998 0.09000925925925925