3 0.89696875 0.5804722222222222 0.0300625 0.12026851851851851
1 0.63609375 0.3921203703703704 0.03355208333333334 0.09755555555555555
0 0.12090624999999999 0.6268518518518519 0.015057291666666667 0.03241666666666666
2 0.12923437499999998 0.5829722222222222 0.027651041666666668 0.09275
2 0.15077083333333335 0.5885648148148148 0.030083333333333333 0.10032407407407407
2 0.628609375 0.4961203703703703 0.033828125 0.09605555555555555
2 0.6508072916666666 0.6654814814814815 0.036562500000000005 0.13855555555555554
2 0.8836666666666667 0.44177777777777777 0.030885416666666665 0.08488888888888889
2 0.9597447916666667 0.5876666666666667 0.038786458333333336 0.10936111111111112
2 0.9889739583333333 0.7058611111111112 0.022057291666666666 0.11818518518518518
3 0.9920208333333334 0.27473148148148147 0.015958333333333335 0.06325