3 0.8788854166666666 0.5415185185185185 0.052328124999999996 0.14373148148148146
3 0.7431614583333332 0.3021111111111111 0.03782291666666667 0.10011111111111111
0 0.29678125000000005 0.37025925925925923 0.014854166666666667 0.04813888888888889
2 0.31515625 0.5289166666666667 0.035984375 0.1277962962962963
1 0.3092239583333333 0.479287037037037 0.032796874999999996 0.11803703703703704
2 0.38446354166666663 0.5122037037037036 0.040921874999999996 0.11597222222222223
2 0.3478541666666667 0.5744537037037036 0.05140104166666667 0.12372222222222222
2 0.503109375 0.7086944444444444 0.04818229166666667 0.1638888888888889
2 0.6638645833333333 0.5811388888888889 0.033963541666666666 0.11651851851851852
2 0.6441927083333333 0.4528055555555555 0.04705729166666666 0.10930555555555556
2 0.7344791666666667 0.661861111111111 0.06560416666666666 0.15602777777777777