1 0.3713020833333333 0.4938055555555555 0.03228645833333334 0.11017592592592593
2 0.49786458333333333 0.5346759259259259 0.0213125 0.10110185185185185
2 0.547359375 0.458037037037037 0.026875 0.09842592592592592
2 0.5011666666666666 0.48960185185185184 0.021687500000000002 0.09732407407407408
2 0.7655104166666666 0.5724351851851852 0.02841145833333333 0.12569444444444444
3 0.8273958333333333 0.5058796296296296 0.025119791666666665 0.1010925925925926
2 0.7898541666666666 0.39501851851851855 0.028515625 0.09418518518518518
2 0.6542239583333332 0.43898148148148153 0.025083333333333332 0.08246296296296296
3 0.7437395833333333 0.32575 0.023348958333333333 0.0700925925925926
2 0.6516093749999999 0.4024259259259259 0.021921875 0.06838888888888889
2 0.9154531250000001 0.4490092592592593 0.021770833333333333 0.08919444444444444
2 0.8970468749999999 0.4063333333333333 0.019848958333333333 0.08998148148148148