3 0.15853645833333332 0.5660462962962963 0.047880208333333334 0.1361388888888889
2 0.029171875 0.5737592592592592 0.05834895833333333 0.1366388888888889
2 0.021343749999999998 0.3264722222222222 0.042692708333333336 0.1097037037037037
2 0.3029427083333333 0.40235185185185185 0.042859375000000005 0.11718518518518518
2 0.37538020833333335 0.5635555555555556 0.047828125 0.12121296296296295
2 0.3695104166666667 0.33393518518518517 0.030494791666666667 0.09477777777777778
2 0.5603072916666666 0.4202592592592593 0.039901041666666665 0.11321296296296296
2 0.6818177083333333 0.668787037037037 0.047864583333333335 0.11775925925925927
2 0.75915625 0.6362037037037037 0.04303645833333333 0.1272037037037037
2 0.821109375 0.6038611111111111 0.04661979166666667 0.13216666666666668
1 0.8925989583333334 0.35880555555555554 0.0369375 0.10144444444444445
3 0.9832395833333333 0.7733703703703704 0.033515625 0.17345370370370372
2 0.464609375 0.7989444444444445 0.05835416666666667 0.1617962962962963