3 0.15033854166666666 0.4917592592592593 0.03424479166666667 0.09744444444444444
2 0.6605208333333333 0.7831574074074074 0.05934375 0.12105555555555557
0 0.658296875 0.7262500000000001 0.017223958333333334 0.046648148148148154
1 0.9331666666666667 0.44746296296296295 0.041234375000000004 0.12964814814814815
2 0.6922552083333334 0.6430277777777778 0.029442708333333335 0.1264537037037037
2 0.7289791666666667 0.6410370370370371 0.03702604166666667 0.10060185185185186
2 0.7206927083333333 0.5003518518518518 0.04433854166666666 0.11646296296296296
2 0.588171875 0.5602962962962963 0.044203125 0.10253703703703704
2 0.45550520833333336 0.5338425925925926 0.0445 0.10752777777777778
2 0.4892291666666667 0.45711111111111113 0.022197916666666664 0.09947222222222223
2 0.48893749999999997 0.5111388888888888 0.038989583333333334 0.09428703703703703
2 0.37432291666666667 0.519824074074074 0.03340625 0.10779629629629629
2 0.34620833333333334 0.41626851851851854 0.027114583333333334 0.09112037037037037
2 0.2781041666666667 0.45189814814814816 0.028421875 0.09289814814814815
2 0.22808854166666667 0.3765462962962963 0.018869791666666667 0.10047222222222223
2 0.23033333333333333 0.3935925925925926 0.027697916666666666 0.08180555555555555
2 0.19693750000000002 0.5742962962962963 0.03834895833333333 0.12282407407407409
2 0.07823958333333333 0.47974074074074075 0.023885416666666666 0.09968518518518518
2 0.11713541666666667 0.4668703703703704 0.030020833333333333 0.1048425925925926
2 0.06285416666666667 0.638 0.041604166666666664 0.12283333333333334
2 0.0061875 0.5708796296296296 0.012375 0.08860185185185185