2 0.23702083333333332 0.3707685185185185 0.06027604166666667 0.11705555555555555
2 0.09493229166666667 0.6022037037037037 0.06081770833333333 0.14782407407407408
2 0.4248333333333333 0.43171296296296297 0.0400625 0.11857407407407408
2 0.4798177083333333 0.3285925925925926 0.042390625 0.1129537037037037
2 0.298515625 0.24837037037037038 0.04958333333333333 0.10063888888888889
2 0.7284010416666666 0.2907962962962963 0.036083333333333335 0.1083425925925926
2 0.6495416666666666 0.6171203703703704 0.04677083333333333 0.14062037037037037
2 0.76240625 0.7899259259259259 0.05721875 0.17140740740740742
2 0.8662916666666667 0.5224907407407408 0.042770833333333334 0.1488796296296296
2 0.93646875 0.4872592592592593 0.04597395833333333 0.1370648148148148
2 0.79640625 0.21493518518518517 0.03320833333333333 0.08316666666666667
2 0.8838906249999999 0.4111944444444444 0.024265625000000002 0.10396296296296297
2 0.8984010416666667 0.43566666666666665 0.0255625 0.10023148148148148
2 0.964546875 0.31751851851851853 0.026588541666666667 0.09246296296296297
3 0.363140625 0.17455555555555557 0.040276041666666665 0.08565740740740742
0 0.2559270833333333 0.3961296296296296 0.019453125 0.03671296296296296