3 0.05178125 0.23022222222222222 0.030270833333333334 0.07935185185185185
2 0.11312499999999999 0.311962962962963 0.041078125 0.09580555555555556
2 0.14830208333333333 0.38462037037037033 0.036828124999999996 0.10275
2 0.27476562499999996 0.48502777777777784 0.036796875 0.11042592592592593
2 0.3578541666666667 0.609212962962963 0.03758854166666667 0.11953703703703702
2 0.34918750000000004 0.28600925925925924 0.03159895833333334 0.0785
2 0.479734375 0.27822222222222226 0.03000520833333333 0.05715740740740741
2 0.492859375 0.8008055555555555 0.04652604166666666 0.15389814814814815
2 0.5851822916666667 0.39502777777777776 0.03171875 0.1005
2 0.5053593749999999 0.26355555555555554 0.022875 0.06816666666666667
3 0.6880833333333333 0.3576851851851852 0.023479166666666666 0.09212962962962963
2 0.668875 0.285462962962963 0.025604166666666664 0.0774074074074074
2 0.7876770833333333 0.2745092592592593 0.02484375 0.07855555555555556
2 0.8294114583333333 0.5536018518518518 0.03858333333333333 0.11784259259259258
2 0.8158802083333333 0.33389814814814817 0.029354166666666667 0.08202777777777778
2 0.9767708333333334 0.5233240740740741 0.036557291666666665 0.10918518518518519
2 0.8712395833333333 0.41756481481481483 0.025072916666666667 0.08712037037037038
2 0.8662916666666667 0.3897407407407408 0.02588020833333333 0.08853703703703704