2 0.9068072916666666 0.5721944444444444 0.038109375 0.10950925925925925
3 0.8987499999999999 0.4563611111111111 0.047197916666666666 0.09410185185185185
2 0.966359375 0.39969444444444446 0.03009375 0.0859537037037037
2 0.7530572916666666 0.3432777777777778 0.022114583333333333 0.07637962962962963
2 0.7704791666666666 0.2813425925925926 0.024078125 0.08499074074074074
3 0.5331718750000001 0.23460185185185187 0.028354166666666666 0.07722222222222223
2 0.40974479166666666 0.3123148148148148 0.019302083333333334 0.06510185185185186
0 0.41577604166666665 0.3481574074074074 0.011630208333333333 0.027685185185185184
2 0.38252083333333337 0.36791666666666667 0.027307291666666667 0.08474074074074074
1 0.31250520833333334 0.4092962962962963 0.042890624999999995 0.07984259259259259
2 0.3546875 0.6156018518518519 0.033015625 0.1106111111111111
2 0.624953125 0.7615648148148149 0.050828125 0.14733333333333334
2 0.49927604166666667 0.45543518518518517 0.036166666666666666 0.11367592592592592
2 0.55696875 0.4409259259259259 0.024432291666666665 0.0944074074074074
2 0.05754166666666667 0.5377222222222222 0.04144270833333333 0.10486111111111111