2 0.5073124999999999 0.4718333333333333 0.052234375000000006 0.14324074074074072
2 0.25392187499999996 0.3761574074074074 0.039447916666666666 0.10543518518518519
2 0.23521354166666666 0.5983703703703703 0.04835416666666667 0.1254074074074074
2 0.22769270833333335 0.8124814814814815 0.059437500000000004 0.16719444444444445
2 0.292625 0.7572685185185185 0.05063020833333333 0.15862037037037038
2 0.18511458333333333 0.4446203703703704 0.03758854166666667 0.11874074074074074
2 0.6022760416666666 0.6807037037037037 0.038901041666666664 0.14226851851851852
2 0.66246875 0.6268703703703703 0.03575 0.1148425925925926
2 0.6957239583333333 0.6761574074074074 0.056906250000000005 0.15401851851851853
1 0.8581822916666667 0.41417592592592595 0.037265625 0.10571296296296297
3 0.12325520833333334 0.5803055555555555 0.052671875 0.15008333333333335
3 0.9249739583333334 0.7879351851851852 0.0023333333333333335 0.14376851851851852