0 0.5696510416666667 0.664861111111111 0.012083333333333333 0.02691666666666667
3 0.14963541666666666 0.5200925925925927 0.038265625 0.11835185185185185
2 0.17926041666666667 0.4820925925925926 0.030890625 0.11920370370370371
2 0.17541666666666667 0.6095740740740742 0.03442708333333333 0.12208333333333332
2 0.12832291666666668 0.7785833333333333 0.042468750000000006 0.16150925925925927
2 0.30620312499999996 0.3511388888888889 0.034458333333333334 0.09421296296296296
2 0.4271041666666667 0.5356203703703704 0.03673958333333334 0.10778703703703703
2 0.5856458333333333 0.6490648148148148 0.024265625000000002 0.12338888888888888
2 0.6625729166666667 0.6361944444444445 0.04697916666666667 0.11044444444444444
2 0.792453125 0.6133703703703705 0.05609895833333333 0.11282407407407406
2 0.9659739583333333 0.6597962962962963 0.05196875 0.12243518518518517
2 0.5850729166666666 0.5103796296296297 0.048328125000000006 0.09893518518518518
2 0.5873541666666667 0.41832407407407407 0.0456875 0.07811111111111112
1 0.65515625 0.39793518518518517 0.043807291666666665 0.10994444444444444
2 0.44501041666666663 0.44655555555555554 0.03833854166666666 0.0865462962962963
2 0.467640625 0.41886111111111113 0.029578125 0.11119444444444444
2 0.3975208333333333 0.4299074074074074 0.03340625 0.07886111111111112
2 0.3877083333333333 0.37334259259259256 0.029979166666666668 0.05537037037037037