2 0.257859375 0.4201388888888889 0.03944270833333333 0.1232037037037037
2 0.23138020833333334 0.5312314814814815 0.04030208333333333 0.10464814814814814
2 0.20171875 0.72975 0.055635416666666666 0.16835185185185184
2 0.504703125 0.3314259259259259 0.029661458333333335 0.10935185185185185
2 0.5385572916666667 0.4505092592592593 0.03457291666666666 0.11440740740740742
2 0.6462083333333334 0.25275000000000003 0.043807291666666665 0.09736111111111112
2 0.6640052083333334 0.4677407407407408 0.045828125 0.1488796296296296
2 0.906515625 0.3057314814814815 0.03997916666666667 0.09018518518518519
2 0.8811927083333334 0.5579999999999999 0.03680208333333333 0.1504537037037037
3 0.6708125 0.17045370370370372 0.025072916666666667 0.07135185185185186
3 0.81521875 0.9400740740740741 0.04999479166666666 0.11985185185185185
1 0.166125 0.31650925925925927 0.06083333333333333 0.11038888888888888
0 0.22877604166666668 0.6958148148148149 0.021203125 0.05726851851851852