3 0.5506093750000001 0.5247592592592593 0.025015625 0.10762962962962963
3 0.04171875 0.33187962962962964 0.01766145833333333 0.07623148148148148
2 0.018239583333333333 0.5008518518518518 0.03310416666666667 0.10399074074074074
2 0.13691666666666666 0.49272222222222223 0.027130208333333336 0.0935
2 0.24530729166666668 0.5624907407407408 0.03756770833333333 0.09230555555555556
2 0.385109375 0.5800462962962963 0.03425520833333333 0.09281481481481481
2 0.35426041666666663 0.45705555555555555 0.036796875 0.0798611111111111
2 0.36823958333333334 0.37016666666666664 0.03426041666666667 0.07102777777777777
0 0.415796875 0.39502777777777776 0.008682291666666668 0.020388888888888887
2 0.47439583333333335 0.45658333333333334 0.033088541666666665 0.07428703703703704
2 0.4814375 0.41644444444444445 0.01796875 0.08169444444444444
2 0.5630572916666666 0.5068148148148148 0.02158854166666667 0.07553703703703704
2 0.5719739583333333 0.4305 0.027093750000000003 0.0763425925925926
2 0.6007239583333334 0.4367314814814815 0.028786458333333334 0.08418518518518518
2 0.739984375 0.5083425925925926 0.03738020833333333 0.10513888888888889
2 0.8372552083333333 0.4734629629629629 0.032052083333333335 0.09650925925925927
2 0.876890625 0.6139444444444444 0.03995833333333333 0.10868518518518518
2 0.8855208333333333 0.5629722222222222 0.024770833333333336 0.10364814814814814
2 0.9309739583333333 0.673712962962963 0.0345625 0.11172222222222222
2 0.984421875 0.7568148148148148 0.031151041666666667 0.1348888888888889