3 0.522890625 0.42036111111111113 0.02813541666666667 0.10216666666666667
2 0.3928229166666667 0.3187314814814815 0.019375 0.0797962962962963
3 0.40019791666666665 0.27181481481481484 0.02549479166666667 0.09039814814814814
0 0.5549322916666667 0.36246296296296293 0.020588541666666668 0.03352777777777778
2 0.9750052083333334 0.3551388888888889 0.03436458333333334 0.09906481481481481
2 0.9607500000000001 0.47253703703703703 0.02575 0.12633333333333333
2 0.9696250000000001 0.687712962962963 0.06075 0.1534537037037037
2 0.8793802083333334 0.7603240740740741 0.06330729166666667 0.1666111111111111
2 0.6944114583333333 0.3678148148148148 0.05018229166666666 0.10553703703703704
2 0.588375 0.5637314814814816 0.04458333333333333 0.13614814814814813
2 0.53671875 0.5090555555555555 0.04105729166666667 0.12177777777777779
2 0.5735052083333334 0.32678703703703704 0.019885416666666666 0.10665740740740741
2 0.4772447916666666 0.2901574074074074 0.019885416666666666 0.07819444444444444
2 0.35230729166666663 0.3729166666666667 0.03511458333333333 0.10752777777777778
2 0.35956770833333335 0.32222222222222224 0.02140625 0.08140740740740741
2 0.4113697916666667 0.33341666666666664 0.016145833333333335 0.0805
2 0.10963541666666667 0.45710185185185187 0.039651041666666664 0.13972222222222222
2 0.11769791666666667 0.5771388888888889 0.03561458333333333 0.11456481481481481
2 0.04668229166666667 0.5366481481481482 0.02865625 0.11961111111111111