2 0.24668229166666666 0.7733240740740741 0.036885416666666664 0.13328703703703704
2 0.22865624999999998 0.6377685185185185 0.03034375 0.12451851851851851
2 0.25993229166666665 0.3936203703703704 0.02519270833333333 0.09916666666666667
2 0.01375 0.54625 0.0275 0.14621296296296296
2 0.4121927083333333 0.42319444444444443 0.0206875 0.10586111111111111
2 0.4482760416666667 0.6283611111111111 0.037411458333333335 0.1466388888888889
2 0.40284895833333334 0.7084074074074075 0.024562499999999998 0.10837037037037038
2 0.3523854166666667 0.7529074074074074 0.03474479166666666 0.15108333333333332
2 0.6569895833333333 0.7611388888888888 0.031114583333333334 0.16754629629629628
2 0.7778854166666667 0.6491481481481481 0.05415104166666666 0.18737962962962965
2 0.91240625 0.3811666666666667 0.033265625 0.0680925925925926
2 0.889 0.5422962962962963 0.026375 0.13108333333333333
2 0.9056666666666667 0.45973148148148146 0.01896875 0.08877777777777777
2 0.9240416666666668 0.6464629629629629 0.03222395833333333 0.12029629629629629
2 0.9402135416666667 0.7761018518518519 0.04431770833333334 0.1310185185185185
0 0.334359375 0.6355092592592593 0.028208333333333332 0.03356481481481482
3 0.04818229166666667 0.24062037037037037 0.03571875 0.09564814814814815
3 0.5033125 0.5269074074074074 0.031046874999999998 0.11575