1 0.7588072916666667 0.4128425925925926 0.025479166666666667 0.1015462962962963
3 0.23725520833333333 0.44139814814814815 0.031020833333333334 0.11216666666666666
2 0.5632187500000001 0.6029907407407408 0.029140625 0.12329629629629629
2 0.5248125 0.5136759259259259 0.03224479166666667 0.09432407407407407
2 0.5226666666666666 0.49400925925925926 0.019640625000000002 0.09131481481481482
2 0.5870885416666667 0.43733333333333335 0.030713541666666667 0.09619444444444444
2 0.6150468750000001 0.3242962962962963 0.019432291666666667 0.07271296296296297
2 0.5296979166666667 0.3178240740740741 0.016729166666666666 0.08625000000000001
2 0.265140625 0.4595648148148148 0.02969270833333333 0.10925925925925926
2 0.3363333333333333 0.4656296296296296 0.027989583333333335 0.10106481481481482
2 0.11674999999999999 0.5197314814814814 0.026640624999999998 0.10950925925925925
2 0.14038541666666668 0.5347870370370371 0.02784375 0.11189814814814815
2 0.13499999999999998 0.37526851851851856 0.030927083333333334 0.09153703703703704