3 0.538765625 0.2916296296296296 0.022791666666666665 0.07624074074074075
3 0.6454114583333334 0.5040092592592593 0.05001041666666666 0.12523148148148147
3 0.14569791666666668 0.9568703703703705 0.041921875 0.08625925925925926
2 0.3391458333333333 0.6567592592592593 0.04479166666666667 0.13965740740740742
2 0.2625 0.5337222222222222 0.0284375 0.10396296296296297
2 0.28720312499999995 0.5271111111111111 0.036166666666666666 0.09074074074074075
2 0.3 0.4714259259259259 0.03496875 0.08257407407407408
2 0.3878229166666667 0.44524074074074077 0.032739583333333336 0.0884074074074074
2 0.459828125 0.4103888888888889 0.03161979166666667 0.08618518518518518
2 0.5131510416666667 0.6350833333333333 0.04225520833333333 0.12805555555555556
2 0.654375 0.3372222222222222 0.022541666666666668 0.06819444444444445
2 0.7961927083333333 0.3831851851851852 0.023369791666666664 0.07675925925925926
2 0.7617708333333333 0.48810185185185184 0.037135416666666664 0.09475925925925927
2 0.7333020833333334 0.6563611111111111 0.038989583333333334 0.13357407407407407
2 0.864328125 0.6308425925925926 0.03683854166666667 0.11163888888888888
2 0.983796875 0.8005 0.03240625 0.16781481481481483
2 0.944890625 0.5542314814814815 0.04613020833333333 0.1198425925925926
2 0.9840677083333333 0.4125462962962963 0.02550520833333333 0.08256481481481481
2 0.9947760416666667 0.3572592592592592 0.010447916666666666 0.06196296296296296