3 0.6951875 0.28806481481481483 0.021083333333333332 0.07222222222222222
3 0.7398541666666667 0.5338703703703704 0.02578645833333333 0.11884259259259258
2 0.3952291666666667 0.6428981481481482 0.047374999999999994 0.13103703703703704
0 0.40369270833333337 0.6987962962962964 0.01353125 0.030638888888888893
1 0.20817708333333332 0.46139814814814817 0.034921875 0.10534259259259258
2 0.22171354166666665 0.5580462962962963 0.026369791666666666 0.11336111111111112
2 0.267625 0.5823425925925926 0.033567708333333335 0.11287037037037037
2 0.30852083333333336 0.5252777777777777 0.0280625 0.108
2 0.45833854166666665 0.6531944444444445 0.03285416666666666 0.12312037037037037
2 0.37791145833333334 0.47387037037037033 0.025213541666666665 0.1002037037037037
2 0.38997916666666665 0.4528888888888889 0.025302083333333333 0.11050925925925925
2 0.48101041666666666 0.5280925925925927 0.026536458333333336 0.1247037037037037
2 0.46694270833333335 0.45202777777777775 0.02333333333333333 0.09451851851851852
2 0.4647135416666667 0.4106296296296296 0.020666666666666667 0.09248148148148148
2 0.5651822916666667 0.42424074074074075 0.025635416666666667 0.0880462962962963
2 0.58603125 0.3827685185185185 0.024572916666666667 0.08110185185185186
2 0.6571197916666667 0.5218333333333334 0.03134895833333333 0.11062037037037037
2 0.6871458333333333 0.4212314814814815 0.025489583333333333 0.10420370370370372
2 0.8846302083333334 0.3936851851851852 0.027619791666666667 0.10612037037037036
2 0.9850677083333333 0.4748981481481481 0.029859375 0.11335185185185186
2 0.9750729166666667 0.6787685185185186 0.03480729166666666 0.12835185185185186