2 0.85471875 0.5193981481481482 0.040453125 0.12419444444444444
2 0.6172760416666667 0.3512222222222222 0.039531250000000004 0.10882407407407407
0 0.5502812499999999 0.3270555555555556 0.011442708333333333 0.02962962962962963
2 0.5659114583333333 0.30185185185185187 0.0288125 0.07798148148148148
2 0.6682083333333334 0.5595092592592592 0.04764583333333334 0.14269444444444446
2 0.3911197916666667 0.39699999999999996 0.03686979166666667 0.10161111111111111
2 0.2682760416666667 0.5026851851851851 0.039447916666666666 0.10619444444444444
2 0.21531770833333336 0.5379166666666667 0.044640624999999996 0.11800925925925926
2 0.307921875 0.7914629629629629 0.052765625000000003 0.16214814814814815
2 0.2584375 0.3661388888888889 0.033656250000000006 0.10162037037037037
2 0.20345312499999998 0.3167685185185185 0.03827083333333334 0.09751851851851852
1 0.9587552083333333 0.3717962962962963 0.048875 0.1252777777777778