2 0.35185416666666663 0.7029907407407407 0.031901041666666664 0.1290648148148148
3 0.16481770833333334 0.5113425925925926 0.04111458333333333 0.10918518518518519
2 0.09074479166666666 0.46508333333333335 0.04629166666666666 0.08273148148148148
2 0.2603020833333333 0.38825 0.020104166666666666 0.06911111111111111
2 0.28167187499999996 0.39973148148148147 0.022505208333333335 0.06748148148148148
2 0.3929479166666667 0.5076388888888889 0.024890625 0.08451851851851852
2 0.4949895833333333 0.5174722222222222 0.03302083333333333 0.08780555555555555
2 0.35313541666666665 0.44039814814814815 0.028557291666666665 0.08406481481481481
3 0.346890625 0.3991388888888889 0.027765625000000002 0.07376851851851852
2 0.5616979166666667 0.5095462962962962 0.037046875 0.09546296296296296
1 0.7176614583333334 0.4802222222222222 0.027104166666666665 0.08932407407407407
2 0.6767552083333332 0.5623425925925927 0.035140625 0.08617592592592592
2 0.711296875 0.5743333333333334 0.030984375 0.09811111111111111
2 0.6255260416666667 0.5183055555555556 0.024374999999999997 0.09109259259259259
2 0.6050104166666667 0.5246481481481482 0.02704166666666667 0.08189814814814815
2 0.7167291666666666 0.6597314814814814 0.03877083333333333 0.0960462962962963