1 0.733609375 0.35739814814814813 0.036083333333333335 0.115
3 0.16844791666666667 0.5660370370370371 0.05018229166666666 0.1370925925925926
3 0.9470052083333333 0.7089722222222222 0.05863541666666667 0.13180555555555554
2 0.7383645833333333 0.5602870370370371 0.048015625 0.1255925925925926
2 0.6941666666666666 0.5543425925925927 0.037609374999999994 0.12955555555555553
2 0.45830729166666667 0.45202777777777775 0.0360625 0.10318518518518519
2 0.403515625 0.5461111111111111 0.04677604166666667 0.11666666666666667
2 0.371859375 0.5076388888888889 0.035859375 0.10547222222222222
2 0.343359375 0.5191944444444445 0.03568229166666667 0.11273148148148149
2 0.13241145833333332 0.6881851851851852 0.05165104166666667 0.1437037037037037
2 0.16732291666666665 0.6512407407407408 0.03228125 0.13617592592592592
2 0.105484375 0.3571388888888889 0.03344270833333333 0.1035648148148148
0 0.7543802083333334 0.5823611111111111 0.020953125 0.04072222222222222