2 0.5599114583333333 0.5993981481481482 0.040078125 0.1650462962962963
2 0.03441145833333333 0.4751018518518519 0.042895833333333334 0.114
2 0.41465625 0.2981851851851852 0.03428645833333333 0.10892592592592593
2 0.5083489583333333 0.43045370370370367 0.03764583333333334 0.1111111111111111
2 0.6497864583333333 0.4483518518518519 0.05663541666666667 0.08518518518518518
2 0.6116197916666667 0.3350740740740741 0.051479166666666666 0.12405555555555554
2 0.9791354166666667 0.28980555555555554 0.04172395833333333 0.13228703703703704
2 0.7373177083333334 0.8008518518518518 0.038984374999999995 0.16055555555555556
3 0.5889062500000001 0.2255462962962963 0.03209375 0.0994537037037037
1 0.20223958333333333 0.3518981481481482 0.031328125 0.12992592592592592
0 0.2353125 0.4001018518518519 0.026291666666666665 0.10596296296296297