2 0.026421874999999997 0.481537037037037 0.0329375 0.11760185185185186
2 0.040802083333333336 0.4444444444444444 0.022697916666666665 0.1390925925925926
2 0.11033854166666666 0.5836574074074075 0.028083333333333335 0.17677777777777776
2 0.29376041666666663 0.3355925925925926 0.03902604166666667 0.10656481481481482
2 0.434390625 0.32251851851851854 0.035557291666666664 0.08660185185185185
2 0.558984375 0.4746944444444444 0.038223958333333335 0.13787037037037037
2 0.6168854166666667 0.5019629629629629 0.04465104166666667 0.1491851851851852
2 0.7700989583333333 0.28306481481481477 0.043791666666666666 0.1095462962962963
2 0.87528125 0.38239814814814815 0.04084375 0.11830555555555555
2 0.8874947916666667 0.3080648148148148 0.04419791666666666 0.0792962962962963
2 0.9053749999999999 0.4155833333333333 0.03806770833333333 0.10462962962962963
2 0.949125 0.5252685185185185 0.032046875 0.16185185185185186
2 0.8765260416666667 0.5533055555555556 0.03094791666666667 0.12224074074074075
2 0.9335885416666667 0.7538333333333334 0.03719791666666667 0.1459351851851852
3 0.8697291666666668 0.46193518518518517 0.053807291666666666 0.0876574074074074
3 0.2682083333333333 0.23182407407407407 0.03827083333333334 0.09348148148148147