2 0.17559375 0.8742962962962963 0.04378645833333333 0.1624722222222222
2 0.158703125 0.3935092592592593 0.030697916666666665 0.08105555555555556
2 0.17395833333333333 0.4777037037037037 0.031890625 0.11144444444444444
2 0.21129166666666668 0.4818425925925926 0.028927083333333332 0.11051851851851852
2 0.274109375 0.40776851851851853 0.03208333333333333 0.08197222222222222
3 0.306265625 0.40914814814814815 0.039468750000000004 0.09393518518518519
2 0.43022916666666666 0.4419722222222222 0.044161458333333334 0.09211111111111112
2 0.4813541666666667 0.33569444444444446 0.027390625000000002 0.06662037037037037
2 0.5153229166666666 0.45010185185185186 0.036671875 0.10529629629629629
2 0.5794114583333333 0.5830740740740741 0.034078125 0.12774074074074074
2 0.5353541666666667 0.3444351851851852 0.035333333333333335 0.07491666666666666
2 0.5938072916666666 0.49012962962962964 0.038385416666666665 0.09029629629629629
2 0.6270833333333333 0.39121296296296293 0.032489583333333336 0.09179629629629629
1 0.856734375 0.3766481481481481 0.024302083333333332 0.08412037037037036