3 0.87515625 0.5727500000000001 0.034328125 0.15279629629629632
3 0.9210416666666668 0.21992592592592594 0.016958333333333336 0.08012037037037037
1 0.3821614583333333 0.36362962962962964 0.03775 0.11305555555555555
0 0.010421875 0.8152962962962963 0.019380208333333333 0.048629629629629634
2 0.159703125 0.7298425925925927 0.03714583333333333 0.16260185185185186
2 0.45948958333333334 0.7360555555555556 0.04497916666666667 0.13199074074074074
2 0.4727135416666667 0.6469074074074074 0.033875 0.1287777777777778
2 0.4888177083333333 0.5081018518518519 0.03103125 0.11081481481481482
2 0.27788541666666666 0.42285185185185187 0.021458333333333336 0.10799074074074073
2 0.5871458333333333 0.5059166666666667 0.03321875 0.11387037037037037
2 0.6117604166666666 0.47135185185185186 0.02069270833333333 0.10112962962962962
2 0.57959375 0.40831481481481485 0.028963541666666665 0.10859259259259259
2 0.7411666666666666 0.3897777777777778 0.012432291666666668 0.08635185185185186
2 0.7969062499999999 0.5453703703703704 0.043791666666666666 0.12749074074074074
2 0.729984375 0.36097222222222225 0.022609374999999998 0.08511111111111111
2 0.8070416666666667 0.3356759259259259 0.040692708333333334 0.1012962962962963
2 0.9564427083333332 0.39099999999999996 0.024848958333333334 0.09028703703703704
2 0.9907864583333333 0.37869444444444444 0.018421874999999997 0.10424074074074074
2 0.9650833333333334 0.3477685185185185 0.022927083333333334 0.09135185185185185
2 0.9421770833333334 0.5435277777777777 0.02802083333333333 0.12084259259259258
2 0.9415052083333334 0.7305370370370371 0.04004166666666666 0.13727777777777778