3 0.39382291666666663 0.9197777777777778 0.046703125 0.1290925925925926
2 0.46442187500000004 0.8306851851851852 0.03660416666666667 0.13380555555555554
2 0.41285937500000003 0.807537037037037 0.034171875 0.13071296296296295
2 0.336671875 0.6390555555555555 0.03283333333333333 0.10548148148148148
2 0.3263125 0.5639444444444444 0.029479166666666667 0.0910648148148148
2 0.35759375000000004 0.4093611111111111 0.024328125 0.08744444444444444
2 0.281953125 0.35524074074074075 0.029302083333333333 0.09031481481481482
2 0.213375 0.42474074074074075 0.0275625 0.10277777777777777
2 0.17680208333333333 0.40735185185185185 0.03775 0.11121296296296296
2 0.11453125 0.4583333333333333 0.03820833333333333 0.11131481481481481
2 0.052723958333333334 0.6678703703703703 0.03959375 0.11371296296296296
2 0.07130208333333334 0.7958518518518518 0.030890625 0.14883333333333335
2 0.533640625 0.5782685185185185 0.033328125 0.12019444444444445
3 0.45142187500000003 0.48974999999999996 0.03263541666666667 0.10655555555555556
2 0.526890625 0.42615740740740743 0.028442708333333334 0.08662962962962963
2 0.6594739583333333 0.30622222222222223 0.02071354166666667 0.08677777777777777
2 0.7146354166666666 0.6404074074074074 0.039109375 0.13212037037037036
2 0.7336875 0.4248796296296296 0.025515625 0.08918518518518517
2 0.778171875 0.5981944444444444 0.025427083333333333 0.1293888888888889
2 0.9590520833333334 0.7793333333333333 0.056838541666666666 0.16482407407407407
2 0.9080520833333333 0.2731111111111111 0.020916666666666663 0.07673148148148148
3 0.434234375 0.18730555555555556 0.024109375 0.0685462962962963