3 0.7470416666666666 0.2940740740740741 0.030651041666666667 0.15008333333333335
3 0.8897239583333333 0.6205925925925926 0.04344791666666667 0.1950925925925926
2 0.8277135416666667 0.5186296296296297 0.032276041666666665 0.14549074074074073
2 0.7738906249999999 0.6148333333333333 0.028802083333333332 0.18357407407407406
2 0.867265625 0.38651851851851854 0.04020833333333333 0.10349074074074073
2 0.9903125 0.4507685185185185 0.019375 0.10998148148148149
2 0.966890625 0.45643518518518517 0.022442708333333335 0.14146296296296296
2 0.6831510416666667 0.5470740740740742 0.04176041666666667 0.13139814814814815
2 0.6366510416666666 0.42700925925925926 0.047718750000000004 0.14434259259259258
2 0.6305729166666667 0.5215648148148148 0.035796875 0.1264351851851852
2 0.5880364583333333 0.5028333333333332 0.033828125 0.10463888888888889
2 0.5808333333333333 0.6303148148148148 0.05934895833333333 0.15589814814814815
2 0.481265625 0.5859166666666666 0.052921875 0.1689537037037037
2 0.4256197916666667 0.6527962962962963 0.04753645833333333 0.1669074074074074
2 0.406203125 0.45108333333333334 0.038218749999999996 0.15545370370370368
2 0.35070833333333334 0.5035 0.03810416666666667 0.11317592592592593
1 0.3121041666666667 0.44351851851851853 0.03752083333333334 0.13107407407407407
2 0.337109375 0.45488888888888884 0.030114583333333333 0.12808333333333335