2 0.015109375000000001 0.6413703703703704 0.030218750000000003 0.18975
2 0.07367708333333334 0.5048425925925926 0.043994791666666665 0.10391666666666667
2 0.19173437499999998 0.41650925925925925 0.019 0.13569444444444445
2 0.24659375 0.3978888888888889 0.0315 0.11697222222222223
2 0.35603125 0.42685185185185187 0.03856770833333333 0.08538888888888889
2 0.33620833333333333 0.611638888888889 0.03191145833333334 0.13398148148148148
2 0.37032291666666667 0.6077314814814815 0.032203125 0.1385
2 0.32431770833333334 0.7485277777777778 0.03347395833333333 0.13677777777777778
2 0.6834114583333334 0.6254722222222222 0.03197916666666666 0.1491111111111111
2 0.5246666666666667 0.4558611111111111 0.03463541666666667 0.1195462962962963
2 0.6011145833333333 0.5223796296296296 0.041005208333333334 0.15444444444444447
2 0.8456510416666667 0.5402314814814815 0.03343229166666666 0.05288888888888889
2 0.8482864583333334 0.6058703703703704 0.04854166666666667 0.09612037037037037
0 0.8845677083333333 0.6020185185185185 0.02588020833333333 0.03139814814814815
3 0.11777083333333334 0.5463611111111112 0.03728125 0.16905555555555557
1 0.5798489583333333 0.36625 0.066875 0.07488888888888888