3 0.33903125 0.4823703703703704 0.06116666666666667 0.13037962962962962
0 0.7621145833333334 0.6575 0.032328125 0.05162962962962963
1 0.8810520833333333 0.36253703703703705 0.047984374999999996 0.1191111111111111
2 0.22197395833333333 0.45228703703703704 0.0440625 0.11033333333333332
2 0.248453125 0.5831759259259259 0.050145833333333334 0.14680555555555558
2 0.3035729166666667 0.6888888888888889 0.06356770833333333 0.15101851851851852
2 0.3812760416666666 0.8167037037037037 0.07309895833333332 0.16392592592592592
2 0.5220625 0.5875740740740741 0.053677083333333334 0.1499537037037037
2 0.6253802083333333 0.39725925925925926 0.038375000000000006 0.12373148148148148
2 0.5350885416666666 0.46308333333333335 0.04182291666666667 0.12575925925925927
2 0.49428645833333335 0.4515185185185185 0.040078125 0.13039814814814815
2 0.46447916666666667 0.38260185185185186 0.04296354166666667 0.11601851851851852
2 0.4254114583333333 0.3391388888888889 0.034276041666666666 0.1124351851851852