1 0.12424479166666667 0.4731388888888889 0.021463541666666665 0.12191666666666666
3 0.5709322916666667 0.2759814814814815 0.023510416666666666 0.10706481481481481
3 0.7920625 0.5116018518518518 0.036187500000000004 0.13850925925925925
2 0.7541354166666667 0.37424999999999997 0.027911458333333337 0.09912962962962964
2 0.7775468750000001 0.3539814814814815 0.021796875 0.10203703703703704
2 0.6374635416666667 0.5648055555555556 0.03482291666666667 0.15085185185185185
2 0.54625 0.5444814814814815 0.032927083333333336 0.14519444444444446
2 0.5211770833333333 0.3273425925925926 0.020109375 0.08253703703703703
2 0.53915625 0.3121481481481482 0.016713541666666668 0.08110185185185186
2 0.5400729166666667 0.28633333333333333 0.016510416666666666 0.09221296296296297
2 0.4546614583333334 0.5638703703703704 0.026895833333333334 0.12846296296296297
2 0.437734375 0.5552407407407407 0.024932291666666665 0.11965740740740739
2 0.42582291666666666 0.5370925925925926 0.019442708333333333 0.12316666666666667
2 0.3941614583333333 0.5393240740740741 0.02941145833333333 0.1264259259259259
2 0.3727395833333333 0.5250833333333333 0.023901041666666668 0.12691666666666665
2 0.35917187500000003 0.5398055555555555 0.029333333333333333 0.13221296296296295
2 0.3339270833333333 0.5352222222222222 0.027713541666666668 0.13752777777777778
2 0.281765625 0.5721296296296297 0.040802083333333336 0.12930555555555556
2 0.23070312499999998 0.4921481481481481 0.025546875 0.13221296296296295
2 0.3017291666666667 0.4863611111111111 0.020557291666666665 0.09966666666666667
2 0.31809895833333335 0.4629351851851852 0.0249375 0.12525