2 0.28132291666666664 0.5119166666666667 0.02815625 0.10700925925925925
2 0.3432552083333333 0.8962129629629629 0.039359374999999995 0.1783425925925926
2 0.34909375 0.5093240740740741 0.02600520833333333 0.10923148148148148
2 0.41949479166666664 0.5495648148148148 0.039546875 0.1118425925925926
2 0.32503645833333333 0.43124074074074076 0.030041666666666668 0.09029629629629629
3 0.45153125000000005 0.33312037037037034 0.030604166666666665 0.09062962962962963
2 0.4827083333333333 0.4397685185185185 0.028281249999999997 0.0999351851851852
2 0.5996458333333333 0.6168981481481481 0.030588541666666667 0.1315185185185185
2 0.665265625 0.5432592592592593 0.040828125 0.10664814814814816
2 0.6287760416666667 0.38226851851851856 0.030432291666666667 0.08137037037037037
2 0.6803854166666666 0.4518240740740741 0.03559895833333333 0.10550925925925926
2 0.82309375 0.4661018518518518 0.031026041666666667 0.10068518518518518
2 0.8064114583333333 0.36187037037037034 0.022697916666666665 0.07765740740740741
1 0.01940625 0.47946296296296304 0.03880729166666667 0.11256481481481481
2 0.10464583333333333 0.47662037037037036 0.025578125 0.09125925925925926
2 0.124390625 0.4661574074074074 0.015421875 0.10296296296296296
2 0.13841666666666666 0.47249074074074077 0.017562499999999998 0.0964351851851852
3 0.14791145833333333 0.4646203703703704 0.01496875 0.09988888888888889
2 0.16215104166666666 0.46730555555555553 0.017541666666666667 0.10526851851851851