3 0.11139062500000001 0.4100185185185185 0.027213541666666667 0.12350925925925925
3 0.7733489583333333 0.6933611111111111 0.024270833333333335 0.1409351851851852
1 0.6804583333333334 0.3775648148148148 0.030546874999999998 0.09867592592592592
2 0.76871875 0.7369444444444444 0.037562500000000006 0.09597222222222222
2 0.7010416666666667 0.6392037037037037 0.03831770833333333 0.07419444444444444
2 0.7181614583333332 0.6147870370370371 0.02745833333333333 0.11590740740740742
2 0.6228020833333333 0.5481111111111111 0.034640625 0.1161574074074074
2 0.5311927083333333 0.4908240740740741 0.034958333333333334 0.10948148148148147
2 0.48695312500000004 0.42688888888888893 0.021583333333333333 0.10155555555555557
2 0.44764583333333335 0.39919444444444446 0.029244791666666665 0.09577777777777778
2 0.4472447916666667 0.40771296296296294 0.015000000000000001 0.08892592592592594
2 0.4097239583333333 0.3944537037037037 0.02372916666666667 0.09266666666666666
2 0.387171875 0.38680555555555557 0.019395833333333334 0.08694444444444445
2 0.372859375 0.39389814814814816 0.018994791666666667 0.09951851851851852
2 0.36009375 0.39975 0.01944791666666667 0.08972222222222223
2 0.34332291666666664 0.4000648148148148 0.020395833333333332 0.09036111111111111
2 0.3060208333333333 0.4261944444444445 0.015427083333333334 0.08532407407407408
2 0.3207083333333333 0.41335185185185186 0.016286458333333333 0.09027777777777778
2 0.3156875 0.39493518518518517 0.015192708333333334 0.0870462962962963
2 0.24021354166666667 0.42425 0.0260625 0.09911111111111112
2 0.017666666666666667 0.4543888888888889 0.019770833333333335 0.10341666666666667