1 0.6612760416666668 0.4508518518518519 0.03592708333333334 0.1294074074074074
2 0.75884375 0.5762407407407407 0.041776041666666666 0.1254814814814815
2 0.637921875 0.5396944444444445 0.03451041666666667 0.11837962962962963
2 0.6398177083333334 0.5050648148148148 0.027161458333333333 0.11905555555555557
2 0.6203333333333333 0.5121851851851852 0.024567708333333334 0.11219444444444444
2 0.5176354166666667 0.5286574074074074 0.029260416666666667 0.11477777777777777
2 0.504015625 0.4724351851851852 0.030218750000000003 0.10526851851851851
2 0.5207864583333334 0.4663611111111111 0.031104166666666665 0.14062962962962963
2 0.4382395833333333 0.5153055555555556 0.03526041666666667 0.13558333333333333
2 0.45330729166666667 0.4209814814814815 0.0253125 0.09737962962962964
2 0.39633854166666665 0.4748703703703704 0.031625 0.1246574074074074
2 0.40572395833333336 0.4418240740740741 0.0229375 0.09684259259259259
2 0.34682291666666665 0.4313333333333333 0.026135416666666668 0.09036111111111111
2 0.238 0.48983333333333334 0.025994791666666666 0.11367592592592592
2 0.24378645833333332 0.4253240740740741 0.03163020833333333 0.09287037037037037
2 0.24730208333333334 0.6845555555555556 0.05277083333333333 0.13887962962962963
2 0.07361979166666667 0.564675925925926 0.03573958333333334 0.12875
3 0.05969791666666667 0.5043703703703704 0.036848958333333334 0.12162962962962964