1 0.240578125 0.475287037037037 0.031000000000000003 0.10944444444444444
3 0.610046875 0.29391666666666666 0.020765625 0.06734259259259259
3 0.7941145833333334 0.4882962962962963 0.023625 0.10347222222222222
2 0.8837395833333334 0.3914166666666667 0.021984375 0.09472222222222222
2 0.9160364583333334 0.5851944444444445 0.043973958333333334 0.12468518518518518
2 0.7669739583333333 0.5946944444444444 0.028010416666666666 0.11761111111111111
2 0.7533854166666667 0.4267222222222222 0.027380208333333333 0.11318518518518518
2 0.6539322916666667 0.36324074074074075 0.0421875 0.07933333333333334
2 0.5851197916666667 0.36516666666666664 0.015604166666666667 0.07449074074074075
2 0.5714270833333334 0.30142592592592593 0.016859375 0.07490740740740741
0 0.5726822916666666 0.3423148148148148 0.008197916666666668 0.017611111111111112
2 0.6185625 0.5156388888888889 0.02871354166666667 0.11966666666666667
2 0.655640625 0.5335092592592593 0.031635416666666666 0.12064814814814816
2 0.5061770833333333 0.531462962962963 0.026744791666666667 0.1078611111111111
2 0.47575520833333335 0.42286111111111113 0.022072916666666668 0.09446296296296296
2 0.46546875000000004 0.5106666666666666 0.028604166666666667 0.09577777777777778
2 0.42786979166666667 0.5186481481481481 0.020942708333333334 0.10427777777777779
2 0.440828125 0.49504629629629626 0.015822916666666666 0.10257407407407408
2 0.44906770833333337 0.47741666666666666 0.015104166666666667 0.10385185185185185
2 0.385984375 0.48841666666666667 0.02609895833333333 0.11167592592592593
2 0.357296875 0.47734259259259254 0.017796875 0.10519444444444444