1 0.1693802083333333 0.5229351851851851 0.04174479166666667 0.13035185185185186
3 0.550765625 0.34538888888888886 0.015916666666666666 0.08242592592592592
3 0.7486406250000001 0.5870648148148148 0.031546875 0.12155555555555556
2 0.8873385416666667 0.5917129629629629 0.032489583333333336 0.11981481481481482
2 0.8167760416666667 0.624537037037037 0.030473958333333332 0.1335
2 0.7780572916666666 0.5850185185185186 0.030119791666666666 0.1269074074074074
2 0.768703125 0.4523981481481481 0.025593750000000002 0.09324074074074075
2 0.7451770833333333 0.5212962962962963 0.027276041666666664 0.10028703703703704
2 0.6697708333333333 0.5144444444444445 0.046593749999999996 0.12280555555555556
2 0.5720885416666667 0.5116111111111111 0.034640625 0.11084259259259259
2 0.5486145833333332 0.40326851851851847 0.017817708333333335 0.08319444444444445
2 0.5211510416666667 0.3543703703703704 0.019598958333333336 0.08149074074074074
0 0.5255364583333333 0.3791851851851852 0.011536458333333333 0.019268518518518518
2 0.36565624999999996 0.4820092592592593 0.026713541666666667 0.10204629629629629
2 0.3926354166666667 0.5945185185185186 0.033703124999999994 0.12386111111111112
2 0.4671458333333333 0.5533425925925926 0.021458333333333336 0.11553703703703704
2 0.4348072916666667 0.5083796296296296 0.029442708333333335 0.11225925925925925
2 0.44557291666666665 0.4697222222222222 0.023505208333333336 0.09008333333333333
2 0.279703125 0.5374351851851852 0.035562500000000004 0.10578703703703704
2 0.31040104166666665 0.514212962962963 0.03581770833333333 0.10186111111111111
2 0.24408333333333332 0.47444444444444445 0.025458333333333336 0.11842592592592593