3 0.24367708333333335 0.9292685185185185 0.05969791666666667 0.14146296296296296
3 0.3190625 0.18639814814814815 0.028171875000000002 0.08472222222222223
3 0.9840833333333333 0.45794444444444443 0.031828125 0.13399074074074074
2 0.13125520833333332 0.5816296296296296 0.06921875000000001 0.1375462962962963
2 0.20146354166666666 0.37525925925925924 0.040067708333333334 0.12121296296296295
2 0.32284375 0.49737037037037035 0.03729166666666666 0.12589814814814815
2 0.4618854166666667 0.2570925925925926 0.033484375000000004 0.08028703703703703
2 0.5184791666666667 0.44984259259259257 0.04561458333333333 0.11908333333333335
2 0.42753125000000003 0.6189537037037037 0.048989583333333336 0.13582407407407407
2 0.6133229166666666 0.44749074074074074 0.028760416666666667 0.10491666666666667
2 0.66659375 0.32353703703703707 0.03158333333333333 0.0934074074074074
2 0.8005781249999999 0.7140833333333334 0.04159895833333334 0.1401111111111111
2 0.8529479166666667 0.8261203703703704 0.053119791666666666 0.17319444444444446
2 0.9178125 0.5488796296296296 0.05002604166666667 0.13121296296296298
2 0.8607760416666667 0.4270185185185185 0.033463541666666666 0.10652777777777778
2 0.9568958333333334 0.3165925925925926 0.035109375 0.10787962962962963
0 0.20658854166666665 0.4087777777777778 0.0149375 0.025