3 0.16353645833333333 0.4138425925925926 0.03929166666666666 0.12921296296296297
1 0.7468385416666667 0.4162037037037037 0.02069270833333333 0.12105555555555557
2 0.785921875 0.5515 0.029989583333333333 0.11241666666666666
2 0.7389895833333333 0.5812314814814815 0.04848958333333333 0.12677777777777777
2 0.6098958333333333 0.5304537037037037 0.03313541666666667 0.12187037037037038
2 0.6338697916666667 0.5105925925925926 0.026723958333333336 0.11866666666666667
2 0.49762500000000004 0.49713888888888885 0.03527604166666667 0.12473148148148148
2 0.4723489583333333 0.4520555555555556 0.024880208333333334 0.10987037037037037
2 0.5345624999999999 0.4665277777777778 0.024442708333333334 0.11142592592592593
2 0.5783229166666667 0.44487037037037036 0.03384895833333333 0.11017592592592593
2 0.5608020833333334 0.360037037037037 0.030713541666666667 0.09110185185185185
2 0.5066770833333334 0.3696666666666667 0.029723958333333335 0.10546296296296297
2 0.48888541666666663 0.36048148148148146 0.026593750000000003 0.091
2 0.47356770833333334 0.3574537037037037 0.0273125 0.09472222222222222
2 0.23928125 0.40774074074074074 0.026302083333333334 0.10437037037037036
2 0.109421875 0.3408796296296296 0.026765625 0.09188888888888888
2 0.09027083333333333 0.584462962962963 0.032468750000000005 0.11162962962962963