2 0.0741875 0.26139814814814816 0.03409895833333333 0.11359259259259259
2 0.3810208333333333 0.40162037037037035 0.043916666666666666 0.12392592592592593
2 0.21478125 0.3832962962962963 0.05036979166666666 0.11672222222222223
2 0.11932291666666667 0.46004629629629634 0.062031249999999996 0.14554629629629628
2 0.5101458333333333 0.5323148148148148 0.03919791666666667 0.15330555555555556
2 0.6483020833333334 0.3936851851851852 0.04280208333333334 0.12710185185185185
2 0.7063385416666667 0.3271851851851852 0.033239583333333336 0.12741666666666668
2 0.6091770833333333 0.2746759259259259 0.0249375 0.10204629629629629
2 0.649921875 0.2757037037037037 0.03771875 0.09501851851851852
2 0.6029218749999999 0.21394444444444444 0.02314583333333333 0.06196296296296296
2 0.7580260416666668 0.5297222222222222 0.047984374999999996 0.14812037037037037
2 0.7969010416666666 0.3981851851851852 0.038859375 0.14612037037037037
2 0.8611927083333334 0.5689907407407407 0.04273958333333334 0.15426851851851853
2 0.96103125 0.5115740740740741 0.057328124999999994 0.1513611111111111
2 0.5613645833333333 0.8110833333333334 0.07150520833333333 0.17926851851851852
0 0.856328125 0.5121481481481481 0.024651041666666665 0.03610185185185185
3 0.2800989583333333 0.4395833333333333 0.05275520833333334 0.12894444444444444
3 0.9140104166666667 0.9147777777777778 0.0688125 0.17045370370370372