0 0.8136875 0.5608055555555556 0.01128125 0.02612037037037037
2 0.6520989583333333 0.3955740740740741 0.026651041666666667 0.10019444444444443
2 0.5593229166666667 0.6538240740740741 0.052911458333333335 0.11052777777777778
2 0.4446145833333333 0.61925 0.052656249999999995 0.14014814814814816
2 0.51609375 0.49290740740740746 0.039359374999999995 0.10967592592592593
2 0.37533854166666664 0.45164814814814813 0.035625000000000004 0.11975925925925926
2 0.345703125 0.2643888888888889 0.03191666666666667 0.06622222222222222
2 0.258078125 0.5629722222222222 0.044171875 0.10783333333333332
2 0.12676041666666665 0.8582592592592592 0.06972395833333334 0.1428611111111111
2 0.104765625 0.7113333333333334 0.039625 0.12062037037037038
2 0.1378125 0.4628611111111111 0.03280208333333333 0.12366666666666667
2 0.11894791666666667 0.3269444444444445 0.029791666666666668 0.09257407407407407
3 0.9622552083333333 0.8633055555555555 0.032385416666666667 0.15912037037037036