3 0.2937916666666667 0.9216388888888889 0.035729166666666666 0.12147222222222222
3 0.2711614583333333 0.16437962962962963 0.021718750000000002 0.08843518518518519
3 0.9435989583333334 0.3955740740740741 0.033265625 0.10019444444444443
2 0.06834895833333333 0.5792314814814815 0.05706770833333333 0.12800925925925927
2 0.130796875 0.3777685185185185 0.03960416666666667 0.08311111111111112
2 0.5504947916666667 0.5313240740740741 0.028541666666666667 0.10193518518518518
2 0.5632291666666667 0.4699074074074074 0.022234374999999997 0.09017592592592592
2 0.6513385416666666 0.3601111111111111 0.025213541666666665 0.0908611111111111
2 0.67625 0.446212962962963 0.030026041666666666 0.11348148148148149
2 0.7021770833333334 0.24799999999999997 0.032 0.0805
2 0.7427864583333333 0.27947222222222223 0.025718750000000002 0.0885
2 0.72146875 0.6668888888888889 0.035 0.12002777777777777
2 0.7251666666666666 0.8265925925925927 0.033859375000000004 0.14796296296296296
2 0.9666250000000001 0.5963425925925926 0.04240104166666667 0.1325648148148148
2 0.8667291666666667 0.37963888888888886 0.0306875 0.09678703703703703
2 0.9636302083333333 0.30483333333333335 0.01946875 0.08573148148148148
2 0.9829166666666667 0.38024074074074077 0.031760416666666666 0.1068611111111111