1 0.1576875 0.47595370370370366 0.028791666666666667 0.12721296296296294
2 0.28301041666666665 0.5645740740740741 0.0265625 0.11586111111111111
2 0.2533020833333333 0.5427407407407407 0.032546875 0.10576851851851853
2 0.3867760416666667 0.5076296296296297 0.02282291666666667 0.10847222222222223
2 0.3232916666666667 0.5352037037037037 0.021442708333333334 0.10650925925925926
2 0.3384739583333333 0.5340092592592592 0.014421875 0.09477777777777778
2 0.35663020833333337 0.5291851851851852 0.014520833333333334 0.10692592592592592
2 0.36886458333333333 0.5226851851851851 0.013869791666666666 0.10328703703703704
2 0.32060937500000003 0.49906481481481485 0.016072916666666666 0.09652777777777778
2 0.341390625 0.46608333333333335 0.017921874999999997 0.09184259259259259
2 0.319671875 0.4367962962962963 0.023546875000000002 0.07480555555555556
3 0.78284375 0.493787037037037 0.027520833333333335 0.13537962962962963
2 0.6035833333333334 0.3722407407407407 0.022604166666666665 0.0785
2 0.553515625 0.30568518518518517 0.01503125 0.07605555555555556
2 0.4949375 0.5196388888888889 0.031005208333333333 0.10323148148148148
2 0.5154739583333333 0.2966388888888889 0.01828645833333333 0.07025925925925926
3 0.526109375 0.2955925925925926 0.012713541666666666 0.07049074074074074
2 0.46298437499999995 0.33624074074074073 0.016010416666666666 0.07515740740740741
2 0.4647760416666667 0.4955740740740741 0.023286458333333333 0.1129537037037037
2 0.8678072916666667 0.4085462962962963 0.019625 0.09249074074074073