3 0.24196354166666667 0.17096296296296296 0.022239583333333333 0.07362037037037038
3 0.14902604166666666 0.9181018518518518 0.041453125 0.13744444444444445
3 0.8371458333333333 0.3340462962962963 0.026375 0.15246296296296297
2 0.7554895833333333 0.27411111111111114 0.02671875 0.09781481481481481
2 0.4724114583333333 0.25816666666666666 0.031739583333333335 0.09677777777777777
2 0.5380052083333333 0.3604907407407407 0.043145833333333335 0.11933333333333333
2 0.7123177083333334 0.33301851851851855 0.04454166666666667 0.09525
2 0.74440625 0.6006851851851852 0.03406770833333333 0.14601851851851852
2 0.43233333333333335 0.48004629629629636 0.047078125 0.17325925925925925
2 0.26531770833333335 0.2835740740740741 0.03480208333333333 0.08217592592592593
2 0.299546875 0.23172222222222222 0.021901041666666666 0.10357407407407407
2 0.08169270833333334 0.5044259259259259 0.05759375 0.15412962962962964
2 0.7527968749999999 0.7689537037037038 0.0450625 0.2012962962962963
2 0.833125 0.4524166666666667 0.036270833333333335 0.12974074074074074
2 0.8956510416666668 0.3483981481481481 0.022322916666666668 0.11058333333333334
2 0.8876666666666666 0.2803888888888889 0.0271875 0.09184259259259259
2 0.9504270833333333 0.3240648148148148 0.029442708333333335 0.08351851851851852
2 0.9908541666666667 0.35662962962962963 0.01828645833333333 0.1270462962962963
0 0.2991145833333333 0.3259166666666667 0.024614583333333332 0.056768518518518524