2 0.07343229166666668 0.8120925925925926 0.05823958333333333 0.15144444444444444
2 0.11538541666666666 0.403787037037037 0.031364583333333335 0.10258333333333335
2 0.27936979166666664 0.6583518518518519 0.03825520833333333 0.12769444444444444
0 0.22166666666666668 0.8094166666666667 0.011093750000000001 0.025916666666666664
3 0.3558125 0.5306481481481482 0.055953125000000006 0.13265740740740742
2 0.42797395833333335 0.7696944444444445 0.07071354166666667 0.17012037037037037
2 0.6558541666666666 0.7391481481481481 0.0570625 0.1590925925925926
2 0.7916093750000001 0.533 0.041421875000000004 0.11857407407407408
2 0.7019739583333333 0.3552592592592593 0.0308125 0.09219444444444444
2 0.8743229166666667 0.6695 0.043333333333333335 0.1337962962962963
2 0.6996927083333334 0.4337962962962963 0.030359375 0.09751851851851852
2 0.7011302083333334 0.7035 0.029125 0.13962037037037037
2 0.7469739583333334 0.761824074074074 0.046760416666666665 0.1429351851851852
2 0.9569583333333332 0.4549814814814815 0.05140625 0.11441666666666667