2 0.08074479166666666 0.335787037037037 0.027802083333333335 0.09637962962962963
3 0.029463541666666666 0.21805555555555556 0.022520833333333334 0.0729074074074074
2 0.22380208333333332 0.3166759259259259 0.02834375 0.09441666666666666
2 0.34221874999999996 0.4563148148148148 0.02353125 0.09194444444444444
2 0.40358333333333335 0.4868611111111111 0.053677083333333334 0.10003703703703705
2 0.5615104166666666 0.25277777777777777 0.019625 0.08378703703703703
2 0.6551614583333334 0.2990925925925926 0.02177604166666667 0.08714814814814816
2 0.7101302083333334 0.4825277777777778 0.035994791666666665 0.11091666666666668
2 0.7317187500000001 0.7068425925925926 0.03053125 0.12437037037037037
2 0.6625572916666667 0.5091759259259259 0.02086979166666667 0.11119444444444444
3 0.6591041666666667 0.45532407407407405 0.020244791666666664 0.09834259259259259
2 0.6813802083333333 0.41175925925925927 0.018802083333333334 0.08722222222222223
2 0.6653489583333333 0.36073148148148143 0.016677083333333335 0.08097222222222222