3 0.2572291666666667 0.4910833333333333 0.038078125 0.11672222222222223
3 0.06491666666666666 0.8945462962962963 0.05652083333333333 0.17620370370370372
3 0.855109375 0.8122592592592592 0.06459374999999999 0.1629722222222222
0 0.6497916666666667 0.6217685185185186 0.015333333333333334 0.03525925925925926
2 0.7035520833333333 0.6535555555555556 0.041192708333333335 0.11737037037037037
2 0.6925208333333334 0.5550555555555556 0.04519270833333333 0.13657407407407407
2 0.7300416666666667 0.5192407407407407 0.043791666666666666 0.11436111111111112
2 0.5803802083333333 0.2944074074074074 0.043291666666666666 0.11255555555555556
2 0.43559375 0.5926851851851852 0.06470833333333333 0.12843518518518518
2 0.33137500000000003 0.7112499999999999 0.05084895833333333 0.14317592592592593
2 0.322765625 0.24922222222222223 0.03363541666666667 0.09630555555555556
2 0.12322395833333334 0.4700648148148148 0.03761458333333333 0.12102777777777779
2 0.15327083333333333 0.5379907407407407 0.04559375 0.13333333333333333
2 0.10402604166666667 0.716462962962963 0.035708333333333335 0.13199074074074074
2 0.14893229166666666 0.7376111111111111 0.04733333333333333 0.1341388888888889
2 0.41419791666666667 0.759537037037037 0.042765625 0.13474074074074074
2 0.43764583333333335 0.7376111111111111 0.05144270833333333 0.12178703703703704