2 0.10973958333333332 0.5191481481481481 0.026364583333333334 0.06330555555555556
2 0.166625 0.45508333333333334 0.02169270833333333 0.07435185185185185
2 0.31691145833333334 0.7156388888888888 0.03720833333333333 0.0958425925925926
3 0.26869791666666665 0.3498703703703704 0.018666666666666668 0.04878703703703703
2 0.3596822916666667 0.5202222222222223 0.02090104166666667 0.0713425925925926
2 0.34886458333333337 0.48269444444444437 0.019182291666666667 0.06708333333333334
2 0.4890625 0.42900925925925926 0.018119791666666666 0.05530555555555555
2 0.5243125 0.4094166666666667 0.015604166666666667 0.052703703703703704
2 0.5334375 0.48348148148148146 0.018583333333333334 0.06039814814814815
2 0.5331354166666666 0.5358240740740742 0.026609375 0.06241666666666666
2 0.5513854166666667 0.44116666666666665 0.011333333333333334 0.04775925925925926
3 0.5609739583333333 0.44889814814814816 0.013911458333333333 0.05967592592592593
2 0.5276979166666667 0.37689814814814815 0.013078125 0.05257407407407407
2 0.5823229166666667 0.4131296296296296 0.01678125 0.05896296296296296
2 0.5928020833333334 0.567675925925926 0.029776041666666666 0.08127777777777778
2 0.5468229166666667 0.7612314814814815 0.026765625 0.09546296296296296
3 0.584109375 0.8729259259259259 0.026994791666666667 0.12177777777777779
2 0.8517343749999999 0.6728611111111111 0.032140625 0.1023425925925926
2 0.733609375 0.5474074074074075 0.028374999999999997 0.07532407407407407
2 0.8179270833333334 0.5333425925925925 0.027489583333333335 0.07588888888888888
2 0.7877500000000001 0.47450000000000003 0.02203125 0.06725925925925925
2 0.803 0.42727777777777776 0.025083333333333332 0.06753703703703703
2 0.7128958333333333 0.4879907407407407 0.022473958333333332 0.07702777777777778