1 0.7122239583333333 0.43472222222222223 0.034932291666666664 0.13350925925925924
0 0.7802083333333333 0.45463888888888887 0.02034375 0.036259259259259255
3 0.112734375 0.5344907407407408 0.02938020833333333 0.14372222222222222
2 0.7003697916666667 0.6782222222222223 0.03203645833333333 0.13306481481481483
2 0.5388802083333334 0.5426851851851852 0.027265625 0.14369444444444443
2 0.5244895833333333 0.5431111111111111 0.02234375 0.12475925925925926
2 0.5107760416666667 0.546787037037037 0.027515625 0.1264537037037037
2 0.46084375000000005 0.4966851851851852 0.034192708333333335 0.12377777777777778
2 0.41496875 0.5628888888888889 0.03944270833333333 0.11907407407407407
2 0.36110416666666667 0.5479722222222222 0.03586979166666667 0.12599074074074074
2 0.40157291666666667 0.476537037037037 0.038098958333333335 0.0976111111111111
2 0.39652604166666666 0.44225925925925924 0.021640625 0.11244444444444444
2 0.30886979166666667 0.4710833333333333 0.029203125 0.10225000000000001
2 0.26756250000000004 0.46726851851851847 0.04040625 0.10310185185185185
2 0.20311979166666666 0.47744444444444445 0.025223958333333334 0.10649074074074075
2 0.08417708333333333 0.45999074074074076 0.03143229166666667 0.09844444444444443
2 0.05979166666666667 0.7467222222222223 0.044468749999999994 0.1715648148148148