2 0.0976875 0.5411296296296296 0.022770833333333334 0.09183333333333334
2 0.16970833333333332 0.45678703703703705 0.017833333333333333 0.07812037037037037
3 0.249265625 0.344 0.015609375 0.06464814814814814
3 0.6219791666666666 0.45075 0.013640625 0.06823148148148148
2 0.8676145833333333 0.6742037037037036 0.022734374999999998 0.09862962962962962
2 0.8422083333333333 0.5352870370370371 0.023223958333333336 0.08014814814814815
2 0.8067239583333333 0.4649166666666667 0.022734374999999998 0.06799999999999999
2 0.8133697916666667 0.4183888888888889 0.016859375 0.07055555555555555
2 0.749328125 0.5427777777777778 0.021067708333333334 0.08635185185185186
2 0.7042031249999999 0.4795277777777778 0.022307291666666666 0.07525
2 0.6213072916666668 0.4134351851851852 0.016015625 0.06943518518518518
2 0.574203125 0.4428240740740741 0.016385416666666666 0.05898148148148148
2 0.5676770833333333 0.5722314814814815 0.021260416666666667 0.07712037037037038
2 0.55 0.5602592592592593 0.022994791666666667 0.08175
2 0.5335260416666666 0.4813425925925926 0.024046875000000002 0.07338888888888889
2 0.48036979166666666 0.4225 0.017260416666666667 0.06998148148148148
2 0.5251822916666666 0.4054166666666667 0.018494791666666666 0.05669444444444444
2 0.5282447916666667 0.3735462962962963 0.015338541666666667 0.06549074074074074
2 0.4078125 0.5150925925925925 0.030411458333333332 0.08593518518518518
2 0.3485989583333333 0.4791574074074074 0.017072916666666667 0.08109259259259259
2 0.3389583333333333 0.7278888888888889 0.029932291666666666 0.11587962962962964
2 0.5488593749999999 0.7558518518518519 0.02627604166666667 0.10476851851851852
3 0.5816458333333333 0.8728888888888889 0.031890625 0.1278425925925926