3 0.448703125 0.8156574074074073 0.04672395833333333 0.17297222222222222
2 0.33276041666666667 0.7888518518518519 0.06427604166666666 0.14635185185185184
2 0.2534166666666667 0.6268703703703703 0.04440625 0.13087962962962962
2 0.40669791666666666 0.544148148148148 0.04296354166666667 0.12352777777777778
2 0.5314635416666667 0.7439166666666667 0.051734375 0.13746296296296298
2 0.5479739583333333 0.5576666666666666 0.03704166666666667 0.13127777777777777
3 0.49030729166666664 0.41188888888888886 0.03448958333333333 0.10192592592592592
2 0.5874739583333334 0.31507407407407406 0.035791666666666666 0.07797222222222222
2 0.683953125 0.40224074074074073 0.03353645833333333 0.08262962962962962
2 0.666390625 0.3037037037037037 0.028781249999999998 0.08221296296296297
2 0.8368697916666666 0.3933611111111111 0.040046875 0.09958333333333333
2 0.6489114583333334 0.5669074074074074 0.03630208333333333 0.12277777777777778
0 0.6224583333333332 0.5480092592592593 0.02333333333333333 0.03098148148148148
2 0.8677239583333333 0.41302777777777777 0.038859375 0.11578703703703704
2 0.907296875 0.564787037037037 0.029067708333333334 0.11467592592592592
2 0.9183541666666667 0.5171574074074073 0.029489583333333333 0.10810185185185185
2 0.90903125 0.43057407407407405 0.023859375000000002 0.0776111111111111