3 0.9732239583333333 0.43574074074074076 0.029848958333333335 0.11703703703703704
3 0.471609375 0.14685185185185184 0.027666666666666666 0.07648148148148147
3 0.5608177083333333 0.9132592592592593 0.043458333333333335 0.17347222222222222
0 0.28025520833333334 0.8168240740740741 0.020765625 0.04505555555555555
2 0.21344791666666665 0.7514722222222222 0.06405729166666667 0.13705555555555557
2 0.19647395833333334 0.6631851851851852 0.034499999999999996 0.1402037037037037
2 0.06627083333333333 0.4496851851851852 0.031229166666666665 0.11757407407407408
2 0.3785572916666667 0.5116851851851852 0.03715625 0.11070370370370371
2 0.50584375 0.47780555555555554 0.042296875 0.12693518518518518
2 0.7189010416666667 0.6247592592592592 0.038760416666666665 0.14539814814814814
2 0.7142291666666666 0.31048148148148147 0.043703124999999995 0.11657407407407408
2 0.8733958333333334 0.3556944444444444 0.029083333333333336 0.09174074074074073
2 0.8343385416666667 0.2649814814814815 0.020197916666666666 0.10762037037037038
2 0.37897916666666664 0.25160185185185185 0.028109375 0.10625925925925926
2 0.31328125 0.3222037037037037 0.032963541666666665 0.09312962962962963