2 0.29027083333333337 0.5950092592592593 0.05565625 0.12108333333333335
2 0.3555885416666667 0.5338703703703704 0.05427604166666666 0.11294444444444444
2 0.4013125 0.7336666666666667 0.055447916666666666 0.16377777777777777
2 0.48841666666666667 0.6572962962962963 0.04563020833333333 0.12524074074074074
2 0.4710520833333333 0.8244444444444444 0.045625 0.15706481481481482
2 0.6650833333333334 0.5166388888888889 0.036119791666666665 0.1124351851851852
2 0.8128958333333334 0.6019907407407408 0.04535416666666667 0.14122222222222222
2 0.8241822916666667 0.753962962962963 0.043619791666666664 0.15196296296296297
2 0.9179427083333334 0.5225277777777778 0.043640625 0.11501851851851852
2 0.8587135416666667 0.4446296296296296 0.03640104166666667 0.10269444444444444
2 0.8398854166666666 0.46925925925925926 0.039088541666666664 0.09456481481481481
2 0.818296875 0.412962962962963 0.025765625 0.08956481481481482
2 0.8123802083333334 0.35929629629629634 0.022000000000000002 0.08982407407407408
2 0.7066666666666667 0.42419444444444443 0.04618229166666667 0.10819444444444444
2 0.6462083333333334 0.4627962962962963 0.042270833333333334 0.10173148148148149
2 0.558859375 0.45658333333333334 0.04186458333333333 0.10938888888888888
2 0.5133333333333333 0.45813888888888893 0.046828125 0.09098148148148148
1 0.33236979166666664 0.43862962962962965 0.04438541666666666 0.0842962962962963
3 0.37109375 0.9403981481481481 0.06546875 0.11921296296296297
3 0.6814791666666667 0.5779537037037038 0.04953645833333333 0.13286111111111112
3 0.9217135416666667 0.28109259259259256 0.024822916666666663 0.08097222222222222
0 0.24321875 0.6403981481481481 0.024046875000000002 0.03136111111111111