1 0.24490104166666665 0.4605648148148148 0.03836979166666667 0.11237037037037037
2 0.32664062499999996 0.4896481481481482 0.03370833333333333 0.10462962962962963
2 0.3588020833333333 0.44962962962962966 0.029026041666666665 0.11161111111111112
2 0.45716666666666667 0.49186111111111114 0.020354166666666666 0.0933611111111111
2 0.4448958333333334 0.38707407407407407 0.019885416666666666 0.0849074074074074
2 0.4233645833333333 0.4397870370370371 0.028968749999999998 0.09476851851851852
2 0.47994270833333336 0.4932129629629629 0.024187499999999997 0.10890740740740741
2 0.3946510416666667 0.492 0.026109375 0.1022037037037037
2 0.6239843749999999 0.4121111111111111 0.026625 0.07935185185185185
2 0.6451927083333333 0.5604814814814816 0.039359374999999995 0.11363888888888889
2 0.6734895833333333 0.5063425925925926 0.028552083333333332 0.10948148148148147
2 0.7276041666666667 0.47302777777777777 0.03488541666666667 0.10419444444444445
2 0.7183437500000001 0.3683148148148148 0.028401041666666668 0.08875
3 0.7788489583333333 0.4556944444444444 0.02584375 0.10803703703703704
2 0.8030260416666667 0.3935648148148148 0.026864583333333334 0.08505555555555555