0 0.5575156250000001 0.7655092592592593 0.025916666666666664 0.04541666666666666
3 0.58746875 0.5170833333333333 0.042416666666666665 0.135
3 0.23571875 0.9064166666666666 0.05940625 0.16674074074074074
3 0.8168072916666667 0.2293425925925926 0.03639583333333333 0.09961111111111111
1 0.25250520833333334 0.3676759259259259 0.05825 0.13969444444444445
2 0.28305729166666665 0.7051111111111111 0.052015625 0.17347222222222222
2 0.22591145833333334 0.7930833333333334 0.0391875 0.16523148148148148
2 0.4585989583333333 0.6151111111111112 0.045296875 0.13017592592592592
2 0.417828125 0.46987962962962965 0.04706770833333333 0.12453703703703704
2 0.52215625 0.5526203703703704 0.05065104166666667 0.12482407407407407
2 0.5011510416666667 0.39378703703703705 0.025723958333333335 0.09576851851851853
2 0.52090625 0.39269444444444446 0.026614583333333334 0.0981851851851852
2 0.5744947916666666 0.3716574074074074 0.032656250000000005 0.09659259259259259
2 0.7042864583333334 0.43902777777777774 0.034671875 0.11411111111111111
2 0.735265625 0.29917592592592596 0.03468229166666667 0.09264814814814815
2 0.6125104166666666 0.38555555555555554 0.02735416666666667 0.07173148148148148
2 0.6086822916666667 0.3607222222222222 0.022901041666666667 0.07332407407407407
2 0.6133072916666666 0.4656296296296296 0.027661458333333333 0.12130555555555554
2 0.7279583333333334 0.5284351851851852 0.04614583333333333 0.12671296296296294
2 0.7744270833333334 0.428287037037037 0.036520833333333336 0.09725
2 0.7715833333333334 0.3591388888888889 0.04109895833333333 0.08154629629629628
2 0.5963125 0.7318611111111111 0.04906770833333333 0.13962037037037037
2 0.9137708333333333 0.5538148148148149 0.041276041666666666 0.12855555555555556
2 0.9719322916666666 0.34344444444444444 0.03034375 0.10188888888888889