2 0.7336458333333333 0.6354074074074074 0.051625000000000004 0.10715740740740741
2 0.42966145833333336 0.47618518518518516 0.035895833333333335 0.1142962962962963
2 0.45593229166666666 0.5501944444444444 0.028979166666666667 0.1185462962962963
2 0.47424999999999995 0.48929629629629634 0.03230729166666667 0.11514814814814815
2 0.38419791666666664 0.5290462962962963 0.030588541666666667 0.11008333333333334
2 0.24719791666666666 0.45968518518518514 0.030119791666666666 0.10667592592592592
2 0.3080625 0.4675092592592593 0.028161458333333333 0.10118518518518518
2 0.34098958333333335 0.46011111111111114 0.025041666666666667 0.11598148148148149
2 0.5447291666666667 0.5453240740740741 0.028182291666666668 0.12150925925925925
2 0.5831666666666667 0.54025 0.01942708333333333 0.12826851851851853
2 0.144015625 0.7153333333333333 0.042567708333333336 0.14016666666666666
2 0.05141145833333333 0.5142407407407408 0.045265625 0.10585185185185185
3 0.09539583333333333 0.5269351851851852 0.03333854166666667 0.11431481481481481
2 0.137953125 0.44425000000000003 0.037578125000000004 0.09694444444444444