2 0.38690625 0.4120462962962963 0.039828125 0.06259259259259259
2 0.29503125 0.41387962962962965 0.023208333333333334 0.08986111111111111
3 0.316484375 0.4900092592592593 0.030625 0.11675
2 0.41719270833333333 0.49672222222222223 0.032859375 0.10983333333333334
2 0.4300104166666667 0.3838611111111111 0.01728645833333333 0.08150925925925925
2 0.44997395833333337 0.4004537037037037 0.02402083333333333 0.0841574074074074
2 0.5619791666666667 0.534074074074074 0.028244791666666665 0.11330555555555556
2 0.6674270833333333 0.6670833333333334 0.04339583333333333 0.10459259259259258
2 0.5539375 0.4679259259259259 0.032765625 0.09089814814814814
2 0.51778125 0.4877685185185185 0.029135416666666667 0.10005555555555556
2 0.06426041666666667 0.427462962962963 0.028166666666666666 0.08661111111111111
2 0.2075729166666667 0.475425925925926 0.047718750000000004 0.10580555555555556