3 0.8120364583333333 0.39442592592592596 0.054046875 0.15818518518518518
3 0.297796875 0.9153796296296296 0.08459895833333334 0.16924074074074075
3 0.16930729166666666 0.18407407407407408 0.03594791666666666 0.09551851851851852
2 0.09377604166666667 0.6376944444444445 0.05503125 0.16324074074074074
2 0.183484375 0.4281111111111111 0.05389583333333334 0.1298888888888889
2 0.271171875 0.3982777777777778 0.04870833333333333 0.14430555555555555
2 0.3905416666666667 0.3414537037037037 0.053078125 0.1263240740740741
2 0.59528125 0.25608333333333333 0.04415625 0.10372222222222222
2 0.6511354166666667 0.3080277777777778 0.044744791666666665 0.10267592592592592
2 0.6012135416666666 0.4396851851851852 0.047338541666666664 0.12525925925925926
2 0.6013593749999999 0.5566851851851852 0.0563125 0.14629629629629629
2 0.8983645833333332 0.4127222222222222 0.037036458333333334 0.10860185185185185
2 0.9762500000000001 0.34558333333333335 0.03520833333333333 0.12272222222222222
2 0.9280833333333334 0.6665555555555556 0.04394270833333334 0.14549074074074073
2 0.9778854166666666 0.5303425925925925 0.044234375000000006 0.12635185185185185
2 0.825359375 0.8205740740740741 0.066609375 0.18102777777777776
0 0.3835520833333333 0.37410185185185185 0.022593750000000003 0.03127777777777778