2 0.520578125 0.5777592592592593 0.04330729166666667 0.1302685185185185
1 0.24970833333333334 0.4946759259259259 0.037994791666666666 0.11712962962962963
2 0.2945729166666667 0.5608148148148148 0.029348958333333335 0.10731481481481482
2 0.3628645833333334 0.5142222222222222 0.029130208333333334 0.10428703703703704
2 0.38752604166666665 0.5117592592592592 0.0154375 0.09390740740740741
2 0.5898229166666666 0.46542592592592597 0.023473958333333333 0.08868518518518519
2 0.5760729166666666 0.4264814814814815 0.01903125 0.07910185185185185
3 0.5845989583333334 0.32563888888888887 0.025322916666666664 0.07962037037037037
2 0.6917604166666667 0.4025648148148148 0.019848958333333333 0.09412962962962963
2 0.7132708333333333 0.4260740740740741 0.02597395833333333 0.07555555555555556
2 0.7681927083333334 0.5453703703703704 0.032838541666666665 0.10374074074074074
3 0.8032552083333333 0.47499074074074077 0.029187499999999998 0.09141666666666667
2 0.8425104166666666 0.47745370370370366 0.02930729166666667 0.10180555555555555
2 0.4159479166666667 0.39752777777777776 0.027708333333333335 0.056712962962962965
0 0.4835364583333333 0.3627314814814815 0.006166666666666667 0.015268518518518516
0 0.4037864583333333 0.4446296296296296 0.016515625 0.055740740740740743
0 0.406375 0.49437037037037035 0.019109374999999998 0.08262037037037037
0 0.40443229166666667 0.5467037037037038 0.02040625 0.09969444444444445