3 0.04371354166666667 0.2540277777777778 0.031286458333333336 0.08726851851851852
3 0.6498333333333334 0.3723148148148148 0.036932291666666665 0.10162037037037037
2 0.10925520833333334 0.3270555555555556 0.035645833333333335 0.09752777777777778
2 0.152375 0.3936574074074074 0.03160416666666667 0.09801851851851852
2 0.30734375 0.2954259259259259 0.03771875 0.09908333333333334
2 0.2682760416666667 0.4836574074074074 0.04291666666666667 0.136037037037037
2 0.30025520833333336 0.6281666666666667 0.04263541666666667 0.1432037037037037
2 0.5437708333333333 0.42091666666666666 0.031411458333333336 0.10932407407407407
2 0.40275 0.779324074074074 0.051520833333333335 0.15458333333333332
2 0.44591145833333334 0.2964074074074074 0.028197916666666666 0.08605555555555555
2 0.4825416666666667 0.2906481481481481 0.019979166666666666 0.07985185185185184
2 0.5306354166666667 0.25499074074074074 0.020489583333333335 0.08297222222222222
2 0.7322239583333333 0.2984074074074074 0.023755208333333333 0.07278703703703704
2 0.6380885416666667 0.30560185185185185 0.021614583333333333 0.08318518518518518
2 0.8038645833333333 0.37004629629629626 0.03172916666666667 0.0752037037037037
2 0.746671875 0.5633611111111111 0.04591666666666667 0.12694444444444444
2 0.9283229166666668 0.5408888888888889 0.030239583333333334 0.11787037037037036
2 0.834796875 0.43267592592592596 0.028281249999999997 0.08793518518518519