2 0.13035416666666666 0.4772222222222222 0.03582291666666667 0.11541666666666667
2 0.1246875 0.3272777777777778 0.027010416666666665 0.07099074074074074
2 0.26857291666666666 0.6036388888888888 0.03745833333333334 0.11725
2 0.2736145833333333 0.45817592592592593 0.037453125 0.09972222222222223
2 0.37998437500000004 0.8244074074074074 0.043458333333333335 0.14196296296296296
2 0.44903125 0.39608333333333334 0.040375 0.08760185185185185
2 0.5741458333333332 0.5404351851851852 0.05613541666666667 0.1252962962962963
2 0.718625 0.6930648148148149 0.05011458333333333 0.13924074074074075
2 0.8341354166666667 0.6390555555555555 0.044161458333333334 0.1611851851851852
1 0.8020104166666666 0.4173796296296296 0.037890625 0.09881481481481481
3 0.9700885416666666 0.7446203703703704 0.056380208333333334 0.14373148148148146
0 0.8236354166666667 0.684212962962963 0.010510416666666666 0.021416666666666667