3 0.6809114583333333 0.5109722222222223 0.022088541666666666 0.1233611111111111
3 0.5597031250000001 0.36141666666666666 0.016494791666666668 0.0737037037037037
2 0.838859375 0.4996018518518519 0.017854166666666667 0.09633333333333334
2 0.8007864583333333 0.6077592592592592 0.018385416666666664 0.11291666666666667
2 0.8035572916666667 0.47637962962962965 0.020552083333333335 0.09190740740740741
2 0.7501770833333333 0.3735462962962963 0.018911458333333336 0.08854629629629629
2 0.627765625 0.3842962962962963 0.022427083333333334 0.09033333333333333
2 0.6045937499999999 0.47225925925925927 0.021411458333333334 0.09137962962962963
2 0.5433333333333333 0.5331481481481481 0.029572916666666667 0.11628703703703704
2 0.554640625 0.4528333333333333 0.016984375 0.10137962962962963
2 0.560546875 0.40149074074074076 0.01365625 0.08767592592592592
2 0.5124947916666667 0.40914814814814815 0.018526041666666666 0.08946296296296297
2 0.28692708333333333 0.5285185185185185 0.024036458333333333 0.12502777777777777
2 0.3215677083333333 0.5286481481481482 0.02147395833333333 0.10213888888888889
2 0.38972395833333334 0.48288888888888887 0.02420833333333333 0.10662962962962963
2 0.20464583333333333 0.7058981481481481 0.022421874999999997 0.11896296296296295
2 0.20175520833333332 0.5883796296296296 0.02715625 0.11519444444444445