3 0.46288541666666666 0.3463611111111111 0.03197916666666666 0.08412037037037036
2 0.7192447916666667 0.5213333333333333 0.04101041666666667 0.09750925925925927
2 0.7468541666666667 0.45311111111111113 0.03717708333333333 0.09692592592592593
2 0.7524583333333333 0.3471296296296296 0.03361458333333334 0.08721296296296296
2 0.6755052083333334 0.39999074074074076 0.03603125 0.08023148148148149
2 0.60959375 0.38987962962962963 0.037947916666666665 0.09551851851851852
2 0.63725 0.2982037037037037 0.029864583333333337 0.06655555555555555
2 0.593828125 0.2923425925925926 0.03333333333333333 0.06717592592592592
2 0.43607291666666664 0.3523796296296296 0.03567708333333333 0.08535185185185186
2 0.3946145833333333 0.4235277777777778 0.0283125 0.0887037037037037
2 0.36956770833333336 0.41118518518518515 0.027713541666666668 0.08871296296296297
2 0.3195 0.35050000000000003 0.02919270833333333 0.0769537037037037
2 0.192890625 0.26762037037037034 0.019125 0.06867592592592593
2 0.084078125 0.25696296296296295 0.026421874999999997 0.06899074074074074
2 0.19430729166666666 0.5451944444444444 0.027171875 0.1066388888888889
2 0.39293229166666666 0.7824722222222222 0.04144791666666667 0.1535277777777778