3 0.855453125 0.47705555555555557 0.03367708333333333 0.1379351851851852
2 0.81503125 0.419787037037037 0.03609375 0.11149074074074074
2 0.9144114583333334 0.36691666666666667 0.034640625 0.11147222222222222
2 0.9379114583333333 0.5256944444444445 0.043973958333333334 0.12949074074074074
2 0.6836927083333334 0.4848148148148148 0.04697916666666667 0.13230555555555554
2 0.6396093749999999 0.5219074074074074 0.036119791666666665 0.1272037037037037
2 0.5878541666666667 0.42383333333333334 0.03171875 0.12312037037037037
2 0.5326197916666666 0.42577777777777776 0.031276041666666664 0.12347222222222222
2 0.562640625 0.34347222222222223 0.03382291666666667 0.1104074074074074
2 0.513625 0.4968796296296296 0.03491145833333333 0.0982962962962963
2 0.37937499999999996 0.495212962962963 0.03600520833333333 0.12137962962962963
2 0.3390416666666667 0.46154629629629634 0.037598958333333335 0.12101851851851851
2 0.3035 0.5182129629629629 0.038875 0.1303703703703704
1 0.2810520833333333 0.3720277777777778 0.03361979166666666 0.1058425925925926
0 0.30086979166666666 0.3730833333333333 0.009822916666666666 0.023370370370370368
3 0.658875 0.22399074074074074 0.02409375 0.08465740740740742
2 0.6205833333333334 0.2225 0.019869791666666668 0.09047222222222222
2 0.4573802083333333 0.506824074074074 0.026083333333333333 0.13050925925925924