1 0.76609375 0.45025925925925925 0.04261979166666666 0.1322962962962963
2 0.6611927083333333 0.5321666666666667 0.04559375 0.1476574074074074
2 0.5088072916666666 0.5525092592592593 0.07161458333333333 0.1126851851851852
2 0.47830208333333335 0.5278981481481482 0.02025 0.10485185185185185
2 0.4913489583333333 0.5015648148148149 0.023057291666666667 0.11072222222222222
2 0.5021458333333333 0.43442592592592594 0.027786458333333333 0.11489814814814815
2 0.46569791666666666 0.40788888888888886 0.03197395833333334 0.10749074074074075
2 0.42841145833333333 0.44106481481481485 0.032067708333333333 0.1096111111111111
2 0.39805729166666665 0.3814722222222222 0.03078125 0.1032037037037037
2 0.39717708333333335 0.48207407407407404 0.02740625 0.1245462962962963
2 0.39460416666666664 0.5644814814814815 0.028692708333333334 0.1137962962962963
2 0.4683802083333333 0.6063981481481481 0.020479166666666666 0.1148425925925926
2 0.450078125 0.5990462962962964 0.022411458333333335 0.12271296296296297
2 0.33244270833333334 0.6442129629629629 0.056921875000000004 0.10884259259259259
2 0.3570520833333333 0.4973796296296296 0.04752083333333333 0.11234259259259259
2 0.34990625000000003 0.442 0.025203125 0.09292592592592593
2 0.14059375 0.5076388888888889 0.042562499999999996 0.11000925925925926
2 0.12377604166666667 0.5507314814814814 0.030609375 0.11626851851851851
2 0.149546875 0.2897222222222222 0.01952083333333333 0.09384259259259259
3 0.013088541666666667 0.545212962962963 0.026177083333333333 0.14091666666666666