1 0.21040104166666668 0.42014814814814816 0.045218749999999995 0.10469444444444444
2 0.27145833333333336 0.4288888888888889 0.03539583333333333 0.116
2 0.33396875000000004 0.4738888888888889 0.042354166666666665 0.11032407407407407
2 0.3715885416666667 0.41294444444444445 0.030786458333333332 0.09646296296296297
2 0.40167708333333335 0.5153055555555556 0.027083333333333334 0.09387037037037037
2 0.445953125 0.564425925925926 0.03228125 0.09131481481481482
2 0.6012135416666666 0.3867129629629629 0.019557291666666664 0.0810462962962963
2 0.6255208333333333 0.40575925925925926 0.029052083333333333 0.08456481481481481
2 0.6887500000000001 0.4908796296296296 0.025854166666666668 0.10876851851851851
2 0.7171145833333333 0.4610277777777778 0.03434375 0.10312962962962963
2 0.7855520833333334 0.44382407407407404 0.03190625 0.08869444444444445
2 0.7689166666666666 0.5641481481481482 0.026833333333333334 0.10875
2 0.9321302083333334 0.6916944444444444 0.03729166666666666 0.12310185185185184
2 0.8516822916666666 0.6196944444444444 0.04653125 0.12107407407407407
3 0.6126458333333333 0.28385185185185186 0.03373958333333334 0.07285185185185186
3 0.6204583333333333 0.5278888888888889 0.04936979166666667 0.1195648148148148