3 0.59128125 0.5158425925925926 0.03268229166666667 0.11907407407407407
3 0.177 0.37451851851851853 0.026927083333333334 0.0842962962962963
2 0.9336979166666667 0.5967592592592592 0.029807291666666666 0.11308333333333333
2 0.9007395833333334 0.564861111111111 0.027192708333333333 0.1110462962962963
2 0.8980364583333333 0.8184629629629631 0.05420833333333333 0.12827777777777777
2 0.772 0.7120092592592593 0.04533333333333334 0.13085185185185186
2 0.7152135416666667 0.5323055555555556 0.02440625 0.09809259259259259
2 0.657578125 0.4745092592592593 0.014880208333333334 0.0785462962962963
2 0.667671875 0.45675925925925925 0.014921875 0.06591666666666667
2 0.580546875 0.37867592592592597 0.012145833333333333 0.06902777777777777
2 0.5534583333333334 0.3772314814814815 0.011973958333333333 0.06841666666666667
2 0.5378072916666666 0.3981018518518518 0.016260416666666666 0.07358333333333333
2 0.45807291666666666 0.4432592592592593 0.02225520833333333 0.08463888888888889
2 0.4180520833333333 0.43830555555555556 0.019807291666666667 0.08157407407407406
2 0.37693750000000004 0.40370370370370373 0.021177083333333332 0.07869444444444444
2 0.15812500000000002 0.5844444444444444 0.027666666666666666 0.12008333333333333
2 0.24994791666666666 0.5870277777777778 0.02396875 0.11992592592592594
2 0.29844791666666665 0.7379166666666667 0.03309895833333333 0.12524074074074074
2 0.041463541666666666 0.4787592592592592 0.03491666666666667 0.09892592592592593
2 0.5688697916666666 0.6154722222222223 0.03655208333333334 0.10617592592592592