1 0.17219791666666667 0.3396574074074074 0.038265625 0.11963888888888889
0 0.2025833333333333 0.38543518518518516 0.024958333333333336 0.04247222222222222
3 0.5521614583333334 0.20439814814814813 0.030833333333333334 0.08368518518518518
2 0.7009114583333333 0.7847777777777777 0.047072916666666666 0.17347222222222222
2 0.015770833333333335 0.4674814814814815 0.03154166666666667 0.1401388888888889
2 0.5193125000000001 0.5945185185185186 0.04702083333333333 0.15766666666666668
2 0.614375 0.4505092592592593 0.049604166666666664 0.1308703703703704
2 0.5015208333333333 0.4221944444444445 0.04066145833333333 0.13966666666666666
2 0.5800885416666667 0.325 0.029390625 0.10575925925925926
2 0.386203125 0.28127777777777774 0.040921874999999996 0.11091666666666668
2 0.9371927083333333 0.26662037037037034 0.03179166666666667 0.10937962962962963
2 0.9674322916666667 0.35687962962962966 0.03845833333333334 0.10779629629629629
2 0.9755364583333334 0.521712962962963 0.04077604166666667 0.14425