3 0.635015625 0.41250925925925924 0.02228125 0.08603703703703704
3 0.37881770833333334 0.28306481481481477 0.018666666666666668 0.07173148148148148
2 0.350734375 0.3130925925925926 0.015578125 0.06545370370370371
2 0.3613489583333333 0.3000648148148148 0.011583333333333333 0.04594444444444444
2 0.449921875 0.32761111111111113 0.022140625 0.08048148148148149
2 0.5125364583333334 0.3004351851851852 0.01178125 0.06162962962962963
2 0.6074947916666668 0.3825 0.026703125 0.0865462962962963
2 0.7534166666666666 0.3724074074074074 0.027421875 0.0887962962962963
2 0.785703125 0.5204907407407408 0.02841145833333333 0.12337037037037038
2 0.8407708333333334 0.5612592592592592 0.029239583333333333 0.11427777777777778
2 0.9738958333333334 0.40525925925925926 0.03483854166666667 0.09002777777777778
2 0.265359375 0.4277592592592593 0.029276041666666665 0.09953703703703703
2 0.28106770833333333 0.5588240740740741 0.038625 0.11408333333333333
2 0.3858229166666666 0.6543518518518519 0.030046874999999997 0.10989814814814815