3 0.08392708333333333 0.4996944444444444 0.044671875 0.11193518518518518
2 0.029260416666666667 0.5517777777777777 0.05559895833333333 0.1226111111111111
2 0.20423958333333334 0.4781111111111111 0.028239583333333332 0.11536111111111111
2 0.2785364583333333 0.4086018518518519 0.024614583333333332 0.08387037037037037
2 0.2606979166666667 0.28471296296296295 0.02723958333333333 0.08698148148148148
2 0.36703645833333337 0.25273148148148145 0.025197916666666667 0.08037962962962963
2 0.4304895833333333 0.3736759259259259 0.024083333333333335 0.10182407407407407
2 0.4335625 0.5247222222222223 0.029223958333333334 0.11719444444444443
2 0.3840260416666667 0.5326111111111111 0.033979166666666664 0.11862037037037039
2 0.3108958333333333 0.7541851851851852 0.041953125 0.13524074074074074
2 0.2916979166666666 0.8527222222222223 0.04084895833333334 0.13160185185185186
2 0.86053125 0.7080462962962963 0.030333333333333334 0.1487037037037037
0 0.8549895833333333 0.7658425925925926 0.017234375000000003 0.04027777777777778
2 0.7646822916666667 0.5750277777777778 0.04226041666666667 0.12101851851851851
2 0.862734375 0.3466296296296296 0.023640625000000002 0.08504629629629629