1 0.218015625 0.48521296296296296 0.036078124999999996 0.07705555555555556
0 0.30465625 0.3895740740740741 0.009916666666666666 0.015444444444444445
2 0.3180104166666667 0.5563611111111111 0.03745833333333334 0.08253703703703703
2 0.3048489583333333 0.5167962962962963 0.02169270833333333 0.08955555555555555
2 0.34363541666666664 0.5111851851851852 0.026703125 0.09860185185185184
2 0.47312499999999996 0.6946666666666667 0.038 0.1272037037037037
2 0.5689375 0.5350648148148148 0.023338541666666667 0.08760185185185185
2 0.5834114583333334 0.4450648148148148 0.02721875 0.08387037037037037
2 0.6771458333333332 0.6688981481481481 0.046015625 0.11821296296296296
2 0.9754114583333333 0.7351203703703704 0.036223958333333334 0.13923148148148148
2 0.941671875 0.5399259259259259 0.023453125000000002 0.09732407407407408
2 0.8998385416666667 0.40632407407407406 0.019567708333333333 0.08136111111111112
3 0.8048125 0.5422592592592592 0.035796875 0.11212037037037037
3 0.68640625 0.312 0.02578645833333333 0.06899074074074074