2 0.010567708333333333 0.35067592592592595 0.021130208333333334 0.11305555555555555
2 0.0563125 0.3504907407407407 0.040109375 0.10201851851851852
2 0.096859375 0.3650925925925926 0.023057291666666667 0.09561111111111112
2 0.13780208333333333 0.29724999999999996 0.030828124999999998 0.10591666666666667
2 0.16833333333333333 0.4320555555555556 0.03380208333333334 0.11557407407407407
2 0.30076562500000004 0.5342685185185185 0.03425520833333333 0.12413888888888888
2 0.32008854166666667 0.4580462962962963 0.030833333333333334 0.12838888888888889
2 0.38221354166666666 0.513787037037037 0.040906250000000005 0.1365925925925926
2 0.5118541666666666 0.6361296296296296 0.03778125 0.1426851851851852
2 0.493234375 0.3540462962962963 0.02858854166666667 0.10556481481481482
2 0.5279114583333333 0.8886111111111111 0.04786979166666667 0.17048148148148148
2 0.7816979166666667 0.4933148148148148 0.02420833333333333 0.12840740740740741
1 0.6928958333333333 0.37880555555555556 0.0433125 0.11235185185185186
0 0.7278385416666667 0.4532407407407407 0.015052083333333332 0.026185185185185186