3 0.9234218750000001 0.2645555555555556 0.032171875 0.08624074074074074
3 0.80390625 0.6054722222222222 0.02578645833333333 0.12330555555555554
2 0.481875 0.41549074074074077 0.028880208333333334 0.11538888888888889
0 0.17724479166666668 0.6416944444444445 0.011911458333333335 0.03319444444444444
2 0.158296875 0.5838148148148148 0.03598958333333333 0.10708333333333334
2 0.23703645833333334 0.5834537037037038 0.030921874999999998 0.12080555555555555
2 0.5488385416666667 0.44475 0.027687499999999997 0.10889814814814815
2 0.5906874999999999 0.4625370370370371 0.030114583333333333 0.10654629629629629
2 0.6354895833333334 0.512462962962963 0.03539583333333333 0.10887037037037037
2 0.7086875 0.5260092592592593 0.02634375 0.10344444444444445
2 0.7299166666666667 0.3998611111111111 0.026135416666666668 0.09315740740740741
2 0.7770520833333333 0.4735277777777778 0.027953125000000002 0.09600925925925925
2 0.778015625 0.42476851851851855 0.022776041666666667 0.11409259259259259
2 0.8613125 0.5051574074074074 0.030885416666666665 0.11772222222222223
2 0.8839166666666666 0.4861944444444445 0.022239583333333333 0.11231481481481481
2 0.9001197916666667 0.5339537037037037 0.023151041666666667 0.10488888888888889
2 0.9555885416666666 0.40874074074074074 0.022338541666666666 0.09286111111111112
3 0.5289583333333333 0.9328425925925926 0.04483333333333333 0.1343148148148148