3 0.21922395833333336 0.4517962962962963 0.028838541666666665 0.10133333333333333
2 0.16288541666666667 0.6726481481481482 0.035953125 0.11402777777777778
2 0.32787499999999997 0.39408333333333334 0.015244791666666667 0.07849074074074074
2 0.3474010416666667 0.4668703703703704 0.022973958333333332 0.09749074074074075
2 0.37100520833333334 0.4665462962962963 0.016973958333333334 0.08656481481481482
2 0.36097395833333334 0.3790925925925926 0.0204375 0.0739537037037037
2 0.4334322916666667 0.35839814814814813 0.018958333333333334 0.05569444444444444
2 0.44924479166666664 0.34431481481481485 0.024234375 0.07655555555555556
2 0.46297916666666666 0.4864166666666667 0.029260416666666667 0.09581481481481482
2 0.5502395833333333 0.5383981481481481 0.0259375 0.11112037037037037
2 0.5826979166666667 0.521425925925926 0.026255208333333332 0.10788888888888888
2 0.6723072916666666 0.5668055555555556 0.029343750000000002 0.1139537037037037
2 0.687109375 0.49787962962962967 0.0275 0.09755555555555555
2 0.7070052083333334 0.541675925925926 0.022708333333333334 0.11752777777777779
2 0.7629947916666667 0.6149074074074075 0.03071875 0.10412962962962963
2 0.7839583333333333 0.589037037037037 0.022776041666666667 0.11148148148148149
1 0.8012760416666667 0.48653703703703705 0.02703125 0.10378703703703704
0 0.39410416666666664 0.4020648148148148 0.009703125 0.017722222222222223