2 0.10407812500000001 0.5357314814814815 0.03293229166666666 0.13447222222222222
2 0.029432291666666666 0.36525 0.02578125 0.10417592592592594
3 0.07184895833333332 0.2321388888888889 0.021020833333333332 0.07166666666666667
2 0.3054895833333333 0.4497222222222222 0.036036458333333334 0.10405555555555555
2 0.3319114583333333 0.3223055555555555 0.033499999999999995 0.0879074074074074
2 0.46169270833333337 0.3038888888888889 0.023723958333333333 0.061518518518518514
2 0.43376562500000004 0.23249999999999998 0.019890625 0.057462962962962966
2 0.48970833333333336 0.2920277777777778 0.026041666666666668 0.07210185185185186
2 0.5427604166666666 0.2701018518518518 0.022234374999999997 0.06852777777777778
2 0.5814635416666667 0.5681759259259259 0.03335416666666667 0.11721296296296296
2 0.6301041666666667 0.409287037037037 0.025744791666666666 0.10076851851851852
3 0.6171458333333334 0.35677777777777775 0.027520833333333335 0.08524074074074074
2 0.7415729166666666 0.35714814814814816 0.025484375 0.08598148148148148
2 0.7070989583333334 0.3114907407407408 0.018635416666666668 0.060314814814814814
2 0.7616458333333332 0.32462037037037034 0.02619270833333333 0.06866666666666667
2 0.8139375 0.48060185185185184 0.030927083333333334 0.11959259259259258
2 0.8630677083333332 0.41674999999999995 0.020942708333333334 0.09331481481481482
2 0.8945572916666666 0.4746388888888889 0.020151041666666664 0.10764814814814816
2 0.9420260416666667 0.5026111111111111 0.021114583333333332 0.10542592592592592