1 0.40648958333333335 0.4560092592592593 0.0284375 0.11705555555555555
3 0.9562864583333333 0.47474074074074074 0.059541666666666666 0.09825
3 0.7597343750000001 0.29494444444444445 0.030833333333333334 0.06258333333333334
2 0.7453749999999999 0.4320462962962963 0.026822916666666665 0.10757407407407409
2 0.9701406250000001 0.4061851851851852 0.03706770833333333 0.07918518518518518
2 0.8289687499999999 0.6444814814814814 0.040375 0.1481388888888889
2 0.737671875 0.6016759259259259 0.0384375 0.10644444444444444
2 0.5255260416666666 0.6833796296296296 0.03644791666666667 0.13397222222222221
2 0.44558854166666667 0.5469074074074074 0.027890625 0.12043518518518517
2 0.38687499999999997 0.5120555555555555 0.030130208333333335 0.1275925925925926
2 0.478625 0.4480462962962963 0.029114583333333333 0.08055555555555556
0 0.29796875 0.4416759259259259 0.012901041666666667 0.030759259259259257