1 0.7432395833333333 0.4879166666666667 0.02284375 0.10969444444444444
3 0.14725000000000002 0.5270370370370371 0.025062499999999998 0.10467592592592592
2 0.028848958333333334 0.5095555555555557 0.04036979166666667 0.08082407407407408
2 0.17203645833333334 0.49138888888888893 0.027020833333333334 0.0916574074074074
2 0.32834375 0.5151574074074075 0.03361458333333334 0.09811111111111111
2 0.33059375 0.4511574074074074 0.026046875 0.07344444444444444
2 0.32250520833333335 0.41782407407407407 0.024677083333333336 0.08476851851851852
2 0.28765625 0.4718148148148148 0.027364583333333335 0.08747222222222222
2 0.2656822916666667 0.4193148148148148 0.024854166666666667 0.08504629629629629
2 0.24893749999999998 0.4101666666666667 0.024708333333333332 0.08387037037037037
2 0.46884374999999995 0.5324074074074074 0.037000000000000005 0.09849074074074074
2 0.5541302083333334 0.5044537037037037 0.031229166666666665 0.09594444444444444
2 0.5781145833333333 0.5074166666666666 0.029187499999999998 0.09528703703703703
2 0.6200156250000001 0.5332314814814815 0.030375 0.08894444444444445
2 0.6492604166666667 0.5276666666666666 0.026994791666666667 0.11272222222222222
2 0.7058489583333334 0.5963888888888889 0.03384375 0.10066666666666667
2 0.6866614583333334 0.5670925925925926 0.020666666666666667 0.1013425925925926
2 0.7109270833333333 0.682074074074074 0.03621875 0.09948148148148148
2 0.35517187499999997 0.672 0.041515624999999994 0.1115462962962963