3 0.4527291666666667 0.33296296296296296 0.025291666666666667 0.08656481481481482
3 0.1576614583333333 0.4580925925925926 0.0196875 0.10230555555555555
1 0.05522916666666667 0.47208333333333335 0.022187500000000002 0.10511111111111111
2 0.8218072916666667 0.46441666666666664 0.018145833333333337 0.10174074074074074
2 0.813625 0.3616388888888889 0.022302083333333333 0.09541666666666666
2 0.6850729166666666 0.4525277777777778 0.024609375 0.09012037037037036
2 0.64221875 0.37854629629629627 0.023088541666666667 0.09087962962962963
2 0.5912552083333333 0.5316388888888889 0.03744791666666667 0.11549999999999999
2 0.6542604166666667 0.6403518518518518 0.027703125 0.12152777777777778
2 0.4602395833333333 0.453 0.019557291666666664 0.09948148148148148
2 0.4311979166666667 0.5408981481481481 0.028822916666666667 0.10782407407407407
2 0.3529583333333333 0.5185740740740741 0.024416666666666666 0.11462962962962962
2 0.3143125 0.4424814814814815 0.024468749999999997 0.08779629629629629
2 0.28082291666666664 0.48329629629629633 0.02746875 0.1123611111111111
2 0.174109375 0.4800277777777777 0.028203125 0.10768518518518519
2 0.14985937500000002 0.47665740740740736 0.017052083333333336 0.10001851851851852
2 0.13375520833333335 0.46529629629629626 0.021156249999999998 0.09881481481481481
2 0.132125 0.4856388888888889 0.021052083333333336 0.04689814814814815
2 0.11120833333333334 0.47740740740740745 0.022890625 0.10151851851851852
2 0.38575 0.8438425925925926 0.03511979166666667 0.1433425925925926