3 0.25183854166666664 0.5122314814814816 0.04025 0.11271296296296297
2 0.14028645833333334 0.5313425925925926 0.03660416666666667 0.11877777777777777
2 0.365046875 0.49019444444444443 0.034395833333333334 0.10056481481481482
2 0.46645833333333336 0.5572592592592593 0.037744791666666666 0.11767592592592593
2 0.38194791666666666 0.5671111111111111 0.03429166666666667 0.11137037037037037
2 0.5856197916666667 0.5635370370370371 0.019828125 0.10405555555555555
2 0.570375 0.5435555555555556 0.017848958333333335 0.10225925925925926
2 0.5991041666666667 0.5531851851851852 0.022765625 0.09931481481481481
2 0.5877291666666667 0.5050833333333333 0.015395833333333333 0.05776851851851852
2 0.633359375 0.5437962962962962 0.02432291666666667 0.11241666666666666
2 0.6542083333333333 0.5594074074074074 0.024703125 0.10775925925925925
2 0.678765625 0.5234351851851852 0.022880208333333332 0.10188888888888889
2 0.7136822916666666 0.4973425925925926 0.020958333333333336 0.09525
2 0.7262864583333334 0.47950000000000004 0.01925 0.08462962962962964
2 0.7490260416666668 0.5155555555555555 0.024369791666666665 0.11118518518518518
2 0.7840260416666667 0.5344444444444445 0.027421875 0.09884259259259259
2 0.8034114583333333 0.47901851851851857 0.020697916666666667 0.09278703703703703
1 0.8191302083333334 0.5027592592592592 0.02890104166666667 0.11486111111111111
2 0.5136041666666666 0.32508333333333334 0.019567708333333333 0.07616666666666667
0 0.46146875 0.3637962962962963 0.008552083333333333 0.0205