2 0.15252083333333333 0.5245462962962962 0.03710416666666667 0.13448148148148148
2 0.31818749999999996 0.5564629629629629 0.04171875 0.13147222222222224
2 0.3583072916666667 0.4869444444444444 0.046046875 0.12574074074074076
2 0.47365625 0.5652407407407408 0.03511979166666667 0.1358611111111111
2 0.58375 0.5478333333333333 0.0275625 0.11255555555555556
2 0.5488072916666666 0.5654814814814815 0.019848958333333333 0.10882407407407407
2 0.537921875 0.4940555555555556 0.02068229166666667 0.059
2 0.6357604166666667 0.5606481481481481 0.028802083333333332 0.1073425925925926
2 0.624875 0.5034166666666667 0.026286458333333332 0.05167592592592593
2 0.6710729166666667 0.514824074074074 0.033276041666666666 0.11318518518518518
2 0.71275 0.49169444444444443 0.02033333333333333 0.10339814814814816
2 0.7209114583333334 0.4706111111111111 0.021593750000000002 0.091
2 0.7423020833333334 0.5146388888888889 0.021249999999999998 0.10165740740740742
2 0.776671875 0.5224537037037037 0.027609375 0.11132407407407408
2 0.8062239583333334 0.47594444444444445 0.018473958333333332 0.10166666666666667
1 0.8264635416666667 0.49070370370370375 0.026296875 0.11480555555555555
3 0.245046875 0.5048796296296296 0.036645833333333336 0.1330925925925926
2 0.5108541666666667 0.3167314814814815 0.023859375000000002 0.07760185185185185
0 0.45794270833333334 0.3559351851851852 0.013697916666666667 0.02348148148148148