3 0.22596354166666668 0.20141666666666666 0.030171875 0.08514814814814814
3 0.8065 0.36074074074074075 0.02284375 0.08588888888888889
3 0.34888541666666667 0.9335925925925925 0.03989583333333333 0.1328148148148148
2 0.20553645833333334 0.5563888888888888 0.04139583333333333 0.11606481481481482
2 0.19783854166666667 0.371287037037037 0.03641666666666667 0.09772222222222222
2 0.415 0.3416018518518519 0.028036458333333333 0.08465740740740742
2 0.5516354166666667 0.3504074074074074 0.027000000000000003 0.08681481481481482
2 0.46830208333333334 0.31552777777777774 0.026994791666666667 0.09730555555555556
2 0.47753125 0.49614814814814817 0.04371875 0.13447222222222222
2 0.7277968749999999 0.6050555555555556 0.03209895833333334 0.12080555555555555
2 0.7102604166666667 0.27899999999999997 0.028276041666666665 0.1045
2 0.6058020833333334 0.23480555555555555 0.024223958333333333 0.08093518518518518
2 0.87959375 0.37880555555555556 0.02666666666666667 0.11891666666666667
2 0.8214322916666668 0.4597777777777778 0.03186979166666667 0.10185185185185185
2 0.7751666666666667 0.7805277777777778 0.052182291666666665 0.13863888888888887
2 0.9720729166666667 0.5038611111111111 0.03801041666666667 0.11904629629629629
2 0.9240989583333333 0.3567314814814815 0.017291666666666667 0.09721296296296296
2 0.9040729166666667 0.32102777777777775 0.018447916666666668 0.07971296296296297
2 0.9173229166666667 0.2868703703703704 0.02342708333333333 0.07230555555555555