2 0.8470104166666667 0.36079629629629634 0.034416666666666665 0.13846296296296295
2 0.9645208333333334 0.545074074074074 0.029041666666666667 0.17162962962962963
2 0.6299947916666666 0.4248425925925926 0.023994791666666668 0.15853703703703703
2 0.4811197916666667 0.7540925925925925 0.043953125 0.22443518518518518
2 0.340375 0.5855092592592592 0.04024479166666666 0.1434351851851852
2 0.35331250000000003 0.4613703703703703 0.064375 0.15134259259259258
2 0.24043229166666666 0.37545370370370373 0.03827083333333334 0.10914814814814815
2 0.21259375 0.44243518518518515 0.06246354166666667 0.11348148148148149
2 0.16166666666666665 0.2924259259259259 0.04394270833333334 0.09740740740740741
2 0.199109375 0.5598888888888889 0.03202083333333333 0.13540740740740742
2 0.23094270833333336 0.5920833333333334 0.03719270833333333 0.20600925925925928
2 0.014906250000000001 0.5359166666666666 0.028192708333333334 0.18006481481481482
3 0.08826041666666667 0.5538148148148149 0.04816145833333333 0.15413888888888888