1 0.8441458333333334 0.38072222222222224 0.021572916666666667 0.10239814814814815
0 0.7776458333333333 0.4145185185185185 0.013239583333333334 0.02507407407407407
2 0.9164010416666667 0.47580555555555554 0.027708333333333335 0.10014814814814814
2 0.6701354166666668 0.33266666666666667 0.027682291666666668 0.08542592592592593
2 0.5830520833333334 0.48013888888888884 0.033671875000000004 0.12464814814814815
2 0.38138541666666664 0.4485925925925926 0.0324375 0.09808333333333334
2 0.48703125 0.37712962962962965 0.023838541666666668 0.10373148148148148
2 0.4163854166666667 0.6643240740740741 0.04078125 0.13012037037037036
2 0.3941875 0.8241481481481482 0.0340625 0.1416851851851852
3 0.06615104166666667 0.5445092592592593 0.028729166666666663 0.12064814814814816
2 0.11720833333333333 0.4227777777777778 0.02740625 0.09030555555555556
2 0.111078125 0.3428611111111111 0.019947916666666666 0.08754629629629629