0 0.655328125 0.6845 0.023625 0.0531574074074074
3 0.42034895833333336 0.5461481481481482 0.04671875 0.12830555555555556
3 0.9688958333333333 0.918462962962963 0.06220833333333333 0.16306481481481483
3 0.15715104166666669 0.9377592592592592 0.06719791666666668 0.12448148148148148
2 0.09348437500000001 0.7300092592592592 0.040562499999999994 0.15960185185185186
2 0.27420833333333333 0.5425462962962964 0.032213541666666665 0.1272777777777778
2 0.3112447916666667 0.5839722222222222 0.06385416666666667 0.13246296296296298
2 0.14152604166666669 0.7168888888888889 0.060250000000000005 0.16732407407407407
2 0.3458333333333333 0.8845555555555557 0.05219791666666666 0.20635185185185187
2 0.43365625 0.8395833333333333 0.051671875 0.17062037037037037
2 0.385765625 0.8266944444444445 0.048734374999999996 0.1492777777777778
2 0.5174375 0.8434166666666667 0.05513020833333333 0.16110185185185186
2 0.5261197916666667 0.6945185185185185 0.06555208333333333 0.1503611111111111
2 0.5851458333333334 0.8511574074074074 0.07681249999999999 0.16290740740740742
2 0.56403125 0.4936944444444445 0.037203125000000004 0.09128703703703704
2 0.6716822916666667 0.4728611111111111 0.0580625 0.14530555555555555
2 0.769640625 0.6083796296296295 0.057796875 0.15399074074074073
2 0.8186927083333334 0.6927222222222222 0.056942708333333335 0.16219444444444445
2 0.715671875 0.7950648148148147 0.06965104166666666 0.15083333333333335