1 0.8231927083333334 0.47324074074074074 0.030338541666666666 0.08668518518518518
3 0.2560729166666667 0.4777129629629629 0.0321875 0.08472222222222223
2 0.13781770833333334 0.688212962962963 0.04227604166666667 0.10657407407407407
2 0.193875 0.4553055555555556 0.026796875 0.07044444444444445
2 0.2719010416666666 0.5394814814814815 0.028265625000000003 0.07957407407407407
2 0.26766666666666666 0.41094444444444445 0.02103125 0.07332407407407407
2 0.3153958333333333 0.4562962962962963 0.024463541666666665 0.08550925925925926
2 0.3860572916666667 0.49314814814814817 0.0320625 0.07632407407407409
2 0.41967187499999997 0.4620740740740741 0.025671875 0.07743518518518518
2 0.42022395833333337 0.3754074074074074 0.01573958333333333 0.0589537037037037
2 0.4415677083333333 0.39131481481481484 0.024072916666666666 0.07769444444444444
2 0.498125 0.5081944444444445 0.025546875 0.08460185185185186
2 0.5923489583333333 0.4748333333333334 0.029953125 0.08331481481481481
2 0.6464479166666667 0.5451481481481482 0.026510416666666665 0.09090740740740741
2 0.687171875 0.5972592592592593 0.02453125 0.0947962962962963
2 0.710421875 0.5787314814814815 0.023177083333333334 0.08826851851851851
2 0.6679114583333334 0.5151388888888889 0.024041666666666666 0.06578703703703703