2 0.40906770833333334 0.8038333333333333 0.04915625 0.1973888888888889
2 0.2881197916666667 0.5391574074074074 0.050312499999999996 0.1340740740740741
2 0.35828645833333334 0.5079814814814815 0.039609374999999995 0.1272777777777778
2 0.33965104166666665 0.3613611111111111 0.039838541666666664 0.09453703703703703
2 0.2591822916666667 0.3254537037037037 0.015588541666666667 0.10708333333333334
2 0.060250000000000005 0.3180462962962963 0.03380729166666666 0.10543518518518519
2 0.014385416666666668 0.4270555555555556 0.023677083333333335 0.09814814814814815
2 0.46731770833333336 0.40812037037037036 0.021557291666666666 0.10966666666666666
0 0.5424322916666667 0.34659259259259256 0.012067708333333335 0.04833333333333334
2 0.5705625 0.3061666666666667 0.03359895833333334 0.10944444444444444
2 0.6399166666666667 0.34875925925925927 0.02821875 0.08351851851851852
2 0.7413958333333334 0.5654907407407408 0.04934375 0.14396296296296296
2 0.8636510416666667 0.5304074074074074 0.06595833333333333 0.13510185185185186