1 0.33699999999999997 0.47153703703703703 0.038177083333333334 0.11402777777777778
2 0.44877083333333334 0.5162685185185185 0.032651041666666665 0.10933333333333334
2 0.46144270833333334 0.3619444444444444 0.01959375 0.09021296296296297
2 0.4752708333333333 0.4836574074074074 0.030036458333333335 0.0935462962962963
2 0.49466145833333336 0.45093518518518516 0.019828125 0.09871296296296296
2 0.6013125 0.39761111111111114 0.019953125000000002 0.0791574074074074
2 0.6200364583333333 0.41221296296296295 0.026953125 0.08952777777777778
2 0.6745989583333334 0.5520462962962963 0.026177083333333333 0.12911111111111112
3 0.7816770833333333 0.5079074074074074 0.029802083333333333 0.10437037037037036
2 0.7272708333333333 0.3844444444444444 0.026921874999999998 0.08577777777777777
3 0.6755885416666667 0.3101666666666667 0.030807291666666667 0.08551851851851852
2 0.84390625 0.4310555555555556 0.025828125 0.09426851851851852
2 0.8513854166666667 0.371962962962963 0.028864583333333336 0.07494444444444444
2 0.87778125 0.788425925925926 0.04061979166666666 0.1499074074074074