1 0.7451302083333334 0.34999074074074077 0.038177083333333334 0.15019444444444446
2 0.57521875 0.29314814814814816 0.026130208333333335 0.13547222222222222
2 0.42859895833333334 0.385537037037037 0.041578125 0.1515462962962963
2 0.6157552083333333 0.5755277777777779 0.030244791666666666 0.11730555555555555
2 0.9374635416666667 0.5323148148148148 0.031296875 0.15433333333333335
2 0.25513020833333333 0.8080555555555556 0.06072916666666666 0.16261111111111112
2 0.27706250000000004 0.5434722222222222 0.031677083333333335 0.15505555555555556
2 0.13308333333333333 0.4264351851851852 0.049265625 0.10925925925925926
2 0.13747916666666665 0.3138796296296296 0.044171875 0.06437962962962963
2 0.03559375 0.30621296296296296 0.03311458333333333 0.11262962962962964
2 0.08441145833333333 0.5263981481481481 0.0595625 0.13324074074074074
3 0.25015625 0.48194444444444445 0.0299375 0.1431111111111111