3 0.9129270833333333 0.49256481481481484 0.022208333333333333 0.10502777777777779
3 0.33475520833333333 0.22752777777777777 0.021635416666666667 0.0672962962962963
2 0.9634479166666666 0.43371296296296297 0.030927083333333334 0.10600925925925926
2 0.9207395833333333 0.39214814814814813 0.021661458333333335 0.0868425925925926
2 0.9346614583333334 0.3241574074074074 0.026557291666666667 0.08900925925925926
2 0.7970416666666666 0.2734722222222222 0.020442708333333334 0.08223148148148149
2 0.6533020833333333 0.5081296296296296 0.029729166666666664 0.11481481481481481
2 0.6025520833333334 0.47499074074074077 0.021593750000000002 0.09583333333333334
2 0.4658333333333333 0.3202962962962963 0.0183125 0.08408333333333333
2 0.33796354166666664 0.3445833333333333 0.022312500000000002 0.08814814814814816
2 0.0886875 0.481462962962963 0.028630208333333334 0.0893148148148148
2 0.09927604166666668 0.4376203703703704 0.027895833333333335 0.09249074074074073
2 0.17228125 0.5786388888888888 0.04038541666666667 0.12232407407407409
2 0.020890625 0.5859166666666666 0.041776041666666666 0.11369444444444445
0 0.02805208333333333 0.3605092592592593 0.02314583333333333 0.05137962962962963
2 0.9141666666666667 0.5504074074074075 0.01896875 0.11919444444444444
2 0.9642395833333333 0.7790462962962963 0.044859375 0.1497222222222222