0 0.4878177083333333 0.37442592592592594 0.018166666666666668 0.02801851851851852
3 0.5110520833333333 0.49906481481481485 0.02603125 0.11672222222222223
3 0.37409895833333334 0.2975462962962963 0.030057291666666666 0.09111111111111111
2 0.2625416666666667 0.4020648148148148 0.03777083333333333 0.11486111111111111
2 0.25717708333333333 0.4701203703703704 0.026270833333333334 0.09725925925925927
2 0.21228645833333332 0.5298055555555556 0.034546875 0.10956481481481481
2 0.2790989583333333 0.5507962962962963 0.026880208333333332 0.11037962962962962
2 0.35571875000000003 0.48597222222222225 0.03344270833333333 0.10836111111111112
2 0.46897395833333333 0.41009259259259256 0.03297395833333334 0.09661111111111112
2 0.3911979166666667 0.3641111111111111 0.0225625 0.08012962962962963
2 0.4878958333333333 0.3114259259259259 0.0183125 0.06808333333333333
2 0.6376927083333332 0.36733333333333335 0.04383854166666667 0.10989814814814815
2 0.5638124999999999 0.5299814814814815 0.03890625 0.11678703703703704
2 0.564875 0.4013611111111111 0.02546875 0.08762962962962963
2 0.5563333333333333 0.38442592592592595 0.013317708333333334 0.08297222222222222
2 0.5439270833333333 0.3903055555555555 0.02465625 0.08814814814814816
2 0.9347447916666667 0.3759537037037037 0.030765625 0.09227777777777778
2 0.8736145833333333 0.49551851851851847 0.036562500000000005 0.0918611111111111
2 0.9321770833333333 0.7332592592592592 0.03788020833333334 0.14567592592592593