2 0.6887552083333334 0.5528333333333333 0.05054166666666667 0.14784259259259258
2 0.8522604166666666 0.6942592592592592 0.0476875 0.16527777777777777
2 0.81796875 0.3306574074074074 0.03986979166666667 0.10472222222222222
2 0.38880729166666667 0.37334259259259256 0.04265625 0.10367592592592592
2 0.3995052083333333 0.5340925925925927 0.05399479166666667 0.16433333333333333
2 0.34669791666666666 0.5302037037037037 0.046989583333333335 0.13962037037037037
2 0.315734375 0.2527407407407407 0.037140625000000003 0.0939537037037037
2 0.228921875 0.2843703703703704 0.04059375 0.10474074074074075
2 0.254671875 0.40882407407407406 0.03307291666666667 0.11292592592592592
2 0.16467708333333334 0.4569166666666667 0.03710416666666667 0.09490740740740741
2 0.29041666666666666 0.7359259259259259 0.05420833333333333 0.1436574074074074
2 0.29417187499999997 0.8655555555555555 0.06675520833333333 0.17731481481481481
2 0.015770833333333335 0.5572314814814814 0.03154166666666667 0.13039814814814815
3 0.0674375 0.5073425925925925 0.042791666666666665 0.11906481481481482
0 0.8354739583333333 0.7544444444444444 0.028005208333333333 0.057249999999999995