2 0.7287014134275618 0.7565360501567399 0.03451413427561838 0.13656739811912225
2 0.8440017667844523 0.7467554858934169 0.02857773851590106 0.135141065830721
0 0.769743816254417 0.7833699059561129 0.01426678445229682 0.024764890282131663
2 0.6313604240282686 0.5003448275862069 0.021793286219081272 0.11448275862068967
2 0.6497791519434628 0.47633228840125386 0.02679328621908127 0.11084639498432601
2 0.675874558303887 0.4677586206896552 0.02098939929328622 0.11184952978056427
2 0.7678710247349824 0.4675548589341693 0.02530035335689046 0.09934169278996866
2 0.8371201413427561 0.4673510971786834 0.025053003533568905 0.10297805642633229
3 0.8646378091872792 0.49963949843260186 0.030053003533568906 0.11913793103448277
2 0.8130742049469964 0.3909561128526646 0.021307420494699646 0.0975078369905956
2 0.6899204946996467 0.4456583072100313 0.022924028268551236 0.1221473354231975
2 0.6970848056537102 0.4401097178683386 0.021325088339222614 0.10902821316614421
2 0.7062985865724382 0.4291065830721003 0.019275618374558306 0.10518808777429467
2 0.7305212014134276 0.4195141065830721 0.01995583038869258 0.10014106583072101
2 0.7471201413427562 0.4129623824451411 0.016775618374558304 0.09711598746081505
2 0.7720759717314488 0.39106583072100315 0.0268904593639576 0.08761755485893416
2 0.5502826855123675 0.6207210031347962 0.01657243816254417 0.1191692789968652
2 0.5648409893992933 0.6214263322884013 0.018392226148409893 0.11452978056426331
3 0.9412809187279152 0.26365203761755485 0.02413427561837456 0.07692789968652038
1 0.2727031802120141 0.4294514106583072 0.03803003533568904 0.10932601880877743