0 0.6310070671378092 0.4187774294670846 0.02040636042402827 0.03739811912225705
1 0.8707155477031802 0.4031034482758621 0.025 0.10010971786833855
2 0.14804770318021201 0.8167711598746081 0.05714664310954064 0.14764890282131662
3 0.03774734982332155 0.5157836990595611 0.03750883392226149 0.10993730407523511
2 0.08234982332155477 0.42329153605015674 0.038383392226148415 0.0973667711598746
2 0.19254416961130744 0.344717868338558 0.05117491166077739 0.0695141065830721
2 0.4336925795053003 0.41858934169279 0.02992932862190813 0.10363636363636364
2 0.2453268551236749 0.34647335423197495 0.02863957597173145 0.08479623824451411
2 0.5257773851590105 0.4926645768025078 0.024178445229681978 0.10286833855799372
2 0.46240282685512374 0.5847648902821316 0.03434628975265018 0.1224921630094044
2 0.5608922261484098 0.5784796238244514 0.03697879858657244 0.10995297805642634
2 0.2554858657243816 0.5753448275862069 0.03128975265017668 0.10368338557993731
2 0.16185512367491167 0.5093103448275862 0.029540636042402826 0.06956112852664577
2 0.18261484098939929 0.5071630094043887 0.026881625441696113 0.09268025078369907
2 0.27955830388692576 0.5412382445141066 0.03628975265017668 0.11344827586206896
3 0.819708480565371 0.7824764890282132 0.04223498233215548 0.1409717868338558