0 0.5619169611307421 0.8535109717868338 0.017243816254416962 0.028855799373040752
2 0.3551855123674912 0.7581661442006269 0.05606890459363958 0.1610501567398119
2 0.38727915194346285 0.7720062695924765 0.046060070671378094 0.19186520376175548
2 0.24091872791519436 0.6659561128526645 0.05368374558303887 0.19921630094043885
2 0.261678445229682 0.4382131661442006 0.04043286219081273 0.17004702194357366
2 0.3251413427561837 0.27733542319749216 0.04545936395759717 0.1304075235109718
2 0.16346289752650175 0.2344984326018809 0.06485865724381626 0.15758620689655173
3 0.6960689045936396 0.4779153605015674 0.039955830388692576 0.15540752351097178
2 0.7375883392226149 0.6790282131661443 0.04526501766784453 0.18145768025078368
2 0.6430565371024736 0.7573824451410658 0.05053886925795053 0.20023510971786834
2 0.9468374558303886 0.6194670846394985 0.059151943462897524 0.18774294670846395
2 0.9405035335689047 0.2470219435736677 0.04825971731448764 0.1513166144200627
2 0.7763162544169611 0.18565830721003135 0.05028268551236749 0.11948275862068966
2 0.6327473498233216 0.4473667711598746 0.04406360424028269 0.1225078369905956
2 0.6598409893992934 0.43092476489028214 0.02896643109540636 0.13291536050156738
3 0.4134893992932862 0.8503918495297805 0.04640459363957597 0.18426332288401254