0 0.430273851590106 0.5692789968652038 0.012049469964664312 0.024905956112852665
2 0.22324204946996468 0.5714420062695924 0.03747349823321555 0.12719435736677118
2 0.32471731448763247 0.4930564263322884 0.0571113074204947 0.12717868338557994
2 0.4809540636042403 0.2810344827586207 0.04493816254416961 0.10280564263322885
3 0.6485600706713781 0.16620689655172416 0.04005300353356891 0.08474921630094044
2 0.6900795053003533 0.481692789968652 0.052411660777385155 0.1436206896551724
2 0.7800618374558304 0.7217398119122257 0.04909010600706714 0.149576802507837
2 0.8362632508833922 0.9037774294670846 0.0532773851590106 0.18059561128526647
2 0.906713780918728 0.28122257053291533 0.03074204946996466 0.09927899686520376
2 0.9468992932862191 0.4091849529780564 0.03161660777385159 0.1161755485893417
2 0.9804505300353356 0.568307210031348 0.03909010600706714 0.1365987460815047