1 0.8307243816254417 0.5286363636363636 0.023957597173144878 0.08697492163009404
2 0.4894611307420495 0.6196238244514106 0.02571554770318021 0.08025078369905957
2 0.49813604240282683 0.6158307210031347 0.027296819787985864 0.08960815047021944
2 0.4622703180212014 0.5840595611285266 0.026598939929328623 0.10421630094043886
2 0.411660777385159 0.5714576802507837 0.020114840989399294 0.09006269592476489
2 0.402517667844523 0.5792633228840125 0.0217756183745583 0.07915360501567398
2 0.4079593639575972 0.5277586206896552 0.030167844522968196 0.06606583072100314
2 0.3800883392226148 0.529294670846395 0.025106007067137812 0.08536050156739812
2 0.34419611307420495 0.6169278996865204 0.022279151943462895 0.09401253918495298
2 0.33288869257950526 0.612319749216301 0.017968197879858656 0.08847962382445142
2 0.32363074204947 0.6077899686520376 0.015229681978798586 0.09637931034482759
2 0.08007950530035336 0.6352351097178683 0.033480565371024736 0.08294670846394984
0 0.1145494699646643 0.6774137931034483 0.01723498233215548 0.02865203761755486
3 0.10081272084805654 0.5910815047021943 0.021757950530035333 0.10650470219435737