2 0.03659010600706714 0.3810815047021944 0.021563604240282686 0.09606583072100314
2 0.46845406360424025 0.7219592476489028 0.04780035335689046 0.12987460815047022
2 0.5553268551236749 0.4309874608150471 0.04139575971731449 0.11379310344827585
1 0.6721378091872792 0.28236677115987463 0.04128975265017668 0.09302507836990596
0 0.5125088339222614 0.3082758620689655 0.01417844522968198 0.02390282131661442
2 0.40227031802120145 0.4095924764890282 0.022553003533568906 0.10126959247648902
2 0.3727031802120141 0.3644514106583072 0.029151943462897525 0.10167711598746082
2 0.5971113074204947 0.588025078369906 0.03488515901060071 0.1384796238244514
2 0.6258303886925796 0.5836990595611284 0.033886925795053 0.11255485893416928
2 0.6849558303886926 0.5491379310344828 0.04989399293286219 0.11253918495297806
2 0.7264487632508834 0.598385579937304 0.052535335689045934 0.1246551724137931
2 0.7510247349823321 0.539639498432602 0.04812720848056537 0.11081504702194357
3 0.957809187279152 0.6837147335423197 0.050265017667844525 0.12683385579937304
2 0.3004593639575972 0.8122413793103449 0.038056537102473496 0.16358934169278996
3 0.22867491166077739 0.5318652037617555 0.035689045936395755 0.12981191222570532
2 0.30424028268551234 0.518244514106583 0.028560070671378092 0.11554858934169279
2 0.2356095406360424 0.6854388714733542 0.02765017667844523 0.1302978056426332
2 0.25824204946996465 0.687398119122257 0.029090106007067136 0.129858934169279
3 0.061713780918727916 0.8945454545454546 0.054779151943462896 0.1510971786833856