2 0.10537985865724382 0.4330407523510971 0.05136042402826855 0.13045454545454546
2 0.2934452296819788 0.8763793103448276 0.05812720848056537 0.1750626959247649
2 0.16501766784452299 0.5279780564263323 0.025132508833922262 0.13763322884012538
2 0.29221731448763255 0.5734639498432602 0.06238515901060071 0.12929467084639498
2 0.5805388692579505 0.5998902821316615 0.052491166077738516 0.16227272727272726
2 0.663595406360424 0.4217084639498433 0.04174911660777385 0.11177115987460816
3 0.5807950530035336 0.3778213166144201 0.05525618374558303 0.12327586206896553
2 0.4805565371024735 0.4689811912225705 0.042818021201413425 0.13482758620689655
2 0.5036042402826856 0.4215047021943574 0.048613074204946996 0.09945141065830722
2 0.49017667844522966 0.3605329153605016 0.030724381625441697 0.1006269592476489
2 0.7551855123674912 0.5039498432601881 0.030176678445229678 0.12529780564263324
2 0.8406625441696113 0.4942163009404389 0.03993816254416961 0.14158307210031348
2 0.972464664310954 0.4022413793103448 0.05506183745583039 0.06489028213166144