0 0.1697968197879859 0.7579153605015674 0.022747349823321553 0.04456112852664577
2 0.2339929328621908 0.6970689655172414 0.036139575971731445 0.14294670846394986
2 0.18746466431095407 0.6939184952978057 0.03688162544169611 0.1516771159874608
2 0.20086572438162545 0.5014263322884013 0.06898409893992934 0.17733542319749215
1 0.06951413427561837 0.32617554858934167 0.057173144876325084 0.14344827586206896
2 0.5739929328621908 0.5327586206896552 0.055530035335689044 0.17106583072100315
2 0.5748763250883392 0.34836990595611284 0.039628975265017664 0.12829153605015672
2 0.7370053003533569 0.35018808777429467 0.07235865724381625 0.1726959247648903
3 0.9326943462897526 0.5254545454545455 0.06268551236749116 0.15644200626959248
2 0.909726148409894 0.829717868338558 0.06267667844522969 0.19758620689655174
2 0.686934628975265 0.7161128526645768 0.06409893992932862 0.19293103448275864
2 0.6601325088339223 0.7082758620689655 0.038763250883392227 0.18352664576802508
3 0.7425971731448763 0.1485579937304075 0.037606007067137806 0.12053291536050158