2 0.7034275618374558 0.6962695924764891 0.058215547703180215 0.12816614420062694
2 0.631422261484099 0.7602664576802508 0.03257067137809187 0.10880877742946708
2 0.6305388692579506 0.6829467084639499 0.03787102473498233 0.11719435736677115
2 0.4924204946996466 0.8127586206896551 0.051386925795053 0.14797805642633227
2 0.41909010600706714 0.8226802507836991 0.05313604240282686 0.155282131661442
2 0.25770318021201416 0.6957523510971787 0.03778268551236749 0.120846394984326
2 0.484178445229682 0.6069435736677117 0.05609540636042403 0.1250626959247649
2 0.11398409893992933 0.6168652037617555 0.04010600706713781 0.12611285266457678
2 0.29333922261484097 0.5191849529780564 0.04898409893992933 0.11255485893416928
2 0.23929328621908127 0.5092633228840125 0.04514134275618375 0.1115203761755486
2 0.2023321554770318 0.5066457680250784 0.0330565371024735 0.11884012539184952
2 0.16493816254416963 0.4888871473354232 0.032464664310954065 0.1084012539184953
2 0.13460247349823323 0.4698275862068966 0.03068904593639576 0.07550156739811913
2 0.12665194346289754 0.4288244514106583 0.023030035335689047 0.09484326018808777
1 0.5078798586572438 0.44448275862068964 0.031068904593639576 0.09482758620689655
2 0.23136925795053007 0.4936206896551724 0.021740282685512365 0.08460815047021943
0 0.7575441696113074 0.752319749216301 0.02753533568904594 0.047695924764890284
3 0.8181360424028269 0.8067398119122258 0.06325088339222615 0.1453605015673981