3 0.2729328621908127 0.668025078369906 0.03419611307420495 0.13404388714733542
2 0.011492932862190813 0.5914890282131662 0.019885159010600707 0.11557993730407523
2 0.05930212014134275 0.534012539184953 0.024196113074204946 0.10285266457680252
2 0.1878886925795053 0.6511912225705329 0.04113074204946997 0.10786833855799371
2 0.20074204946996468 0.5599373040752351 0.02889575971731449 0.09487460815047022
2 0.29994699646643114 0.5696708463949843 0.026395759717314487 0.10184952978056427
2 0.3645229681978798 0.53076802507837 0.01787102473498233 0.10384012539184953
2 0.5303445229681979 0.550344827586207 0.032005300353356886 0.10059561128526646
2 0.46574204946996467 0.5494984326018808 0.02323321554770318 0.09758620689655172
1 0.4680918727915194 0.5145454545454545 0.028242049469964663 0.09420062695924765
2 0.40550353356890456 0.508025078369906 0.021475265017667843 0.10942006269592477
2 0.3789487632508834 0.5014890282131661 0.02681095406360424 0.1111912225705329
2 0.9468462897526501 0.7711442006269592 0.05442579505300353 0.12559561128526645