2 0.06392226148409894 0.5821316614420062 0.04598056537102473 0.16634796238244515
2 0.2531360424028269 0.5413793103448276 0.04102473498233215 0.17888714733542319
2 0.3899293286219081 0.5876175548589342 0.044293286219081275 0.13656739811912225
2 0.6010865724381625 0.6680564263322885 0.05318021201413428 0.14072100313479624
2 0.6708833922261485 0.649796238244514 0.054584805653710246 0.13404388714733542
3 0.6741166077738516 0.5301724137931034 0.041042402826855125 0.1225078369905956
2 0.5633922261484099 0.4674921630094044 0.03635159010600707 0.10368338557993731
2 0.5153886925795053 0.5022257053291537 0.033418727915194346 0.1125705329153605
1 0.47171378091872795 0.3708934169278997 0.021245583038869257 0.08924764890282132
2 0.5112809187279151 0.4581818181818182 0.021166077738515903 0.09615987460815047
2 0.5994081272084806 0.4192633228840126 0.0281095406360424 0.10166144200626959
2 0.6667756183745582 0.422257053291536 0.01973498233215548 0.09310344827586206
2 0.6806625441696112 0.4177429467084639 0.015318021201413427 0.09036050156739811
0 0.09125441696113074 0.5971473354231975 0.019726148409893993 0.04072100313479624
3 0.9112014134275619 0.2091692789968652 0.030282685512367492 0.09126959247648903