2 0.8646643109540636 0.4319435736677116 0.039699646643109536 0.13871473354231975
2 0.6658833922261483 0.28934169278996863 0.04495583038869258 0.10429467084639499
2 0.5504328621908128 0.3891379310344828 0.03753533568904594 0.11619122257053291
2 0.5648674911660777 0.34158307210031347 0.05493816254416961 0.08963949843260188
2 0.4237985865724382 0.700987460815047 0.0540547703180212 0.11943573667711599
2 0.4532508833922262 0.6247021943573667 0.036651943462897525 0.14177115987460814
2 0.40171378091872795 0.37866771159874607 0.04665194346289753 0.12619122257053292
2 0.4712190812720848 0.22692789968652038 0.040777385159010596 0.11424764890282131
2 0.3512102473498233 0.44735109717868343 0.042818021201413425 0.1413166144200627
2 0.30378975265017666 0.34785266457680253 0.043392226148409895 0.1335266457680251
2 0.26064487632508837 0.2867241379310345 0.03660777385159011 0.14294670846394986
2 0.20366607773851592 0.464858934169279 0.05515017667844523 0.12929467084639498
2 0.059213780918727914 0.5928369905956113 0.0648321554770318 0.14073667711598747
0 0.7180035335689046 0.43926332288401254 0.018462897526501765 0.04050156739811912