0 0.5390989399293287 0.4403134796238245 0.022835689045936396 0.04260188087774295
2 0.2415017667844523 0.6453605015673981 0.061757950530035334 0.16485893416927902
2 0.15153710247349822 0.6061598746081505 0.04276501766784452 0.17678683385579938
2 0.19570671378091872 0.5181347962382445 0.03924028268551237 0.16062695924764891
2 0.3151325088339223 0.4538871473354232 0.0325 0.12617554858934169
2 0.3918462897526502 0.5249216300940438 0.03575971731448763 0.1428526645768025
2 0.4170229681978799 0.4068808777429467 0.03840989399293286 0.12619122257053292
2 0.4538339222614841 0.38573667711598747 0.02931095406360424 0.10730407523510971
2 0.4860777385159011 0.4296238244514107 0.05492932862190813 0.126128526645768
3 0.48977031802120136 0.3494200626959248 0.031952296819787986 0.0739655172413793
2 0.6010865724381625 0.3865047021943574 0.03904593639575972 0.11051724137931035
3 0.6068286219081271 0.4708934169278997 0.03251766784452297 0.13136363636363638
2 0.6842844522968198 0.39304075235109714 0.037597173144876324 0.10164576802507837
2 0.6231713780918727 0.5876332288401255 0.05106890459363958 0.13924764890282132
2 0.7584982332155477 0.5534169278996866 0.04367491166077738 0.12931034482758622
2 0.7275795053003533 0.43142633228840127 0.053507067137809186 0.1000626959247649
2 0.9617049469964665 0.4100156739811912 0.04825971731448764 0.1199216300940439