2 0.9621378091872792 0.4585579937304075 0.04 0.10521943573667711
2 0.7484893992932862 0.6008307210031347 0.03451413427561838 0.11543887147335424
2 0.27762367491166073 0.6492789968652037 0.03965547703180212 0.13614420062695926
2 0.21096289752650177 0.5587147335423197 0.03353356890459364 0.11584639498432601
2 0.22530035335689044 0.6398746081504703 0.03613074204946996 0.12484326018808778
2 0.4142756183745583 0.4742163009404389 0.037420494699646645 0.13203761755485893
2 0.46608657243816254 0.46394984326018807 0.038948763250883395 0.10164576802507837
2 0.43413427561837453 0.4017398119122257 0.03637809187279152 0.0941065830721003
2 0.5817932862190813 0.5184952978056426 0.031687279151943464 0.1106269592476489
2 0.5240989399293285 0.43299373040752354 0.03369257950530035 0.08716300940438872
2 0.5336395759717315 0.40636363636363637 0.025044169611307423 0.08021943573667711
3 0.5470848056537102 0.3567398119122257 0.03073321554770318 0.09380877742946708
2 0.6804946996466431 0.44760188087774294 0.02200530035335689 0.09612852664576803
3 0.7243374558303888 0.5095141065830721 0.034681978798586574 0.10424764890282133
2 0.7903445229681978 0.5471316614420063 0.03298586572438163 0.11004702194357366
2 0.731678445229682 0.4435423197492163 0.02129858657243816 0.07413793103448275
2 0.7558303886925796 0.4157680250783699 0.024302120141342757 0.10191222570532915
2 0.7747438162544169 0.41156739811912224 0.022985865724381625 0.09641065830721003