2 0.09808303886925795 0.36012539184952974 0.05424028268551236 0.12358934169278996
2 0.14785335689045936 0.4878683385579937 0.047650176678445226 0.13816614420062698
3 0.1446113074204947 0.2624451410658307 0.04128975265017668 0.0975078369905956
2 0.33280035335689045 0.2846394984326019 0.039567137809187275 0.11369905956112854
2 0.4292491166077739 0.2569592476489028 0.039885159010600704 0.10847962382445141
2 0.6037367491166077 0.26531347962382446 0.0549469964664311 0.10639498432601881
2 0.5404240282685512 0.48105015673981194 0.06612190812720847 0.15540752351097178
3 0.6701501766784452 0.4131347962382445 0.0623321554770318 0.14498432601880878
2 0.7166784452296819 0.3481034482758621 0.04584805653710247 0.12463949843260187
2 0.7839752650176679 0.361692789968652 0.058524734982332155 0.14553291536050156
2 0.8926413427561838 0.2637460815047022 0.04971731448763251 0.12206896551724138
2 0.8651060070671378 0.4915047021943573 0.056484098939929325 0.13869905956112852
2 0.46002650176678445 0.8109247648902821 0.08553886925795053 0.1913322884012539
2 0.3572438162544169 0.5818652037617555 0.05666077738515901 0.15015673981191222
2 0.3151325088339223 0.8487931034482759 0.060768551236749124 0.20750783699059558
2 0.22987632508833925 0.6884326018808777 0.0651678445229682 0.18145768025078368
0 0.4094257950530036 0.26354231974921627 0.010618374558303887 0.026786833855799372