2 0.4292756183745583 0.8661442006269593 0.047597173144876326 0.1523667711598746
2 0.5179416961130742 0.5800626959247649 0.03279151943462897 0.12876175548589341
2 0.450256183745583 0.464435736677116 0.04097173144876325 0.10913793103448276
3 0.30042402826855125 0.5167554858934169 0.026201413427561836 0.10797805642633229
2 0.3502208480565371 0.3639184952978057 0.029063604240282686 0.10009404388714734
2 0.24070671378091874 0.4430564263322884 0.031890459363957596 0.10252351097178683
2 0.2789310954063604 0.4355329153605016 0.02952296819787986 0.10496865203761756
2 0.13153710247349823 0.4525862068965517 0.022446996466431095 0.09885579937304076
2 0.11591872791519435 0.38482758620689655 0.02767667844522968 0.08746081504702194
2 0.17533568904593638 0.32021943573667716 0.022340989399293285 0.07537617554858934
2 0.08232332155477032 0.5129153605015674 0.02945229681978799 0.11111285266457681
2 0.08123674911660776 0.4545141065830721 0.025318021201413427 0.09920062695924765
2 0.7640106007067138 0.4939498432601881 0.03895759717314488 0.1168808777429467
2 0.7976590106007068 0.40703761755485895 0.04022968197879859 0.09341692789968652
2 0.665583038869258 0.5379153605015674 0.025379858657243817 0.10866771159874608
2 0.6689399293286219 0.33876175548589343 0.038383392226148415 0.0886833855799373
2 0.6528268551236749 0.42224137931034483 0.03907243816254417 0.08678683385579937
2 0.6313957597173145 0.46429467084639503 0.03386042402826855 0.08382445141065831
0 0.6943551236749117 0.40274294670846394 0.011969964664310955 0.016661442006269594
2 0.9841077738515901 0.4876489028213166 0.03178445229681978 0.11126959247648902