3 0.9553180212014135 0.2599843260188088 0.03726148409893993 0.08547021943573668
3 0.8925706713780919 0.4570219435736677 0.03204063604240283 0.13476489028213168
2 0.8143992932862191 0.4599373040752351 0.028886925795053007 0.11142633228840126
2 0.8235247349823321 0.38974921630094045 0.020053003533568904 0.10371473354231975
2 0.7846554770318022 0.3868652037617555 0.01987632508833922 0.10131661442006269
2 0.7761042402826854 0.41119122257053287 0.022632508833922264 0.0999373040752351
2 0.7610424028268551 0.4115830721003134 0.024558303886925797 0.10188087774294671
2 0.7436395759717314 0.494294670846395 0.02501766784452297 0.10921630094043888
2 0.7321378091872791 0.41346394984326024 0.024443462897526504 0.0999373040752351
2 0.7193816254416961 0.42164576802507836 0.018162544169611307 0.09357366771159875
2 0.7081978798586572 0.44819749216300936 0.024646643109540636 0.09775862068965517
2 0.7019787985865724 0.4370532915360501 0.02118374558303887 0.10731974921630094
2 0.6838780918727915 0.4570689655172414 0.029204946996466433 0.11094043887147335
2 0.6607685512367492 0.4694670846394984 0.024655477031802122 0.09706896551724138
2 0.6568639575971732 0.4844670846394984 0.023250883392226147 0.09978056426332288
1 0.28933745583038867 0.4270376175548589 0.02506183745583039 0.12496865203761756
2 0.7297968197879858 0.7605485893416928 0.03340106007067138 0.15388714733542322
2 0.8532597173144876 0.7581504702194357 0.03929328621908127 0.1490909090909091
0 0.7817844522968198 0.7854388714733542 0.01878975265017668 0.03432601880877743
2 0.553886925795053 0.6252351097178683 0.024178445229681978 0.12802507836990595
2 0.5704770318021202 0.6220689655172413 0.015044169611307421 0.13355799373040753