2 0.5905653710247349 0.4183855799373041 0.03643992932862191 0.13302507836990596
2 0.6938162544169612 0.3516614420062696 0.03803003533568904 0.08764890282131661
0 0.6754946996466431 0.4046238244514106 0.017367491166077737 0.014169278996865202
2 0.5464575971731449 0.5752664576802508 0.05710247349823322 0.1352194357366771
2 0.4076855123674912 0.634435736677116 0.06753533568904593 0.1476332288401254
2 0.24093639575971731 0.6132131661442006 0.057137809187279155 0.173730407523511
3 0.08734982332155476 0.4678213166144201 0.044982332155477034 0.1322100313479624
2 0.1405565371024735 0.48923197492163006 0.04603356890459364 0.14387147335423198
2 0.18708480565371025 0.36976489028213166 0.02245583038869258 0.10750783699059561
2 0.047977031802120144 0.22865203761755484 0.026731448763250884 0.10310344827586207
2 0.2067137809187279 0.3064733542319749 0.027332155477031803 0.08992163009404389
2 0.3707332155477032 0.31313479623824453 0.02743816254416961 0.10863636363636364
2 0.5269434628975265 0.3757523510971787 0.028595406360424028 0.10387147335423197
2 0.839708480565371 0.3547335423197492 0.0325 0.12412225705329154
2 0.6206360424028268 0.22358934169279 0.02984982332155477 0.0820846394984326