0 0.8378710247349823 0.6158307210031347 0.03203180212014134 0.04252351097178683
2 0.8564134275618375 0.5549999999999999 0.04040636042402827 0.1575078369905956
2 0.7271378091872791 0.5225862068965518 0.04732332155477032 0.11622257053291538
2 0.7573233215547703 0.4410971786833856 0.04232332155477032 0.10371473354231975
2 0.45575088339222614 0.6529153605015674 0.04696113074204947 0.1292319749216301
2 0.4991872791519435 0.8436050156739813 0.0552208480565371 0.16650470219435737
2 0.47253533568904593 0.3525705329153605 0.043153710247349826 0.095282131661442
2 0.24415194346289754 0.45912225705329157 0.03895759717314488 0.10526645768025078
2 0.12135159010600707 0.37606583072100314 0.037164310954063605 0.09589341692789968
2 0.19468197879858656 0.6299216300940439 0.07075088339222615 0.16476489028213168
2 0.01870141342756184 0.5589184952978056 0.03739399293286219 0.1590909090909091