2 0.9142226148409894 0.5611598746081504 0.04404593639575972 0.15932601880877745
2 0.7980565371024735 0.5071943573667711 0.028339222614840988 0.11079937304075235
2 0.7894434628975264 0.47365203761755487 0.029814487632508834 0.12758620689655173
2 0.6707420494699646 0.40236677115987457 0.030697879858657243 0.11780564263322883
2 0.6372614840989399 0.5553134796238245 0.027747349823321554 0.08996865203761756
2 0.6154505300353358 0.547884012539185 0.03828621908127209 0.06289968652037618
2 0.5593816254416961 0.5147805642633229 0.0393904593639576 0.134717868338558
2 0.5461395759717315 0.5858777429467085 0.04539752650176679 0.07772727272727273
0 0.5026766784452297 0.6107680250783699 0.020503533568904594 0.034921630094043886
2 0.44387809187279154 0.5897021943573668 0.03484982332155477 0.1203448275862069
3 0.3841696113074205 0.533730407523511 0.03457597173144877 0.13592476489028213
2 0.3204770318021201 0.5015047021943574 0.031254416961130745 0.1221473354231975
2 0.21487632508833923 0.44518808777429464 0.030759717314487633 0.13003134796238244