2 0.15178445229681978 0.8602507836990596 0.02664310954063604 0.11346394984326019
0 0.09145759717314488 0.9192006269592478 0.013489399293286219 0.02036050156739812
2 0.24727915194346292 0.806489028213166 0.024814487632508833 0.10843260188087775
2 0.3655830388692579 0.6419905956112852 0.034363957597173145 0.08697492163009404
2 0.4414929328621908 0.6220219435736678 0.03032685512367491 0.08874608150470219
2 0.29750883392226146 0.5524608150470219 0.029204946996466433 0.08670846394984326
2 0.46904593639575975 0.8622884012539185 0.03435512367491166 0.12228840125391849
2 0.49797703180212016 0.4539968652037617 0.01832155477031802 0.06858934169278996
3 0.3967314487632509 0.37442006269592476 0.022075971731448762 0.05126959247648903
2 0.6373674911660777 0.5556269592476489 0.02098939929328622 0.08112852664576803
2 0.7499293286219081 0.44374608150470224 0.016351590106007067 0.06357366771159875
2 0.7287014134275618 0.594498432601881 0.022261484098939927 0.09210031347962382
3 0.6609187279151943 0.6484326018808777 0.025097173144876327 0.0986833855799373
2 0.704452296819788 0.6505172413793103 0.022941696113074204 0.09164576802507837
2 0.7430388692579505 0.7803448275862069 0.02474381625441696 0.10261755485893417
2 0.7265459363957597 0.7319905956112852 0.02333922261484099 0.10010971786833855
2 0.9489840989399293 0.6045611285266458 0.021457597173144875 0.08244514106583073
2 0.9167137809187279 0.477115987460815 0.019381625441696113 0.08264890282131661