3 0.5376236749116609 0.4716457680250784 0.05876325088339222 0.17421630094043888
2 0.46767667844522964 0.4625078369905956 0.03724381625441696 0.1653448275862069
2 0.3482597173144876 0.2882915360501567 0.03692579505300353 0.1335423197492163
2 0.3559187279151943 0.19898119122257055 0.034567137809187284 0.09283699059561128
3 0.24091872791519436 0.09006269592476489 0.028948763250883396 0.05996865203761755
2 0.29216431095406364 0.47294670846394987 0.053692579505300354 0.14862068965517242
2 0.2547614840989399 0.7215987460815046 0.05310070671378092 0.21957680250783698
2 0.3021643109540636 0.7534952978056426 0.060565371024734985 0.18684952978056427
2 0.47033568904593637 0.786896551724138 0.056687279151943465 0.18089341692789968
2 0.5869522968197879 0.7918495297805642 0.060247349823321555 0.18141065830721
2 0.7144699646643109 0.772257053291536 0.06086572438162545 0.20178683385579937
2 0.7825 0.635141065830721 0.052049469964664315 0.18774294670846395
2 0.8871996466431095 0.7735736677115987 0.07946113074204947 0.195
2 0.8123939929328622 0.43717868338557997 0.0570583038869258 0.14915360501567398