2 0.9668551236749117 0.8574608150470219 0.047782685512367494 0.1510971786833856
2 0.9828533568904593 0.5791222570532916 0.03098939929328622 0.12413793103448276
2 0.8890636042402826 0.5315673981191222 0.022738515901060068 0.12109717868338558
2 0.9101766784452296 0.5301097178683385 0.024920494699646644 0.10849529780564263
3 0.9178710247349823 0.5370532915360501 0.02482332155477032 0.11269592476489029
2 0.9590106007067137 0.40064263322884014 0.02335689045936396 0.09184952978056427
2 0.9676590106007068 0.3797335423197492 0.020618374558303888 0.09365203761755486
2 0.9137279151943463 0.3756896551724138 0.022915194346289754 0.10172413793103449
2 0.8921554770318021 0.39482758620689656 0.025291519434628974 0.10606583072100313
2 0.8127650176678445 0.4191222570532915 0.03128975265017668 0.1013793103448276
2 0.7687102473498233 0.4064576802507837 0.026943462897526502 0.09702194357366771
2 0.743595406360424 0.4113009404388715 0.024037102473498235 0.09379310344827586
1 0.6908038869257951 0.35075235109717867 0.024054770318021203 0.09221003134796238
2 0.6658568904593639 0.47123824451410656 0.025159010600706713 0.09252351097178683
2 0.4631978798586573 0.6405015673981191 0.031325088339222616 0.1322100313479624
2 0.3316696113074205 0.5603291536050157 0.02863957597173145 0.12208463949843261
2 0.10007950530035337 0.621128526645768 0.03300353356890459 0.07869905956112853
0 0.10872791519434628 0.6482131661442007 0.015697879858657244 0.031739811912225704