2 0.6486307420494699 0.48000000000000004 0.02978798586572438 0.10655172413793104
2 0.6165106007067138 0.41979623824451406 0.02875441696113074 0.08268025078369906
0 0.5923498233215547 0.4472570532915361 0.015636042402826855 0.019796238244514108
2 0.521952296819788 0.44471786833855803 0.028454063604240284 0.07714733542319749
2 0.4733127208480565 0.4660815047021944 0.02718197879858657 0.0957523510971787
2 0.40279151943462893 0.4882915360501567 0.02295053003533569 0.0990282131661442
2 0.3648586572438162 0.4215047021943574 0.025503533568904595 0.09177115987460814
2 0.2969434628975265 0.3975705329153605 0.028878091872791518 0.08509404388714734
2 0.28597173144876326 0.5675235109717868 0.04373674911660777 0.09278996865203762
2 0.2368904593639576 0.6820846394984327 0.040786219081272085 0.12460815047021943
3 0.16596289752650176 0.6017868338557993 0.03734098939929329 0.1215987460815047
2 0.1892844522968198 0.5611128526645768 0.03357773851590106 0.11548589341692791
2 0.08620141342756184 0.5306583072100314 0.03303886925795053 0.10710031347962382
2 0.11124558303886926 0.4916144200626959 0.030309187279151946 0.10567398119122258
2 0.581934628975265 0.8376489028213165 0.044425795053003536 0.13904388714733543