2 0.4133745583038869 0.6090595611285267 0.03347173144876325 0.13974921630094042
2 0.4370053003533569 0.4421003134796238 0.032137809187279154 0.11932601880877743
2 0.1476060070671378 0.36960815047021944 0.03859540636042403 0.10753918495297805
2 0.05011484098939929 0.4172100313479624 0.03574204946996466 0.09697492163009404
2 0.13557420494699646 0.6198432601880878 0.04323321554770318 0.1652194357366771
2 0.08688162544169611 0.8075548589341693 0.05406360424028269 0.17233542319749218
2 0.49949646643109535 0.821473354231975 0.06437279151943463 0.15705329153605016
3 0.5525 0.4078056426332288 0.046696113074204945 0.1251880877742947
2 0.7023321554770318 0.2669278996865204 0.026130742049469965 0.10594043887147336
2 0.5489664310954063 0.2236206896551724 0.03079505300353357 0.08594043887147335
2 0.5706095406360424 0.5526175548589342 0.038745583038869255 0.1365987460815047
2 0.7397614840989399 0.6427586206896552 0.041369257950530036 0.16014106583072102
2 0.8678445229681978 0.6337460815047021 0.03250883392226148 0.14993730407523512
2 0.8163957597173145 0.45523510971786835 0.031192579505300355 0.1338244514106583
2 0.8464222614840989 0.4330877742946708 0.029425795053003537 0.12479623824451411
2 0.8899293286219081 0.46641065830721 0.03250883392226148 0.13656739811912225
2 0.9361925795053003 0.38332288401253917 0.04773851590106007 0.1114576802507837
2 0.3304593639575972 0.8851567398119122 0.05092756183745583 0.17078369905956112