2 0.8309275618374559 0.7633542319749216 0.03390459363957597 0.11242946708463951
2 0.7969787985865724 0.7391849529780564 0.037906360424028264 0.07294670846394984
0 0.7659275618374558 0.7875548589341692 0.017747349823321556 0.038557993730407525
3 0.5942314487632508 0.6830877742946708 0.03686395759717314 0.14678683385579938
2 0.5620318021201414 0.5840752351097178 0.03337455830388693 0.13656739811912225
2 0.597826855123675 0.5975391849529781 0.032067137809187275 0.1493260188087774
2 0.652243816254417 0.4925548589341693 0.03504416961130742 0.14666144200626957
2 0.6786042402826855 0.4401253918495298 0.02784452296819788 0.12684952978056427
2 0.7020141342756183 0.49131661442006264 0.029734982332155473 0.11938871473354232
2 0.704160777385159 0.43826018808777434 0.023047703180212015 0.10365203761755486
2 0.7013692579505301 0.4537617554858934 0.021448763250883393 0.10098746081504703
2 0.7564487632508834 0.5040595611285266 0.025750883392226146 0.1165360501567398
2 0.7470141342756184 0.45216300940438875 0.023860424028268552 0.12258620689655171
2 0.7992932862190812 0.5118652037617555 0.03355123674911661 0.11442006269592477
2 0.776934628975265 0.4956583072100314 0.028763250883392228 0.11567398119122256
2 0.7776766784452297 0.4360501567398119 0.0232773851590106 0.11871473354231975
2 0.8108303886925795 0.43498432601880876 0.021669611307420497 0.10949843260188087
2 0.8443727915194347 0.47103448275862064 0.028842756183745582 0.1266614420062696
1 0.14077738515901062 0.45164576802507833 0.03370141342756184 0.1144514106583072
3 0.9596643109540636 0.2593573667711599 0.025830388692579503 0.10131661442006269