2 0.3563780918727915 0.6159090909090909 0.018171378091872793 0.0934012539184953
2 0.34716431095406364 0.6092163009404389 0.008701413427561836 0.09667711598746082
2 0.3349911660777385 0.6039811912225705 0.006563604240282685 0.09150470219435737
2 0.34039752650176675 0.6073354231974922 0.01226148409893993 0.08683385579937304
2 0.4666872791519434 0.5862382445141066 0.02482332155477032 0.10224137931034484
2 0.5046378091872792 0.6116300940438872 0.021272084805653707 0.09692789968652038
2 0.4934540636042403 0.6018338557993731 0.011731448763250883 0.09934169278996866
2 0.39517667844522963 0.5709717868338557 0.01377208480565371 0.07623824451410659
2 0.40524734982332156 0.5625235109717868 0.012924028268551237 0.08614420062695925
2 0.406678445229682 0.5064263322884013 0.022676678445229685 0.05628526645768025
2 0.3639310954063604 0.506614420062696 0.021307420494699646 0.09075235109717868
2 0.0571113074204947 0.6193887147335423 0.03312720848056537 0.09753918495297804
3 0.11992049469964665 0.5856269592476488 0.030503533568904593 0.1172884012539185
1 0.8400176678445229 0.5279780564263323 0.03732332155477032 0.10797805642633229
0 0.12430212014134276 0.6739341692789969 0.015556537102473497 0.02275862068965517