3 0.9626855123674911 0.24462382445141065 0.03590106007067138 0.08070532915360502
3 0.9162720848056537 0.45242946708463944 0.03292402826855124 0.12222570532915361
2 0.8601501766784453 0.7484952978056426 0.03689929328621908 0.15321316614420064
2 0.7303180212014134 0.7631661442006269 0.03598056537102473 0.15105015673981192
0 0.7866696113074205 0.789012539184953 0.022906360424028268 0.04330721003134796
2 0.8076855123674911 0.4534952978056426 0.023003533568904593 0.1009717868338558
2 0.8238780918727915 0.37644200626959246 0.026802120141342756 0.09363636363636364
2 0.790273851590106 0.37275862068965515 0.024390459363957596 0.1038244514106583
2 0.7811484098939929 0.4071473354231975 0.02642226148409894 0.09537617554858935
2 0.76136925795053 0.3980721003134796 0.028401060070671377 0.11144200626959247
2 0.7547173144876326 0.49036050156739813 0.03142226148409894 0.10998432601880878
2 0.7456448763250884 0.40263322884012537 0.026625441696113073 0.09598746081504703
2 0.7320229681978798 0.4132131661442006 0.016696113074204946 0.08115987460815047
2 0.7196289752650177 0.42087774294670843 0.016157243816254416 0.09387147335423197
2 0.705291519434629 0.4298746081504702 0.032968197879858656 0.10045454545454546
2 0.6836484098939929 0.449435736677116 0.02628975265017668 0.11675548589341692
2 0.6570759717314487 0.4824294670846395 0.03696113074204947 0.11252351097178684
2 0.6600441696113074 0.4620689655172414 0.02311837455830389 0.09639498432601881
2 0.5704416961130742 0.6171316614420063 0.015901060070671377 0.12482758620689655
2 0.5582685512367491 0.6224608150470219 0.018136042402826857 0.13454545454545455
1 0.2753356890459364 0.4165987460815047 0.04102473498233215 0.1354702194357367