2 0.1883480565371025 0.7405329153605016 0.054019434628975266 0.10376175548589342
2 0.2050530035335689 0.7409561128526646 0.03720848056537102 0.1129153605015674
2 0.13237632508833921 0.5136050156739812 0.035459363957597176 0.12532915360501568
1 0.1365459363957597 0.32774294670846393 0.02600706713780919 0.11195924764890283
2 0.37413427561837453 0.5281974921630094 0.0394434628975265 0.1286050156739812
2 0.6092314487632509 0.3443416927899686 0.033851590106007065 0.11586206896551725
2 0.6178445229681978 0.55858934169279 0.042641342756183746 0.13503134796238245
2 0.6319346289752651 0.7267398119122257 0.029955830388692577 0.1486833855799373
2 0.6560247349823322 0.727742946708464 0.032190812720848054 0.16470219435736677
2 0.7080742049469965 0.8350470219435736 0.03921378091872792 0.15503134796238244
2 0.817535335689046 0.8182601880877742 0.04833922261484099 0.17942006269592475
2 0.798851590106007 0.3759717868338558 0.03688162544169611 0.1177742946708464
3 0.9513692579505301 0.5466614420062695 0.039531802120141346 0.12927899686520378
0 0.17065371024734982 0.7973667711598746 0.016104240282685513 0.021818181818181816
3 0.789178445229682 0.14401253918495296 0.017879858657243813 0.0736206896551724