2 0.33088339222614843 0.7937460815047023 0.060238515901060066 0.15800940438871475
2 0.3247703180212014 0.47478056426332294 0.043462897526501766 0.13177115987460813
2 0.5653180212014135 0.35261755485893415 0.0391696113074205 0.14100313479623824
2 0.6039752650176679 0.38340125391849533 0.03979681978798586 0.14703761755485895
2 0.6354858657243816 0.2350783699059561 0.03660777385159011 0.09910658307210031
2 0.4103533568904594 0.3759561128526646 0.035450530035335694 0.1555015673981191
2 0.44390459363957596 0.3339028213166144 0.04811837455830389 0.15589341692789968
2 0.2647349823321555 0.40896551724137936 0.06403710247349823 0.12492163009404389
2 0.19457597173144875 0.5468181818181819 0.0393904593639576 0.15514106583072101
1 0.14009717314487632 0.24396551724137933 0.04385159010600707 0.12090909090909091
2 0.5079681978798587 0.8768652037617556 0.052429328621908126 0.15921630094043887
0 0.5365724381625442 0.9499059561128526 0.021086572438162546 0.051771159874608154
2 0.5958303886925795 0.7013636363636364 0.0434982332155477 0.19459247648902822
2 0.6400353356890459 0.7144514106583072 0.054787985865724385 0.2006269592476489
3 0.7751855123674911 0.44357366771159873 0.061969964664310956 0.16999999999999998
2 0.8655388692579505 0.34394984326018807 0.04080388692579505 0.1277115987460815
2 0.9055565371024734 0.6478526645768025 0.03691696113074205 0.1479153605015674
2 0.9124646643109542 0.47940438871473356 0.048471731448763246 0.1531034482758621
2 0.9575883392226149 0.7806739811912226 0.03437279151943463 0.1882131661442006
3 0.8108922261484098 0.8642006269592477 0.06307420494699648 0.19829153605015676
3 0.779726148409894 0.059984326018808785 0.03476148409893993 0.08697492163009404