2 0.6310600706713781 0.42995297805642635 0.025220848056537102 0.10034482758620689
0 0.6191519434628975 0.4656112852664577 0.00797703180212014 0.02105015673981191
2 0.6054505300353357 0.6113479623824452 0.03086572438162544 0.12816614420062694
2 0.687756183745583 0.5684796238244514 0.02637809187279152 0.14141065830721003
2 0.7398674911660778 0.7494200626959248 0.04024734982332156 0.12769592476489028
2 0.9563869257950531 0.5852507836990596 0.026713780918727913 0.1223667711598746
2 0.8548763250883392 0.47429467084639504 0.01893992932862191 0.13553291536050158
2 0.7080212014134276 0.43139498432601886 0.025070671378091873 0.10537617554858934
2 0.5376678445229682 0.42998432601880876 0.03080388692579505 0.09948275862068966
2 0.4508657243816254 0.565987460815047 0.025998233215547704 0.12031347962382447
3 0.480821554770318 0.5591692789968652 0.02709363957597173 0.11539184952978057
2 0.4414399293286219 0.43014106583072104 0.016952296819787986 0.09507836990595611
2 0.45803003533568903 0.4293573667711599 0.026678445229681977 0.09203761755485894
2 0.34811837455830386 0.5385893416927899 0.03128091872791519 0.09161442006269593
2 0.3483833922261484 0.46217868338557994 0.02202296819787986 0.08666144200626959
3 0.26479681978798586 0.39684952978056426 0.01661660777385159 0.07195924764890281
2 0.21615724381625442 0.45932601880877744 0.03371024734982332 0.09545454545454546
2 0.06501766784452297 0.5809090909090909 0.02836572438162544 0.11366771159874607
2 0.09503533568904593 0.5316300940438872 0.028401060070671377 0.12407523510971787
2 0.13092756183745582 0.5187617554858934 0.0207243816254417 0.11619122257053291
2 0.013595406360424028 0.6018338557993731 0.025662544169611307 0.11664576802507837