2 0.7462897526501766 0.8621630094043886 0.06098939929328622 0.17393416927899685
2 0.9829063604240283 0.5652664576802507 0.034187279151943466 0.15960815047021942
2 0.9034805653710247 0.5986833855799373 0.037985865724381625 0.13252351097178683
2 0.8310865724381625 0.6462225705329154 0.04337455830388693 0.13788401253918495
2 0.8328710247349823 0.42620689655172417 0.034496466431095406 0.1106896551724138
2 0.8406537102473498 0.30971786833855797 0.028268551236749116 0.09862068965517241
3 0.7065547703180213 0.5017084639498433 0.0355565371024735 0.12637931034482758
2 0.642208480565371 0.47810344827586204 0.057835689045936396 0.13164576802507835
2 0.6465636042402827 0.3565830721003135 0.029204946996466433 0.10536050156739812
2 0.5710865724381625 0.2327115987460815 0.029204946996466433 0.10340125391849529
3 0.5575088339222615 0.18089341692789968 0.027729681978798586 0.07568965517241379
2 0.4691431095406361 0.31739811912225707 0.025318021201413427 0.10293103448275863
2 0.37184628975265016 0.4311598746081505 0.0369434628975265 0.12335423197492164
2 0.42075088339222616 0.49731974921630095 0.04681095406360424 0.12036050156739812
2 0.5645759717314488 0.6264576802507837 0.05041519434628975 0.11489028213166144
2 0.579434628975265 0.5685423197492163 0.03189929328621908 0.13025078369905954
2 0.307791519434629 0.6190282131661442 0.03179328621908127 0.1318025078369906
0 0.3354946996466431 0.6683855799373041 0.018710247349823322 0.044122257053291536
2 0.23685512367491166 0.5055329153605015 0.041669611307420494 0.12987460815047022