2 0.3986219081272085 0.7370062695924765 0.09171378091872791 0.1657680250783699
2 0.5109717314487632 0.6502978056426332 0.06729681978798586 0.18669278996865205
2 0.5747349823321555 0.681896551724138 0.06230565371024735 0.15899686520376174
2 0.641731448763251 0.7007053291536051 0.035521201413427565 0.17778996865203764
2 0.6744169611307421 0.6968181818181818 0.05811837455830389 0.17794670846394983
2 0.6638162544169611 0.5354075235109718 0.05459363957597173 0.11832288401253918
2 0.6755918727915194 0.4502507836990595 0.0569434628975265 0.1318808777429467
2 0.7258038869257951 0.40846394984326023 0.0631183745583039 0.13394984326018808
2 0.7919169611307421 0.37189655172413794 0.04572438162544169 0.14438871473354234
2 0.810035335689046 0.3617084639498433 0.0359982332155477 0.12401253918495299
2 0.8476148409893993 0.4039028213166144 0.027508833922261486 0.14308777429467084
2 0.8551236749116607 0.34622257053291533 0.02222614840989399 0.11465517241379311
2 0.8850530035335689 0.41879310344827586 0.04425795053003534 0.12330721003134797
3 0.9235424028268552 0.5193887147335423 0.04037985865724382 0.13894984326018808
2 0.9764752650176678 0.48437304075235105 0.02747349823321555 0.14163009404388716
2 0.9838074204946997 0.4228996865203762 0.03237632508833922 0.13235109717868337
1 0.3700088339222615 0.3237931034482759 0.03930212014134276 0.1360344827586207
0 0.37848939929328623 0.7631347962382445 0.023312720848056537 0.05938871473354232