3 0.9656802120141343 0.26636363636363636 0.04030918727915195 0.10221003134796237
2 0.8631978798586573 0.753730407523511 0.050892226148409894 0.16158307210031347
2 0.7340547703180212 0.7722727272727272 0.04526501766784453 0.15164576802507837
2 0.5586837455830388 0.6189498432601881 0.017835689045936395 0.16163009404388715
2 0.5772349823321554 0.6168965517241379 0.01926678445229682 0.14343260188087775
1 0.29937279151943463 0.42750783699059564 0.05575971731448763 0.1831191222570533
3 0.8790636042402827 0.46365203761755486 0.03375441696113074 0.1354075235109718
2 0.8178180212014134 0.4586677115987461 0.03122791519434629 0.10830721003134795
2 0.830273851590106 0.3894984326018809 0.02600706713780919 0.1111912225705329
2 0.7920936395759717 0.3880721003134796 0.021978798586572437 0.1211755485893417
2 0.7789310954063604 0.4131191222570533 0.018551236749116608 0.11456112852664577
2 0.7630035335689046 0.40678683385579933 0.02588339222614841 0.11581504702194358
2 0.7443551236749116 0.48934169278996864 0.024063604240282685 0.11913793103448277
2 0.7343109540636042 0.41810344827586204 0.019752650176678446 0.11813479623824452
2 0.7141166077738516 0.44778996865203763 0.025167844522968195 0.10581504702194358
2 0.7198939929328622 0.39805642633228844 0.01924028268551237 0.057711598746081505
2 0.6903003533568904 0.45830721003134794 0.025768551236749117 0.11615987460815047
2 0.6567314487632508 0.49012539184952975 0.0297791519434629 0.11239811912225704
2 0.6659805653710247 0.4682915360501567 0.02295053003533569 0.1040282131661442
0 0.7853621908127209 0.7897492163009404 0.01576855123674912 0.037147335423197494