3 0.28533568904593637 0.5326175548589341 0.045750883392226147 0.1257523510971787
2 0.11759717314487633 0.5786206896551724 0.05646643109540636 0.1311755485893417
2 0.1528975265017668 0.4714576802507837 0.03707597173144876 0.11166144200626958
2 0.4946024734982332 0.5294984326018809 0.04183745583038869 0.05184952978056426
2 0.553595406360424 0.37835423197492163 0.03477031802120141 0.09862068965517241
2 0.5853003533568905 0.44641065830721005 0.03107773851590106 0.08592476489028213
2 0.6649469964664311 0.4814576802507837 0.042438162544169614 0.08296238244514106
2 0.6009275618374559 0.5242163009404388 0.05469081272084805 0.09271159874608151
2 0.5337809187279152 0.5087931034482759 0.04393109540636042 0.07810344827586206
2 0.7534275618374559 0.4487147335423197 0.042499999999999996 0.09863636363636363
2 0.7914664310954064 0.5324764890282132 0.04688162544169611 0.12816614420062694