2 0.7057508833922261 0.6118965517241379 0.06553003533568905 0.15484326018808778
3 0.8943462897526502 0.45249216300940437 0.04134275618374558 0.12050156739811911
2 0.3096996466431095 0.3803761755485894 0.05358657243816254 0.11733542319749216
2 0.27911660777385155 0.6098432601880878 0.04762367491166077 0.10996865203761755
2 0.30086572438162545 0.5173510971786833 0.05358657243816254 0.11307210031347963
2 0.44407243816254416 0.48600313479623825 0.046272084805653715 0.12873040752351098
2 0.44340989399293285 0.4019278996865204 0.03169611307420495 0.10559561128526647
2 0.9115724381625443 0.396833855799373 0.02984982332155477 0.12205329153605017
2 0.9561749116607775 0.5910344827586207 0.0413339222614841 0.11935736677115988
2 0.9761660777385159 0.5171473354231975 0.03492049469964664 0.11659874608150471
2 0.5509540636042403 0.3151253918495298 0.030353356890459364 0.10047021943573667
2 0.5364929328621908 0.28338557993730407 0.025724381625441696 0.09183385579937305
3 0.4919081272084806 0.1629310344827586 0.03148409893992933 0.07487460815047023
0 0.3572791519434629 0.7505956112852664 0.015848056537102476 0.024905956112852665
2 0.34474381625441697 0.6555799373040753 0.0415017667844523 0.10487460815047021
2 0.32463780918727914 0.7095297805642633 0.033604240282685514 0.12147335423197492