2 0.05309187279151944 0.6449216300940439 0.03507950530035336 0.15269592476489027
2 0.6370759717314487 0.42799373040752353 0.025927561837455832 0.12244514106583072
1 0.6596024734982332 0.39978056426332287 0.035636042402826855 0.11304075235109719
0 0.6810247349823321 0.2986520376175548 0.012226148409893993 0.020517241379310346
2 0.11051236749116607 0.7366300940438872 0.07923144876325088 0.13233542319749217
2 0.2632155477031802 0.5102978056426333 0.03349823321554771 0.13031347962382445
2 0.13204063604240282 0.35529780564263325 0.027332155477031803 0.09852664576802508
3 0.19641342756183747 0.4436677115987461 0.0434452296819788 0.12246081504702194
2 0.28673144876325085 0.3864576802507837 0.04298586572438162 0.13341692789968654
2 0.47421378091872785 0.4070219435736677 0.05134275618374558 0.060909090909090906
2 0.5105388692579504 0.3137617554858934 0.03345406360424028 0.10948275862068965
2 0.5527208480565371 0.3776332288401254 0.0427208480565371 0.10401253918495297
2 0.7807243816254417 0.4479780564263323 0.0548321554770318 0.10757053291536049
2 0.7706802120141343 0.36841692789968655 0.032526501766784455 0.09735109717868339