3 0.24760600706713784 0.5262225705329154 0.03208480565371025 0.1178369905956113
2 0.026749116607773852 0.39106583072100315 0.02997349823321555 0.08700626959247648
2 0.030503533568904593 0.7193573667711599 0.031704946996466435 0.1312382445141066
2 0.3501678445229682 0.4944043887147336 0.03863074204946996 0.10208463949843259
2 0.4073144876325088 0.3684952978056426 0.03530035335689046 0.09658307210031347
2 0.44585689045936394 0.5192006269592476 0.035265017667844525 0.12090909090909091
2 0.5012632508833922 0.5204075235109717 0.024620141342756186 0.11304075235109719
2 0.4623321554770318 0.41724137931034483 0.03159010600706714 0.10857366771159874
2 0.5092579505300353 0.42836990595611285 0.03482332155477032 0.08633228840125391
2 0.4360070671378092 0.7899999999999999 0.04642226148409894 0.12884012539184952
2 0.3806978798586572 0.8071159874608151 0.03992049469964664 0.14937304075235108
0 0.4059540636042403 0.8572257053291535 0.024858657243816255 0.027241379310344826
2 0.7255388692579505 0.510141065830721 0.0470583038869258 0.10960815047021945
1 0.7302650176678445 0.299717868338558 0.031448763250883395 0.09244514106583071
2 0.8302826855123675 0.5831818181818181 0.03482332155477032 0.12228840125391849
2 0.8593816254416962 0.5984169278996866 0.035185512367491165 0.13564263322884013