2 0.6490989399293285 0.7996865203761755 0.07498233215547703 0.15946708463949844
2 0.724779151943463 0.6367084639498433 0.049681978798586574 0.17206896551724138
2 0.7976678445229682 0.5570532915360501 0.0629505300353357 0.14128526645768025
2 0.8704151943462897 0.42072100313479627 0.07769434628975265 0.11938871473354232
2 0.7844169611307421 0.2911755485893417 0.03643992932862191 0.11735109717868339
2 0.45943462897526505 0.43926332288401254 0.03135159010600707 0.09692789968652038
2 0.3522349823321555 0.3099843260188088 0.03250883392226148 0.08600313479623824
2 0.3890459363957597 0.28623824451410657 0.04228798586572438 0.10884012539184952
2 0.2095494699646643 0.42307210031347964 0.02098939929328622 0.09587774294670846
2 0.21985865724381626 0.3457680250783699 0.041607773851590105 0.08547021943573668
2 0.12326855123674911 0.35699059561128527 0.04982332155477032 0.10478056426332287
3 0.22825088339222616 0.24598746081504702 0.03542402826855124 0.09909090909090909
2 0.24841872791519432 0.4445141065830721 0.039081272084805656 0.09322884012539184
3 0.17288869257950532 0.5202351097178683 0.0448321554770318 0.12719435736677118
2 0.3074646643109541 0.5489811912225705 0.042897526501766786 0.13504702194357365
2 0.5043374558303887 0.7399059561128527 0.06787985865724382 0.15758620689655173
0 0.6231802120141343 0.8495924764890281 0.02314487632508834 0.04296238244514106