2 0.780839222614841 0.869294670846395 0.0889929328621908 0.17368338557993732
2 0.9403886925795053 0.5477899686520377 0.038259717314487636 0.10741379310344827
2 0.9197084805653709 0.5018338557993731 0.03074204946996466 0.12730407523510973
2 0.9381802120141343 0.4689811912225705 0.040415194346289755 0.10496865203761756
2 0.7615282685512367 0.4403605015673981 0.029425795053003537 0.09280564263322884
2 0.7326501766784452 0.36291536050156736 0.0281095406360424 0.09642633228840126
2 0.6154240282685512 0.3254702194357367 0.0268904593639576 0.12330721003134797
2 0.5208127208480565 0.33656739811912223 0.03610424028268551 0.08376175548589342
3 0.5031890459363958 0.3923667711598746 0.03751766784452297 0.10025078369905956
2 0.4345318021201413 0.4058777429467084 0.03280918727915194 0.11057993730407523
2 0.32510600706713777 0.49194357366771163 0.07070671378091874 0.11586206896551725
2 0.2967932862190813 0.30081504702194356 0.03571554770318021 0.10738244514106583
2 0.19282685512367492 0.2727899686520376 0.03186395759717314 0.09805642633228841
2 0.1239487632508834 0.34927899686520375 0.04552120141342756 0.10752351097178682
2 0.016272084805653713 0.34288401253918493 0.03253533568904594 0.1038244514106583
2 0.01109540636042403 0.496692789968652 0.02219081272084806 0.12995297805642633
2 0.1065547703180212 0.7174451410658308 0.04646643109540636 0.14136363636363636