2 0.6479505300353358 0.611551724137931 0.023931095406360424 0.14890282131661442
2 0.7295848056537102 0.6168808777429466 0.02803886925795053 0.15105015673981192
2 0.5979593639575972 0.2711128526645768 0.026731448763250884 0.11210031347962382
2 0.39075088339222613 0.359717868338558 0.05080388692579505 0.1240282131661442
2 0.3813427561837456 0.4675548589341693 0.032270318021201415 0.13336990595611287
2 0.1460070671378092 0.7572100313479624 0.05119257950530036 0.15523510971786836
2 0.11092756183745582 0.5942476489028213 0.051086572438162545 0.1336206896551724
2 0.023127208480565372 0.6059874608150471 0.03673144876325088 0.1377742946708464
2 0.021113074204946996 0.3167241379310345 0.023515901060070673 0.0987460815047022
2 0.05919611307420495 0.16413793103448276 0.04140459363957597 0.11186520376175549
2 0.011581272084805654 0.22515673981191223 0.021696113074204947 0.085282131661442
0 0.6874911660777385 0.6724294670846395 0.02066254416961131 0.025705329153605013