2 0.8929505300353358 0.7237931034482759 0.0497791519434629 0.16542319749216303
2 0.8457950530035336 0.5418652037617554 0.054902826855123675 0.16079937304075237
2 0.990636042402827 0.39322884012539183 0.01872791519434629 0.17598746081504701
2 0.9004063604240282 0.12989028213166146 0.034734982332155474 0.11692789968652037
2 0.8365017667844522 0.2445141065830721 0.04469964664310954 0.15277429467084638
2 0.6707597173144876 0.32951410658307206 0.03428445229681979 0.13572100313479624
2 0.6264399293286219 0.17768025078369906 0.04266784452296819 0.12963949843260186
2 0.6720141342756184 0.5862852664576803 0.04157243816254417 0.1688871473354232
3 0.3841431095406361 0.4689968652037618 0.044469964664310954 0.1468652037617555
2 0.32210247349823323 0.4289498432601881 0.04017667844522968 0.13689655172413795
2 0.3112014134275618 0.3467084639498432 0.03515017667844523 0.12122257053291537
2 0.3238427561837456 0.6978683385579938 0.037667844522968195 0.1709717868338558
0 0.23092756183745586 0.7741692789968653 0.02435512367491166 0.047257053291536046
2 0.3046643109540636 0.10081504702194356 0.04227031802120142 0.12122257053291537