2 0.9848586572438162 0.7005956112852665 0.030291519434628975 0.12551724137931033
2 0.9686572438162544 0.6010188087774294 0.05007950530035336 0.13843260188087772
2 0.9357420494699646 0.44645768025078364 0.04653710247349823 0.13844827586206895
2 0.8873144876325089 0.505282131661442 0.03636925795053004 0.13663009404388715
2 0.8550795053003534 0.5938244514106583 0.057756183745583035 0.11357366771159874
3 0.7908127208480565 0.46172413793103445 0.03696113074204947 0.12418495297805643
2 0.6927650176678446 0.3533855799373041 0.04706713780918728 0.1061128526645768
2 0.636113074204947 0.49493730407523506 0.032252650176678443 0.11744514106583073
3 0.6089310954063604 0.21277429467084638 0.03681095406360424 0.08476489028213166
2 0.5264045936395759 0.34072100313479625 0.03166077738515902 0.09274294670846395
2 0.4850795053003534 0.48374608150470216 0.041607773851590105 0.11595611285266458
0 0.5014134275618375 0.4775705329153605 0.013666077738515902 0.030407523510971785
2 0.4812102473498233 0.45105015673981186 0.02713780918727915 0.10730407523510971
2 0.4545318021201413 0.48225705329153606 0.032703180212014134 0.11296238244514105
2 0.33391342756183745 0.540282131661442 0.040591872791519434 0.12894984326018807