2 0.877773851590106 0.6799686520376176 0.06852473498233215 0.16451410658307208
2 0.7196466431095406 0.5829153605015673 0.04247349823321555 0.12703761755485893
2 0.6775088339222616 0.6022257053291536 0.03196996466431095 0.13989028213166144
2 0.6192402826855123 0.69358934169279 0.050848056537102476 0.10810344827586207
2 0.6241342756183745 0.771551724137931 0.08844522968197881 0.1202664576802508
0 0.5966342756183746 0.805987460815047 0.02256183745583039 0.0411128526645768
1 0.6831360424028268 0.3801567398119122 0.041996466431095406 0.13126959247648903
2 0.41086572438162544 0.4214420062695925 0.0488339222614841 0.10873040752351099
2 0.4236749116607774 0.6096394984326019 0.04545053003533569 0.1375705329153605
2 0.25795936395759717 0.5147335423197492 0.04048586572438163 0.11296238244514105
2 0.21782685512367492 0.4007366771159874 0.032756183745583034 0.11452978056426331
2 0.2548763250883392 0.3735109717868339 0.0331095406360424 0.09009404388714733
2 0.10258833922261484 0.6664576802507837 0.0501678445229682 0.14821316614420063
2 0.12163427561837456 0.9085893416927899 0.05075971731448763 0.1476332288401254