2 0.9426060070671378 0.5812225705329154 0.02840989399293286 0.10454545454545455
3 0.9392844522968198 0.5313166144200627 0.02365724381625442 0.12615987460815045
2 0.9905830388692579 0.48010971786833856 0.018833922261484098 0.10134796238244513
2 0.9637102473498234 0.4050783699059561 0.021174911660777385 0.10307210031347963
2 0.9798233215547704 0.385423197492163 0.016325088339222617 0.10595611285266457
2 0.8887985865724382 0.4867711598746082 0.026307420494699647 0.10285266457680252
2 0.8325795053003534 0.4127429467084639 0.026996466431095406 0.099858934169279
2 0.8739752650176679 0.3956269592476489 0.0232773851590106 0.09768025078369906
2 0.8670848056537103 0.4053291536050157 0.018047703180212014 0.09177115987460814
2 0.7410777385159011 0.40296238244514104 0.021757950530035333 0.10054858934169279
1 0.7041519434628976 0.3538087774294671 0.02491166077738516 0.0882601880877743
2 0.7039134275618375 0.4252351097178684 0.02918727915194346 0.08434169278996866
2 0.6920318021201414 0.48956112852664574 0.026342756183745583 0.09998432601880877
2 0.2963780918727915 0.6127899686520376 0.02597173144876325 0.10188087774294671
2 0.3152385159010601 0.5869905956112853 0.02092756183745583 0.13460815047021943
2 0.15964664310954063 0.6171786833855799 0.027252650176678446 0.11739811912225706
0 0.146386925795053 0.663307210031348 0.018798586572438162 0.03592476489028214