2 0.5223321554770318 0.6107836990595611 0.044655477031802115 0.15036050156739814
2 0.2198851590106007 0.5322100313479624 0.058136042402826854 0.14995297805642632
2 0.2640459363957597 0.3907366771159875 0.030362190812720846 0.13572100313479624
3 0.32019434628975263 0.18122257053291538 0.03917844522968198 0.09286833855799373
2 0.43741166077738514 0.2902351097178683 0.038886925795053005 0.11832288401253918
0 0.4567226148409894 0.32741379310344826 0.024496466431095407 0.04039184952978056
2 0.6156978798586573 0.3891692789968652 0.029487632508833926 0.12810344827586206
2 0.5031537102473499 0.2132445141065831 0.03659010600706714 0.10761755485893416
2 0.6936837455830389 0.264717868338558 0.02895759717314488 0.11206896551724138
2 0.8507685512367492 0.445141065830721 0.037729681978798585 0.12358934169278996
2 0.923701413427562 0.3068025078369906 0.03719964664310954 0.124576802507837
2 0.9206713780918728 0.24076802507836992 0.021051236749116607 0.11341692789968652