2 0.4862455830388692 0.7806739811912226 0.04820671378091873 0.19009404388714735
2 0.910326855123675 0.7309874608150471 0.04578621908127208 0.17133228840125392
2 0.8219964664310954 0.4480407523510972 0.05086572438162544 0.1607523510971787
2 0.9162544169611307 0.332319749216301 0.05007950530035336 0.13083072100313478
2 0.7244611307420495 0.4708777429467085 0.050141342756183746 0.143730407523511
2 0.6186042402826855 0.3533542319749216 0.05800353356890459 0.1281347962382445
2 0.6235247349823322 0.2589028213166144 0.040079505300353355 0.14520376175548588
2 0.650273851590106 0.27836990595611283 0.03300353356890459 0.11697492163009404
2 0.5523586572438163 0.38648902821316616 0.049187279151943465 0.14064263322884013
3 0.31565371024734984 0.2396551724137931 0.05028268551236749 0.11565830721003136
2 0.16992049469964665 0.326269592476489 0.03897526501766784 0.1500783699059561
0 0.20764134275618376 0.38068965517241377 0.02609540636042403 0.04841692789968652
2 0.2260600706713781 0.574294670846395 0.06797703180212014 0.16246081504702195