2 0.26196113074204946 0.5511755485893417 0.029337455830388694 0.12221003134796238
2 0.11639575971731447 0.4436677115987461 0.02890459363957597 0.09244514106583071
2 0.101386925795053 0.38260188087774294 0.018162544169611307 0.06435736677115987
2 0.014028268551236749 0.34766457680250784 0.028056537102473498 0.09387147335423197
0 0.28431095406360424 0.3624921630094044 0.008171378091872792 0.015564263322884011
2 0.3012190812720848 0.32838557993730405 0.03234982332155477 0.06989028213166144
2 0.3197703180212014 0.4159561128526646 0.018869257950530034 0.09692789968652038
2 0.3908657243816254 0.43940438871473353 0.031757950530035335 0.10098746081504703
2 0.5082508833922261 0.34968652037617554 0.029001766784452297 0.07843260188087774
2 0.5915194346289753 0.6800470219435737 0.041166077738515904 0.11205329153605015
2 0.6977915194346289 0.7761755485893417 0.04651943462897526 0.1618181818181818
2 0.8379416961130741 0.5350783699059561 0.0393904593639576 0.1237460815047022