2 0.7384805653710248 0.7590752351097179 0.03395759717314487 0.14388714733542318
0 0.7712985865724382 0.7889968652037618 0.01706713780918728 0.035078369905956114
2 0.8468904593639576 0.756974921630094 0.03335689045936396 0.1575078369905956
3 0.8336219081272085 0.5199216300940439 0.02384275618374558 0.13788401253918495
2 0.8571201413427562 0.4644827586206896 0.014390459363957596 0.1215987460815047
2 0.8140459363957597 0.3969435736677116 0.023577738515901062 0.10153605015673982
2 0.785856890459364 0.47025078369905954 0.017844522968197878 0.10208463949843259
2 0.6846378091872791 0.4592476489028213 0.015397526501766784 0.1240909090909091
2 0.7005123674911661 0.4290909090909091 0.013568904593639575 0.12073667711598746
2 0.731660777385159 0.4152978056426332 0.02778268551236749 0.10109717868338558
2 0.750547703180212 0.4192163009404388 0.01920494699646643 0.10362068965517242
2 0.7719257950530036 0.3878056426332288 0.02607773851590106 0.09650470219435736
2 0.6253003533568905 0.49396551724137927 0.025918727915194346 0.09656739811912225
2 0.5462809187279152 0.6242163009404389 0.021916961130742048 0.12094043887147335
2 0.5643727915194346 0.617680250783699 0.02221731448763251 0.11847962382445142
2 0.6389929328621908 0.47363636363636363 0.02041519434628975 0.09836990595611285
2 0.6621201413427562 0.464435736677116 0.01707597173144876 0.11373040752351098
3 0.9432420494699647 0.2708934169278997 0.02460247349823322 0.07890282131661443
1 0.27840989399293287 0.43521943573667715 0.02629858657243816 0.14031347962382446