0 0.7919257950530035 0.38076802507836993 0.0178886925795053 0.03948275862068966
2 0.8288780918727915 0.34056426332288403 0.054840989399293286 0.12869905956112854
2 0.6149293286219082 0.45913793103448275 0.056961130742049476 0.16112852664576802
2 0.5301148409893993 0.38415360501567397 0.05964664310954063 0.14970219435736679
2 0.5872438162544169 0.6328213166144201 0.05225265017667845 0.17426332288401256
2 0.5498498233215547 0.6644043887147335 0.04610424028268551 0.18040752351097178
2 0.4666519434628975 0.4520532915360502 0.051086572438162545 0.12877742946708465
2 0.4532508833922262 0.23293103448275865 0.03311837455830389 0.10117554858934169
2 0.2753710247349824 0.31520376175548587 0.04839222614840989 0.1246551724137931
2 0.2432773851590106 0.670141065830721 0.05132508833922261 0.17310344827586208
2 0.14372791519434627 0.550783699059561 0.05012367491166078 0.16948275862068965
2 0.10898409893992933 0.41210031347962384 0.044231448763250886 0.1460344827586207
2 0.05199646643109541 0.35882445141065833 0.03803003533568904 0.13351097178683385
3 0.05434628975265018 0.4936206896551724 0.0456095406360424 0.16741379310344828