0 0.5520053003533569 0.4461755485893417 0.016740282685512368 0.0290282131661442
2 0.04017667844522968 0.30554858934169277 0.03869257950530035 0.12111285266457679
3 0.11803886925795054 0.19177115987460813 0.019346289752650174 0.08163009404388714
2 0.16435512367491167 0.38227272727272726 0.03488515901060071 0.12067398119122257
2 0.14324204946996466 0.7157053291536051 0.04888692579505301 0.15202194357366772
2 0.25162544169611306 0.39916927899686516 0.03434628975265018 0.1202664576802508
2 0.4598498233215547 0.3013949843260188 0.03802120141342756 0.10995297805642634
2 0.5610424028268551 0.39225705329153604 0.030008833922261485 0.09789968652037617
2 0.6134187279151944 0.39631661442006266 0.0371113074204947 0.10771159874608151
2 0.7074028268551237 0.40200626959247654 0.032005300353356886 0.11456112852664577
2 0.6526148409893993 0.53782131661442 0.03968197879858657 0.12112852664576802
2 0.7283657243816254 0.7539028213166145 0.04181095406360424 0.12012539184952978
2 0.6994434628975265 0.8894984326018809 0.03695229681978798 0.1604858934169279
2 0.8823586572438162 0.389294670846395 0.02696113074204947 0.12330721003134797
3 0.9299204946996467 0.370282131661442 0.03373674911660777 0.1251880877742947
2 0.9042049469964664 0.23186520376175548 0.022464664310954063 0.08489028213166144
2 0.9375353356890459 0.2641692789968652 0.02165194346289753 0.09537617554858935