3 0.5458745583038869 0.2210658307210031 0.0246113074204947 0.06909090909090909
3 0.7546731448763251 0.4742476489028213 0.038047703180212014 0.12089341692789968
2 0.5356095406360424 0.4762068965517241 0.03101590106007067 0.11697492163009404
2 0.5006095406360425 0.3405956112852665 0.03566254416961131 0.11224137931034482
2 0.46250883392226144 0.45405956112852663 0.03235865724381626 0.10796238244514106
2 0.26221731448763247 0.5471316614420063 0.05137809187279151 0.1256269592476489
2 0.772226148409894 0.6331661442006269 0.041802120141342755 0.13543887147335423
2 0.9232773851590107 0.39429467084639497 0.0329416961130742 0.11460815047021944
2 0.7421908127208481 0.5816300940438871 0.0365017667844523 0.11622257053291538
2 0.7948586572438162 0.5081347962382445 0.03893109540636042 0.13775862068965516
2 0.8417844522968198 0.42446708463949845 0.04223498233215548 0.10128526645768025
2 0.9810070671378092 0.663526645768025 0.037985865724381625 0.13114420062695925
2 0.9650088339222616 0.5524294670846395 0.04132508833922262 0.10876175548589342
2 0.9697614840989399 0.48148902821316614 0.03536219081272085 0.10012539184952979
2 0.6189134275618374 0.3445297805642633 0.03515017667844523 0.10065830721003134
2 0.4236219081272085 0.46031347962382446 0.035070671378091875 0.1306896551724138