2 0.21003533568904592 0.727398119122257 0.06369257950530034 0.18206896551724136
2 0.3300618374558304 0.7529310344827587 0.05858657243816254 0.14655172413793102
2 0.27531802120141347 0.6899686520376176 0.04976148409893993 0.13711598746081505
2 0.5743992932862191 0.8441379310344826 0.05704946996466431 0.16899686520376175
0 0.5618021201413428 0.8857836990595611 0.014346289752650175 0.028620689655172418
2 0.509982332155477 0.612742946708464 0.04201413427561838 0.14420062695924765
2 0.5955565371024735 0.41496865203761757 0.03984982332155477 0.11050156739811912
2 0.7556625441696113 0.4263009404388715 0.03967314487632508 0.12385579937304074
2 0.8213427561837455 0.6424294670846395 0.04410777385159011 0.15230407523510972
2 0.9676325088339222 0.5010658307210032 0.0294434628975265 0.14446708463949842
2 0.5637720848056538 0.2225862068965517 0.028798586572438164 0.09851097178683386
2 0.5094699646643109 0.3296394984326019 0.026104240282685515 0.1153605015673981
2 0.4322791519434629 0.24199059561128525 0.03278268551236749 0.0969435736677116
2 0.24236749116607775 0.21482758620689654 0.04075088339222615 0.09540752351097179
3 0.236934628975265 0.12993730407523513 0.024637809187279154 0.0825078369905956
2 0.12151943462897527 0.27402821316614423 0.029266784452296822 0.10974921630094044
2 0.051457597173144874 0.4250156739811913 0.030079505300353353 0.11199059561128527
2 0.24023851590106007 0.4314576802507837 0.02773851590106007 0.1450626959247649
3 0.2804505300353357 0.470423197492163 0.03551236749116608 0.1453448275862069
3 0.8416872791519434 0.9659717868338558 0.04984982332155477 0.06807210031347963