0 0.6720848056537102 0.6694043887147335 0.014213780918727915 0.025329153605015673
2 0.6255918727915194 0.5377272727272727 0.03829505300353357 0.13815047021943574
2 0.42 0.21380877742946708 0.0290547703180212 0.089858934169279
2 0.31279151943462896 0.2637774294670846 0.033268551236749114 0.09967084639498433
2 0.19641342756183747 0.3449059561128527 0.0346113074204947 0.11302507836990595
2 0.13336572438162544 0.4405329153605016 0.047650176678445226 0.1161755485893417
2 0.30737632508833923 0.38703761755485894 0.051157243816254416 0.10714733542319749
2 0.3250441696113074 0.5922100313479624 0.033480565371024736 0.12954545454545455
2 0.7936484098939929 0.5224451410658307 0.04312720848056537 0.14677115987460815
2 0.9526413427561838 0.3118025078369906 0.05193462897526502 0.12907523510971786
2 0.7151413427561837 0.6696081504702194 0.03408127208480565 0.1315360501567398
2 0.4211042402826855 0.6490282131661442 0.03568021201413427 0.14133228840125392
2 0.45688162544169614 0.6844984326018808 0.0542226148409894 0.1613166144200627
2 0.04933745583038869 0.2367398119122257 0.03198763250883392 0.10043887147335423
3 0.030344522968197882 0.13601880877742947 0.03817137809187279 0.07924764890282132