2 0.13156360424028268 0.6298119122257053 0.03293286219081272 0.14810344827586205
2 0.22151943462897525 0.321128526645768 0.04273851590106007 0.12456112852664576
2 0.3986749116607774 0.46841692789968653 0.03965547703180212 0.13432601880877743
2 0.6926678445229683 0.3495611285266458 0.037031802120141344 0.125
2 0.777208480565371 0.3405956112852665 0.039522968197879864 0.125
2 0.8725971731448763 0.42119122257053293 0.028392226148409895 0.10705329153605016
2 0.7441519434628975 0.2577742946708464 0.03902826855123675 0.11161442006269591
2 0.48006183745583036 0.25061128526645765 0.03836572438162544 0.1331191222570533
3 0.3990547703180212 0.1756269592476489 0.03284452296819788 0.08615987460815047
2 0.9796819787985865 0.8666300940438871 0.04063604240282685 0.16496865203761754
0 0.3868197879858657 0.3030094043887147 0.020980565371024735 0.04981191222570533