3 0.10329505300353357 0.5084796238244514 0.03697879858657244 0.14728840125391848
2 0.022420494699646642 0.43576802507836987 0.041475265017667844 0.11904388714733542
2 0.09484982332155477 0.2569122257053291 0.043012367491166076 0.0871473354231975
2 0.3277650176678445 0.32940438871473354 0.034125441696113076 0.11158307210031347
2 0.24524734982332155 0.49393416927899686 0.03567137809187279 0.12266457680250785
2 0.24234098939929327 0.38224137931034485 0.037438162544169616 0.09184952978056427
2 0.34189929328621904 0.5859404388714733 0.042199646643109545 0.13202194357366773
2 0.465803886925795 0.6629467084639498 0.04265901060070671 0.12481191222570533
2 0.6795494699646644 0.6969592476489028 0.051166077738515905 0.15702194357366772
2 0.5234628975265018 0.49887147335423193 0.044408127208480565 0.10565830721003135
2 0.5437809187279151 0.35940438871473357 0.03203180212014134 0.12678683385579936
2 0.5937455830388693 0.4124608150470219 0.020909893992932863 0.13884012539184953
2 0.6370229681978798 0.4128996865203762 0.049416961130742044 0.11286833855799373
0 0.5669964664310955 0.38134796238244517 0.027985865724381626 0.05424764890282131
2 0.6173409893992933 0.27793103448275863 0.030238515901060067 0.10713166144200625
2 0.7673674911660777 0.32358934169278997 0.04507950530035336 0.144717868338558
2 0.9563780918727914 0.47692789968652033 0.03441696113074205 0.14238244514106585
3 0.131934628975265 0.9278996865203761 0.05640459363957597 0.14420062695924765