2 0.8731272084805654 0.8290595611285267 0.05926678445229682 0.185282131661442
2 0.1445494699646643 0.6017711598746082 0.05087455830388693 0.13821316614420065
2 0.4610512367491166 0.49385579937304075 0.044920494699646644 0.15597178683385582
2 0.3269876325088339 0.3791692789968652 0.05356007067137809 0.13191222570532915
2 0.44196996466431093 0.2799216300940439 0.018242049469964664 0.06330721003134797
2 0.43434628975265016 0.1975705329153605 0.020424028268551237 0.044717868338557995
2 0.6699293286219081 0.4024294670846395 0.028454063604240284 0.10733542319749217
2 0.7909628975265017 0.40992163009404387 0.030971731448763255 0.11877742946708464
2 0.8331890459363958 0.4630094043887147 0.029584805653710248 0.12221003134796238
2 0.8245053003533569 0.2962852664576803 0.034169611307420494 0.10047021943573667
2 0.9469081272084806 0.38648902821316616 0.031448763250883395 0.13920062695924765
0 0.44826855123674914 0.33978056426332287 0.014319787985865725 0.021003134796238245