2 0.7371466431095407 0.5211442006269592 0.052932862190812724 0.14192789968652036
2 0.9605388692579505 0.49415360501567396 0.05119257950530036 0.11722570532915362
2 0.8122879858657244 0.3869905956112853 0.04252650176678445 0.10357366771159875
2 0.802517667844523 0.26753918495297807 0.045547703180212014 0.10493730407523512
3 0.6731095406360424 0.40572100313479625 0.04051236749116608 0.09916927899686521
2 0.6427473498233216 0.364576802507837 0.03440812720848057 0.10239811912225705
2 0.5902296819787985 0.2644984326018809 0.04179328621908127 0.09885579937304076
2 0.3440017667844523 0.3137617554858934 0.04082155477031802 0.09763322884012539
2 0.2582508833922261 0.32934169278996867 0.04439929328621908 0.10598746081504704
2 0.3868816254416961 0.5129153605015674 0.050088339222614846 0.1395611285266458
2 0.491095406360424 0.8269122257053292 0.06357773851590105 0.17495297805642634
2 0.3259010600706714 0.9069905956112853 0.07530035335689045 0.16982758620689653
2 0.16346289752650175 0.7627742946708463 0.05237632508833922 0.1663949843260188
2 0.1684363957597173 0.6336206896551724 0.05009717314487633 0.13468652037617557