2 0.36120141342756185 0.6829310344827586 0.04685512367491166 0.13294670846394982
0 0.35644876325088337 0.5707210031347962 0.015936395759717312 0.0330564263322884
2 0.20762367491166078 0.39440438871473354 0.02986749116607774 0.09363636363636364
2 0.12867491166077738 0.4280877742946709 0.03098939929328622 0.10970219435736676
2 0.09651943462897528 0.6116614420062696 0.03574204946996466 0.12920062695924767
2 0.2306183745583039 0.7426489028213166 0.030892226148409894 0.11758620689655172
3 0.28931095406360424 0.544153605015674 0.03264134275618375 0.119576802507837
2 0.3182155477031802 0.8591849529780564 0.042252650176678445 0.1682601880877743
2 0.40620141342756183 0.6497021943573668 0.054390459363957595 0.12547021943573666
2 0.49036219081272087 0.708166144200627 0.04282685512367491 0.1170062695924765
2 0.4237720848056537 0.5244200626959248 0.034929328621908125 0.12567398119122258
2 0.5110865724381625 0.42594043887147337 0.026457597173144876 0.11398119122257053
2 0.5460070671378092 0.4111128526645768 0.04023851590106007 0.10948275862068965
2 0.7248233215547704 0.44700626959247647 0.037924028268551235 0.12191222570532916
1 0.808613074204947 0.3028369905956113 0.022402826855123674 0.10429467084639499
2 0.7895583038869257 0.492037617554859 0.04139575971731449 0.10721003134796239
2 0.8723939929328621 0.46887147335423196 0.02992049469964664 0.11650470219435737
2 0.7736219081272084 0.5779780564263323 0.035945229681978795 0.1131191222570533
2 0.5702031802120141 0.5961442006269592 0.024231448763250882 0.1352037617554859
2 0.5912455830388692 0.6072727272727273 0.0288339222614841 0.14294670846394986