0 0.7688074204946996 0.6523981191222571 0.01935512367491166 0.04669278996865204
2 0.6638162544169611 0.559153605015674 0.03376325088339222 0.12037617554858934
2 0.470035335689046 0.5588871473354232 0.03842756183745583 0.12299373040752351
2 0.4176148409893993 0.5494827586206896 0.03959363957597173 0.09793103448275861
1 0.42203180212014135 0.5076959247648903 0.03782685512367491 0.09584639498432601
2 0.3146908127208481 0.5426959247648903 0.03338339222614841 0.1156896551724138
2 0.2880388692579505 0.506128526645768 0.02778268551236749 0.09898119122257053
2 0.32337455830388695 0.5024764890282132 0.03485865724381625 0.1104858934169279
2 0.21868374558303888 0.5648902821316614 0.03924911660777385 0.11307210031347963
2 0.14564487632508835 0.5578369905956112 0.03451413427561838 0.12090909090909091
2 0.09925795053003533 0.6455956112852664 0.035388692579505304 0.12087774294670847
3 0.19188162544169612 0.6662382445141066 0.052791519434628974 0.1213949843260188
2 0.9322526501766784 0.7657366771159875 0.0388339222614841 0.12918495297805643