2 0.11037985865724381 0.5740595611285266 0.03458480565371025 0.12782131661442006
2 0.1632773851590106 0.39065830721003136 0.02219964664310954 0.0837460815047022
2 0.19962897526501766 0.3188244514106583 0.017446996466431094 0.08926332288401255
2 0.16393992932862192 0.2657680250783699 0.021634275618374558 0.08539184952978056
2 0.43942579505300355 0.4203291536050157 0.021908127208480566 0.09951410658307211
0 0.5739134275618374 0.3485736677115987 0.008436395759717314 0.016347962382445142
2 0.6340017667844523 0.31539184952978055 0.04076855123674911 0.07735109717868338
2 0.7494081272084806 0.454858934169279 0.03165194346289753 0.10153605015673982
2 0.8636925795053004 0.5603605015673981 0.04012367491166078 0.11979623824451412
2 0.5423321554770317 0.6658307210031348 0.044469964664310954 0.12460815047021943
3 0.4059010600706714 0.9396238244514107 0.034187279151943466 0.12075235109717869
2 0.25597173144876323 0.7663322884012539 0.038507067137809194 0.1462539184952978