0 0.8032597173144876 0.7947492163009404 0.021130742049469967 0.03984326018808778
2 0.8770406360424028 0.7521473354231974 0.057367491166077735 0.18978056426332288
2 0.5798851590106007 0.6150313479623825 0.04257067137809187 0.15065830721003134
1 0.3027650176678445 0.4241065830721003 0.0501678445229682 0.12931034482758622
2 0.6644081272084805 0.49385579937304075 0.03140459363957597 0.11518808777429466
2 0.6753003533568905 0.4682601880877743 0.024929328621908126 0.120423197492163
2 0.5881272084805653 0.609294670846395 0.017835689045936395 0.15170846394984328
2 0.7024558303886925 0.458730407523511 0.018242049469964664 0.11205329153605015
3 0.8571554770318021 0.5037774294670847 0.02998233215547703 0.1475705329153605
2 0.7716342756183746 0.4799059561128527 0.023948763250883392 0.10562695924764891
2 0.7354858657243817 0.4358620689655172 0.027747349823321554 0.11275862068965517
2 0.716095406360424 0.4521003134796238 0.01802120141342756 0.10862068965517241
2 0.7890194346289753 0.4189184952978056 0.02053886925795053 0.10973354231974923
2 0.7708922261484099 0.39940438871473355 0.01739399293286219 0.08521943573667712
2 0.8067226148409894 0.3906896551724138 0.02565371024734982 0.10266457680250783
2 0.8417049469964664 0.37474921630094044 0.02967314487632509 0.08429467084639498
2 0.8386395759717314 0.46061128526645767 0.01719964664310954 0.10974921630094044
3 0.9772438162544169 0.2692789968652038 0.03529151943462898 0.1260501567398119