2 0.13961130742049468 0.3560344827586207 0.03840106007067138 0.11948275862068966
2 0.1943286219081272 0.5980407523510972 0.06431978798586573 0.16750783699059563
2 0.16434628975265017 0.7817241379310345 0.08144876325088339 0.15584639498432604
2 0.2096643109540636 0.30738244514106583 0.03878091872791519 0.11340125391849529
2 0.44395759717314487 0.6390438871473354 0.04478798586572438 0.15543887147335422
2 0.6074116607773852 0.8339184952978056 0.049116607773851594 0.1643887147335423
2 0.4874028268551237 0.4574921630094044 0.04012367491166078 0.11722570532915362
2 0.6819964664310953 0.5571943573667711 0.051863957597173146 0.1427899686520376
2 0.7772968197879858 0.7901880877742946 0.04972614840989399 0.1784639498432602
2 0.844196113074205 0.6061598746081505 0.042950530035335686 0.14970219435736679
2 0.5972703180212015 0.1268808777429467 0.03568021201413427 0.08802507836990595
2 0.9221996466431096 0.21605015673981193 0.03917844522968198 0.10454545454545455
2 0.9279063604240284 0.4023510971786834 0.03291519434628975 0.11807210031347962
2 0.984231448763251 0.6335266457680251 0.03153710247349824 0.13302507836990596
3 0.7192579505300354 0.37692789968652035 0.04929328621908127 0.13849529780564263