2 0.9810954063604239 0.7167868338557993 0.03780918727915194 0.13225705329153603
2 0.7674381625441696 0.7252194357366771 0.06414310954063604 0.1545924764890282
2 0.7348674911660777 0.5486050156739811 0.04816254416961131 0.14474921630094043
2 0.7700353356890459 0.38576802507836994 0.03350706713780919 0.11887147335423198
2 0.8955565371024735 0.20315047021943575 0.04696113074204947 0.12067398119122257
3 0.5575883392226149 0.42166144200626954 0.047906360424028266 0.16159874608150468
2 0.44996466431095405 0.28484326018808775 0.038507067137809194 0.12054858934169278
2 0.48309187279151944 0.2117398119122257 0.03204946996466431 0.10697492163009405
2 0.338339222614841 0.4320062695924765 0.04463780918727915 0.12233542319749216
2 0.19381625441696113 0.4359090909090909 0.04130742049469965 0.1174294670846395
2 0.22919611307420493 0.5900783699059562 0.04754416961130742 0.13141065830721005
2 0.22929328621908127 0.7086050156739812 0.04979681978798586 0.14133228840125392
2 0.2671819787985866 0.6007993730407524 0.04772968197879859 0.13468652037617557
0 0.4868021201413427 0.7079780564263323 0.022058303886925795 0.04379310344827586
3 0.32825088339222613 0.9089028213166144 0.04187279151943463 0.18219435736677114