0 0.4785777385159011 0.5552664576802507 0.02407243816254417 0.02780564263322884
2 0.08731448763250883 0.6580094043887147 0.04945229681978798 0.14778996865203764
2 0.17035335689045936 0.3168652037617555 0.02600706713780919 0.11239811912225704
2 0.2681802120141343 0.6593730407523511 0.05140459363957597 0.15619122257053292
2 0.30041519434628977 0.37442006269592476 0.03395759717314487 0.13915360501567398
2 0.5452473498233216 0.31413793103448273 0.019284452296819788 0.09838557993730408
2 0.624982332155477 0.4680877742946708 0.018136042402826857 0.129858934169279
3 0.6506890459363958 0.4596394984326019 0.030998233215547705 0.1300626959247649
2 0.6510689045936395 0.7502037617554859 0.03337455830388693 0.1497805642633229
2 0.6986925795053003 0.6685423197492163 0.029037102473498232 0.15175548589341692
2 0.7236572438162544 0.6689184952978056 0.03185512367491166 0.14387147335423198
2 0.7106183745583039 0.5171630094043888 0.025574204946996467 0.15963949843260186
2 0.9006448763250883 0.3000470219435737 0.021757950530035333 0.09873040752351098
2 0.8957420494699647 0.4062539184952978 0.020176678445229683 0.12203761755485894
2 0.9588515901060072 0.41672413793103447 0.03858657243816254 0.1268808777429467
2 0.9489664310954063 0.5630721003134797 0.0332773851590106 0.13459247648902822