2 0.4375 0.7475391849529781 0.049319787985865726 0.14764890282131662
2 0.216113074204947 0.6913793103448276 0.034991166077738514 0.1763793103448276
2 0.3004063604240283 0.6280094043887148 0.03935512367491166 0.11493730407523511
2 0.09734982332155477 0.559294670846395 0.04793286219081272 0.11128526645768025
2 0.7690194346289753 0.510705329153605 0.034107773851590105 0.11442006269592477
2 0.42959363957597174 0.48249216300940434 0.03416077738515901 0.12203761755485894
2 0.4745229681978798 0.47380877742946714 0.025724381625441696 0.11278996865203761
2 0.40230565371024735 0.4053291536050157 0.022685512367491167 0.0809717868338558
2 0.14456713780918728 0.44200626959247646 0.025724381625441696 0.10493730407523512
3 0.2338515901060071 0.504294670846395 0.0271113074204947 0.10885579937304075
2 0.14570671378091873 0.3966457680250784 0.02801236749116608 0.09021943573667712
2 0.24320671378091874 0.37496865203761753 0.029823321554770316 0.09760188087774295
2 0.4892049469964664 0.395564263322884 0.03492049469964664 0.09822884012539185
2 0.5368462897526503 0.39739811912225703 0.029628975265017666 0.10595611285266457
2 0.5553180212014134 0.38377742946708465 0.01802120141342756 0.08351097178683385
2 0.5799558303886926 0.39721003134796234 0.03126325088339223 0.05691222570532916