2 0.9851413427561838 0.6279153605015674 0.029708480565371027 0.15570532915360502
3 0.991148409893993 0.4400940438871473 0.01771201413427562 0.12884012539184952
2 0.9064399293286218 0.3724921630094044 0.03286219081272085 0.12142633228840125
2 0.7206625441696113 0.2653291536050157 0.03495583038869258 0.11211598746081505
2 0.4895053003533569 0.3395924764890282 0.04234098939929329 0.1275078369905956
3 0.2954858657243816 0.1464420062695925 0.02495583038869258 0.08200626959247649
2 0.16801236749116608 0.3397648902821317 0.03403710247349823 0.11711598746081504
2 0.10863957597173145 0.5735579937304075 0.04089222614840989 0.13899686520376175
2 0.47499116607773856 0.8530564263322884 0.047208480565371025 0.14755485893416928
2 0.5316431095406361 0.7496551724137931 0.03584805653710247 0.16691222570532915
2 0.441113074204947 0.5781974921630094 0.03942579505300354 0.14829153605015674
2 0.67839222614841 0.5530877742946708 0.03972614840989399 0.14796238244514107
2 0.7496643109540636 0.7508777429467085 0.03700530035335689 0.14275862068965517
2 0.7837279151943463 0.7374921630094043 0.0348321554770318 0.16421630094043888
3 0.7164399293286219 0.9295454545454545 0.05022968197879859 0.1408934169278997