3 0.09771201413427562 0.47763322884012543 0.03652826855123675 0.13470219435736677
2 0.026263250883392226 0.2503448275862069 0.026934628975265017 0.08764890282131661
2 0.1298939929328622 0.33739811912225703 0.024399293286219082 0.12296238244514107
2 0.15974381625441697 0.377962382445141 0.02413427561837456 0.11592476489028213
2 0.15157243816254418 0.5179153605015674 0.03502650176678445 0.12407523510971787
2 0.26545936395759717 0.6434169278996865 0.05398409893992933 0.15278996865203762
2 0.3452031802120141 0.3141692789968652 0.03869257950530035 0.10387147335423197
2 0.5078003533568904 0.6541849529780565 0.04559187279151943 0.1373040752351097
2 0.5773233215547703 0.6082915360501567 0.038621908127208476 0.15398119122257053
2 0.49827738515901054 0.39934169278996867 0.03129858657243816 0.11307210031347963
2 0.6179328621908127 0.4336833855799373 0.039319787985865724 0.12702194357366772
2 0.6573409893992933 0.3518495297805643 0.037606007067137806 0.09407523510971787
2 0.5614752650176679 0.23181818181818184 0.03247349823321555 0.07909090909090909
2 0.8464929328621908 0.34556426332288404 0.02871024734982332 0.11800940438871474
0 0.8214664310954063 0.3840595611285266 0.012782685512367492 0.03304075235109718