2 0.30003533568904595 0.8213166144200627 0.03159010600706714 0.1438401253918495
2 0.44395759717314487 0.7721003134796238 0.04157243816254417 0.13658307210031348
2 0.3626855123674912 0.5166300940438872 0.03482332155477032 0.13289968652037618
3 0.2789929328621908 0.5313793103448275 0.03447879858657244 0.13677115987460817
2 0.05364840989399293 0.7080564263322884 0.039955830388692576 0.1367241379310345
2 0.039823321554770315 0.3977586206896552 0.031563604240282685 0.12029780564263323
2 0.44480565371024733 0.37043887147335425 0.033621908127208486 0.09702194357366771
2 0.47332155477031795 0.5334326018808777 0.04086572438162544 0.14656739811912226
2 0.5371996466431096 0.5427586206896551 0.027332155477031803 0.11407523510971787
2 0.5221289752650177 0.43926332288401254 0.037296819787985866 0.12351097178683385
2 0.5705123674911661 0.44423197492163014 0.0265547703180212 0.11731974921630094
2 0.7843286219081272 0.5329310344827586 0.029363957597173147 0.11946708463949843
2 0.8542226148409894 0.6024921630094043 0.023674911660777384 0.13363636363636364
2 0.8695583038869258 0.6083385579937304 0.019540636042402828 0.13394984326018808
1 0.7899734982332155 0.3077115987460815 0.02206713780918728 0.11120689655172414
0 0.33502650176678445 0.8832288401253918 0.016457597173144874 0.03394984326018809