2 0.9159010600706713 0.40611285266457686 0.04719081272084806 0.11307210031347963
2 0.8715724381625441 0.40564263322884014 0.03381625441696113 0.09043887147335423
2 0.8759540636042403 0.3654545454545455 0.0332773851590106 0.11673981191222571
2 0.763648409893993 0.4498119122257054 0.04328621908127209 0.061724137931034484
2 0.7084540636042403 0.48934169278996864 0.03407243816254417 0.10261755485893417
0 0.6796643109540637 0.4876175548589342 0.01754416961130742 0.03326018808777429
2 0.6066166077738516 0.47937304075235104 0.032252650176678443 0.09829153605015674
2 0.5823056537102473 0.43719435736677115 0.03592756183745583 0.09805642633228841
2 0.5602120141342756 0.46090909090909093 0.03280918727915194 0.13246081504702195
3 0.5003886925795054 0.5426802507836991 0.032897526501766784 0.12343260188087775
2 0.42342756183745583 0.4793103448275862 0.03636042402826855 0.05393416927899686
2 0.37875441696113077 0.45235109717868344 0.0330565371024735 0.11620689655172414
2 0.39708480565371024 0.390141065830721 0.027667844522968197 0.10800940438871473
3 0.571333922261484 0.2790909090909091 0.030600706713780918 0.08884012539184953
2 0.6089134275618374 0.6747648902821317 0.04222614840989399 0.14824451410658307
2 0.305821554770318 0.5936677115987461 0.04164310954063604 0.13087774294670845
2 0.2675883392226149 0.5199843260188087 0.03212014134275618 0.12572100313479623
2 0.22775618374558304 0.48573667711598745 0.0355565371024735 0.12487460815047022
2 0.1520583038869258 0.5371003134796238 0.03226148409893993 0.11573667711598747
1 0.00799469964664311 0.46338557993730406 0.015980565371024734 0.13661442006269592