3 0.946625441696113 0.8565360501567398 0.05303886925795053 0.15231974921630095
1 0.7206360424028269 0.44393416927899687 0.038056537102473496 0.10247648902821316
2 0.6693639575971732 0.748307210031348 0.03612190812720848 0.1220062695924765
2 0.6984540636042402 0.8879780564263322 0.044540636042402826 0.14802507836990594
0 0.6618992932862191 0.9252194357366771 0.027685512367491165 0.053605015673981196
2 0.4575706713780919 0.7318652037617555 0.03873674911660777 0.11600313479623825
2 0.4059275618374558 0.6934012539184953 0.0641696113074205 0.11775862068965516
2 0.37938162544169607 0.7929780564263323 0.02902826855123675 0.11960815047021944
2 0.3459628975265018 0.6236520376175548 0.027526501766784454 0.12221003134796238
2 0.5037367491166078 0.5634326018808777 0.02612190812720848 0.0968025078369906
2 0.47610424028268555 0.5444200626959247 0.02918727915194346 0.13155172413793104
2 0.40279151943462893 0.5253605015673981 0.020591872791519434 0.09341692789968652
2 0.39320671378091876 0.5100470219435737 0.019902826855123675 0.10275862068965518
2 0.3800088339222615 0.4900626959247649 0.02181095406360424 0.10993730407523511
2 0.37507067137809186 0.40711598746081507 0.029832155477031806 0.08442006269592477
2 0.2986749116607774 0.4864733542319749 0.03067137809187279 0.08123824451410658
2 0.30520318021201415 0.46004702194357366 0.01946113074204947 0.10216300940438873
2 0.22398409893992935 0.5643887147335422 0.026245583038869258 0.0925705329153605
2 0.21699646643109538 0.5490752351097179 0.020362190812720848 0.10600313479623824
3 0.13275618374558304 0.6065830721003135 0.02841872791519435 0.13802507836990596
2 0.04000883392226148 0.6828056426332288 0.057844522968197885 0.1297335423197492