2 0.8429858657243816 0.6879467084639499 0.03363074204946997 0.14086206896551726
2 0.6826590106007067 0.6018808777429467 0.03303886925795053 0.1273510971786834
2 0.9843286219081272 0.4100313479623825 0.02167844522968198 0.10376175548589342
2 0.88613074204947 0.4084796238244514 0.02136042402826855 0.09445141065830721
2 0.8533038869257951 0.4536677115987461 0.016996466431095404 0.09473354231974922
2 0.8691077738515901 0.45692789968652037 0.023206713780918726 0.09192789968652038
2 0.7653445229681979 0.4039028213166144 0.024902826855123676 0.10236677115987461
1 0.7429416961130741 0.3873667711598746 0.02561837455830389 0.09570532915360502
2 0.7284187279151944 0.4386050156739812 0.021068904593639578 0.0925705329153605
2 0.9959363957597174 0.40211598746081506 0.00812720848056537 0.07239811912225705
2 0.05731448763250883 0.6367084639498433 0.02254416961130742 0.11136363636363636
0 0.1444434628975265 0.6785736677115988 0.015600706713780919 0.028887147335423198