3 0.34708480565371025 0.44813479623824454 0.0469434628975265 0.14288401253918495
2 0.4352826855123675 0.6385736677115987 0.05404593639575972 0.15025078369905956
2 0.42704063604240283 0.5557523510971787 0.03901060070671378 0.119858934169279
2 0.7629240282685512 0.8226645768025078 0.05882508833922262 0.19601880877742947
2 0.9544964664310954 0.819012539184953 0.0621113074204947 0.20750783699059558
2 0.8219699646643109 0.5583542319749216 0.05500883392226149 0.15641065830721004
2 0.7057862190812721 0.43481191222570537 0.05056537102473498 0.14445141065830722
2 0.7601236749116608 0.3149373040752351 0.040856890459363956 0.12098746081504702
2 0.6387897526501767 0.2689655172413793 0.04200530035335689 0.10429467084639499
2 0.5723763250883391 0.36299373040752353 0.04522968197879859 0.12305642633228842
2 0.499196113074205 0.30474921630094043 0.05257950530035336 0.11628526645768025
2 0.42527385159010606 0.2945611285266458 0.03547703180212014 0.1115987460815047
2 0.15021201413427562 0.6758934169278997 0.05779151943462898 0.1595141065830721
2 0.0734982332155477 0.5332758620689656 0.0333303886925795 0.15015673981191222
2 0.10382508833922262 0.5641222570532916 0.033215547703180213 0.12670846394984325
2 0.09160777385159011 0.3859717868338558 0.04659010600706714 0.13141065830721005
3 0.24165194346289753 0.2276959247648903 0.0268904593639576 0.08445141065830722
0 0.4582597173144876 0.24598746081504702 0.016634275618374557 0.03326018808777429