2 0.6944081272084807 0.7519435736677116 0.034929328621908125 0.14512539184952977
2 0.7876501766784453 0.6211912225705329 0.0296113074204947 0.12355799373040752
2 0.9315106007067138 0.48725705329153607 0.032597173144876326 0.10167711598746082
2 0.9148409893992933 0.3934169278996865 0.026625441696113073 0.08788401253918496
2 0.7779505300353357 0.4930877742946708 0.022040636042402827 0.09639498432601881
2 0.7362279151943463 0.5313166144200627 0.025141342756183745 0.09945141065830722
2 0.7286572438162544 0.39100313479623827 0.026669611307420495 0.08733542319749216
3 0.7780212014134276 0.29529780564263325 0.015185512367491168 0.07230407523510972
1 0.5318286219081272 0.4041692789968652 0.024275618374558303 0.09130094043887148
2 0.5562190812720847 0.4055172413793104 0.017703180212014134 0.1030564263322884
0 0.5582597173144876 0.3957523510971787 0.009045936395759718 0.021394984326018808
2 0.47174911660777386 0.4644200626959248 0.03331272084805654 0.11018808777429466