2 0.7459805653710248 0.5111128526645767 0.035265017667844525 0.11333855799373041
2 0.7076678445229683 0.39089341692789964 0.02450530035335689 0.09231974921630094
2 0.7727473498233216 0.32695924764890283 0.02683745583038869 0.0868652037617555
2 0.9716431095406362 0.35702194357366773 0.02082155477031802 0.090141065830721
2 0.669143109540636 0.3408150470219436 0.02523851590106007 0.09332288401253919
2 0.6177473498233215 0.32824451410658306 0.026157243816254415 0.08385579937304075
3 0.6133303886925795 0.45952978056426336 0.034991166077738514 0.10705329153605016
2 0.5394434628975264 0.3814420062695925 0.022835689045936396 0.08333855799373041
2 0.5555918727915193 0.349576802507837 0.02712014134275618 0.08376175548589342
3 0.5206802120141343 0.31109717868338554 0.0215547703180212 0.0695141065830721
2 0.5215636042402827 0.47625391849529786 0.024920494699646644 0.09490595611285266
2 0.5274293286219081 0.5985109717868339 0.02278268551236749 0.12225705329153605
2 0.3756625441696113 0.561896551724138 0.0259452296819788 0.11285266457680251
2 0.2624293286219081 0.556050156739812 0.030768551236749115 0.110282131661442
2 0.26457597173144876 0.4623354231974922 0.02491166077738516 0.09841692789968652
2 0.35377208480565375 0.3968808777429467 0.029840989399293288 0.09858934169278996
1 0.010070671378091874 0.49844827586206897 0.020141342756183747 0.11065830721003134