2 0.8170759717314487 0.384717868338558 0.03540636042402827 0.10639498432601881
2 0.7831095406360424 0.4654075235109718 0.030026501766784452 0.11866771159874608
2 0.7029328621908127 0.48725705329153607 0.03639575971731449 0.12826018808777429
2 0.6738162544169611 0.5675235109717868 0.03329505300353357 0.14318181818181816
2 0.5498056537102474 0.42045454545454547 0.03662544169611307 0.11750783699059561
2 0.5146996466431095 0.5609247648902821 0.029231448763250886 0.12086206896551724
2 0.4792402826855124 0.5339184952978057 0.02628975265017668 0.12600313479623826
2 0.35745583038869255 0.4479937304075235 0.04046819787985866 0.11572100313479623
2 0.24269434628975267 0.39587774294670847 0.04671378091872792 0.09318181818181819
2 0.24128091872791518 0.3229310344827586 0.02997349823321555 0.07492163009404389
3 0.1829416961130742 0.2970846394984326 0.03384275618374558 0.0755485893416928
2 0.07242049469964665 0.4182601880877743 0.032075971731448764 0.10857366771159874
2 0.09306537102473497 0.5731974921630094 0.030503533568904593 0.14355799373040753
3 0.1467667844522968 0.5917084639498432 0.04484982332155477 0.14147335423197493
2 0.23469081272084807 0.7141222570532916 0.03174911660777385 0.15871473354231977
2 0.008242049469964664 0.4983855799373041 0.012720848056537103 0.14597178683385578
2 0.02112190812720848 0.5310501567398119 0.021793286219081272 0.14365203761755488
2 0.4065459363957597 0.928949843260188 0.04073321554770318 0.14211598746081505