2 0.6371466431095406 0.7997335423197492 0.04666961130742049 0.16581504702194358
2 0.6801325088339222 0.7824294670846395 0.026369257950530037 0.17442006269592478
3 0.7452296819787986 0.5288087774294671 0.033153710247349824 0.1568808777429467
2 0.9328356890459364 0.45716300940438875 0.03734982332155477 0.1624921630094044
2 0.7151236749116607 0.3252978056426332 0.04030035335689046 0.11691222570532916
2 0.6503180212014134 0.2736050156739812 0.03325971731448763 0.10885579937304075
0 0.43328621908127213 0.6513009404388714 0.023224381625441694 0.06489028213166144
2 0.5607950530035336 0.6508777429467084 0.044151943462897525 0.134576802507837
2 0.5367932862190813 0.5406583072100314 0.044726148409893994 0.11788401253918494
2 0.37534452296819787 0.3546708463949843 0.04426678445229682 0.1456112852664577
2 0.2700441696113074 0.6895611285266458 0.04265017667844523 0.1799216300940439
2 0.3021996466431095 0.6837617554858935 0.05257067137809187 0.13764890282131662
2 0.24446996466431095 0.5540909090909091 0.03869257950530035 0.13691222570532915
2 0.09221731448763251 0.6816771159874608 0.04053886925795053 0.15650470219435736
2 0.0676060070671378 0.4940595611285266 0.06042402826855124 0.14224137931034483