2 0.46922261484098937 0.7278996865203762 0.041669611307420494 0.14092476489028213
2 0.3358922261484099 0.598385579937304 0.041219081272084804 0.12920062695924767
2 0.24984098939929328 0.6634169278996865 0.038613074204946994 0.13449843260188088
2 0.08918727915194345 0.5366457680250784 0.047535335689045936 0.09927899686520376
3 0.266386925795053 0.4886520376175548 0.04157243816254417 0.11691222570532916
2 0.16703180212014135 0.43410658307210026 0.02767667844522968 0.10333855799373041
2 0.16737632508833922 0.3854388714733542 0.024964664310954066 0.09479623824451411
2 0.26257067137809187 0.3572257053291536 0.02450530035335689 0.10308777429467084
2 0.4068197879858657 0.38587774294670846 0.02460247349823322 0.09871473354231974
2 0.45121908127208477 0.46315047021943573 0.026024734982332157 0.11025078369905957
2 0.4994081272084806 0.4430564263322884 0.0240017667844523 0.09866771159874609
2 0.5051766784452297 0.37324451410658305 0.028745583038869257 0.10352664576802507
2 0.5604416961130742 0.38230407523510973 0.021519434628975265 0.09586206896551723
2 0.5593992932862191 0.3519278996865204 0.01771201413427562 0.05203761755485894
2 0.5687455830388694 0.3776332288401254 0.041219081272084804 0.03504702194357367
2 0.7755918727915194 0.4870846394984326 0.029461130742049473 0.11614420062695924