2 0.37529151943462896 0.39768025078369906 0.027915194346289755 0.1030564263322884
1 0.16840989399293285 0.35065830721003133 0.025335689045936395 0.1059090909090909
2 0.35941696113074206 0.3026802507836991 0.02025618374558304 0.09543887147335424
2 0.3923674911660778 0.2968808777429467 0.018233215547703182 0.08144200626959248
3 0.49051236749116606 0.21310344827586208 0.02706713780918728 0.05876175548589342
2 0.5210247349823321 0.4558150470219436 0.03396643109540636 0.12264890282131662
2 0.6693374558303887 0.46413793103448275 0.039319787985865724 0.10887147335423196
2 0.8317756183745584 0.40308777429467085 0.04209363957597173 0.10841692789968653
2 0.8834098939929328 0.29898119122257055 0.024240282685512368 0.09373040752351097
2 0.956095406360424 0.4059561128526646 0.03307420494699646 0.1138871473354232
3 0.6977650176678445 0.3336050156739812 0.02718197879858657 0.09744514106583073
2 0.7139840989399293 0.30829153605015674 0.020689045936395763 0.10424764890282133
2 0.5803268551236749 0.26496865203761755 0.018772084805653712 0.08271159874608151
2 0.5996466431095406 0.25575235109717864 0.016457597173144874 0.07822884012539184