0 0.3591872791519435 0.6819278996865203 0.02301236749116608 0.03318181818181819
2 0.1289487632508834 0.5560815047021943 0.05081272084805654 0.1263166144200627
2 0.18306537102473497 0.3352664576802508 0.024116607773851592 0.09506269592476489
3 0.2837279151943463 0.1813949843260188 0.0267226148409894 0.06731974921630095
2 0.4071201413427562 0.5763636363636364 0.03374558303886926 0.1469435736677116
2 0.5566077738515901 0.5496708463949843 0.04201413427561838 0.13913793103448274
2 0.47817137809187277 0.33308777429467085 0.024876325088339223 0.10496865203761756
2 0.8248939929328621 0.25438871473354235 0.019628975265017667 0.08434169278996866
2 0.9556802120141342 0.3845141065830721 0.03707597173144876 0.09949843260188088
2 0.8875 0.7966771159874608 0.03080388692579505 0.14584639498432603
2 0.9216342756183745 0.744012539184953 0.026802120141342756 0.12600313479623826
2 0.3635335689045936 0.8149529780564264 0.02528268551236749 0.1510344827586207
2 0.38171378091872793 0.8475705329153606 0.028312720848056534 0.1228526645768025