2 0.495309187279152 0.7111442006269593 0.04272968197879858 0.1362539184952978
2 0.07551236749116608 0.5240752351097179 0.03025618374558304 0.10478056426332287
3 0.2739840989399293 0.48170846394984324 0.02991166077738516 0.10868338557993731
2 0.286351590106007 0.6544200626959248 0.03421378091872791 0.12782131661442006
2 0.27116607773851586 0.3520846394984326 0.021996466431095405 0.09109717868338557
2 0.18192579505300352 0.4250156739811913 0.029761484098939927 0.09103448275862068
2 0.17925795053003532 0.38087774294670845 0.02441696113074205 0.0823667711598746
2 0.361934628975265 0.5878369905956113 0.04012367491166078 0.11233542319749217
2 0.46757067137809183 0.4589968652037617 0.02972614840989399 0.10515673981191223
2 0.4051590106007067 0.38733542319749215 0.022332155477031802 0.08357366771159874
2 0.5213162544169612 0.4329780564263323 0.021095406360424028 0.08824451410658307
2 0.49841872791519437 0.37565830721003135 0.020176678445229683 0.08595611285266458
2 0.5707773851590106 0.38374608150470224 0.019743816254416964 0.0857680250783699
2 0.5425 0.36047021943573665 0.015962897526501766 0.05559561128526645
2 0.5530212014134276 0.3746708463949843 0.018542402826855122 0.03717868338557993
2 0.7796113074204947 0.48605015673981194 0.029708480565371027 0.10542319749216301