0 0.11253533568904593 0.6573981191222571 0.011545936395759718 0.015470219435736676
2 0.05847173144876325 0.5999529780564263 0.030318021201413428 0.08865203761755486
2 0.3048586572438163 0.5189341692789968 0.020362190812720848 0.10047021943573667
2 0.42336572438162545 0.5871943573667712 0.03573321554770318 0.10304075235109716
2 0.522226148409894 0.6539498432601881 0.021431095406360425 0.11973354231974921
2 0.5463339222614841 0.6800156739811912 0.02992932862190813 0.11598746081504702
3 0.9651148409893993 0.9338401253918495 0.05113074204946997 0.13231974921630094
1 0.8823498233215548 0.5223667711598746 0.028542402826855124 0.11587774294670848
2 0.32669611307420493 0.5949216300940439 0.01745583038869258 0.10426332288401254
2 0.34123674911660773 0.5990909090909091 0.025742049469964664 0.11824451410658307
2 0.3452826855123675 0.5324451410658307 0.025724381625441696 0.07902821316614421
2 0.3810070671378092 0.5323040752351097 0.021687279151943465 0.10155172413793104