2 0.8899558303886925 0.4570689655172414 0.03079505300353357 0.0990282131661442
0 0.829487632508834 0.49982758620689655 0.010326855123674912 0.014404388714733542
2 0.774469964664311 0.5696394984326019 0.035318021201413426 0.11468652037617555
2 0.6117402826855124 0.6208150470219436 0.05365724381625442 0.11053291536050155
2 0.488613074204947 0.4693887147335424 0.03247349823321555 0.09474921630094044
2 0.5173498233215548 0.4148119122257053 0.021448763250883393 0.09090909090909091
2 0.3612102473498233 0.4730407523510972 0.02881625441696113 0.09393416927899687
2 0.4184098939929328 0.46650470219435736 0.02972614840989399 0.09589341692789968
2 0.4403356890459364 0.3583855799373041 0.02659010600706714 0.07990595611285266
3 0.3889310954063604 0.3425705329153605 0.03598939929328622 0.07261755485893416
2 0.02041519434628975 0.6648275862068966 0.04004416961130742 0.1268181818181818
2 0.3129946996466431 0.405141065830721 0.026987632508833924 0.06810344827586208
2 0.30526501766784453 0.4963636363636364 0.03566254416961131 0.0977742946708464
2 0.3059452296819788 0.46094043887147335 0.020203180212014137 0.09358934169278997
3 0.5686219081272085 0.5227742946708464 0.020141342756183747 0.10258620689655173
2 0.8555035335689045 0.7864263322884013 0.041104240282685514 0.14788401253918496
2 0.7095848056537103 0.497398119122257 0.029019434628975268 0.11501567398119121