0 0.38663427561837455 0.7645924764890282 0.024734982332155476 0.037962382445141066
2 0.4145494699646643 0.736050156739812 0.05582155477031802 0.17523510971786832
2 0.47320671378091866 0.7267241379310344 0.06712897526501767 0.17537617554858934
2 0.7492844522968198 0.4874294670846395 0.04684628975265018 0.14822884012539184
3 0.5968639575971731 0.46105015673981187 0.03881625441696113 0.13932601880877743
2 0.5013604240282685 0.3568652037617555 0.03863074204946996 0.14415360501567398
2 0.6216519434628975 0.298871473354232 0.024673144876325086 0.11605015673981192
2 0.5653180212014135 0.17670846394984324 0.039337455830388696 0.10358934169278998
2 0.893339222614841 0.19163009404388714 0.04312720848056537 0.12362068965517242
2 0.8754151943462898 0.7173354231974922 0.05530035335689046 0.1879780564263323
2 0.9839575971731448 0.543244514106583 0.03208480565371025 0.18460815047021945
2 0.3375088339222615 0.5697335423197493 0.03955830388692579 0.16863636363636364
2 0.30946113074204945 0.41278996865203765 0.043515901060070666 0.15567398119122255
2 0.023922261484098938 0.4435423197492163 0.04699646643109541 0.1402037617554859
2 0.17016784452296818 0.16976489028213165 0.030106007067137806 0.09838557993730408
2 0.06509717314487633 0.18387147335423198 0.04590989399293286 0.1265987460815047
3 0.5886484098939929 0.9054388714733542 0.09101590106007067 0.18913793103448276