2 0.9769434628975265 0.5676489028213166 0.046113074204947 0.14642633228840127
2 0.9243904593639577 0.511128526645768 0.046501766784452295 0.145705329153605
3 0.9080742049469965 0.4603605015673981 0.04201413427561838 0.15147335423197492
2 0.7882950530035336 0.3799373040752351 0.04862190812720848 0.14539184952978057
2 0.8097438162544169 0.244717868338558 0.03947879858657244 0.09855799373040752
2 0.5807508833922261 0.39399686520376176 0.0386660777385159 0.12357366771159875
2 0.5754063604240283 0.34247648902821315 0.03923144876325088 0.1328369905956113
2 0.3956537102473498 0.41059561128526645 0.05673144876325088 0.11434169278996865
2 0.32420494699646646 0.5102664576802508 0.03762367491166078 0.1165203761755486
2 0.3104240282685512 0.43017241379310345 0.03257067137809187 0.11108150470219437
0 0.3351060070671378 0.37092476489028214 0.021448763250883393 0.04
1 0.30697879858657245 0.2209561128526646 0.032712014134275616 0.1144514106583072
2 0.39694346289752647 0.7463479623824452 0.0705565371024735 0.1993103448275862
2 0.7117579505300353 0.8758463949843259 0.05627208480565371 0.1837617554858934
2 0.7045318021201413 0.7211442006269592 0.052729681978798584 0.1638871473354232
2 0.8251501766784453 0.6249529780564264 0.059037102473498235 0.16869905956112852