2 0.11163427561837456 0.5656739811912226 0.053065371024734985 0.1177742946708464
0 0.11870141342756184 0.6048589341692789 0.03186395759717314 0.03940438871473354
2 0.01958480565371025 0.5633542319749216 0.03916077738515901 0.15333855799373042
2 0.18996466431095405 0.5191849529780564 0.03659010600706714 0.14390282131661442
2 0.2630035335689046 0.5288557993730408 0.051925795053003536 0.09741379310344828
2 0.31615724381625443 0.5306739811912226 0.015123674911660778 0.10420062695924766
2 0.3310335689045937 0.5325078369905957 0.0148321554770318 0.09217868338557994
2 0.3513515901060071 0.5338087774294671 0.027208480565371024 0.11047021943573668
2 0.3517932862190813 0.4758307210031348 0.03339222614840989 0.07601880877742946
2 0.40818904593639577 0.5160501567398119 0.03134275618374558 0.1125705329153605
2 0.45649293286219084 0.5327586206896552 0.029001766784452297 0.13344827586206898
2 0.5466077738515901 0.6231347962382445 0.043153710247349826 0.13863636363636364
1 0.9619964664310954 0.4656426332288401 0.03825088339222615 0.1214576802507837
3 0.9456537102473498 0.9062539184952979 0.06740282685512368 0.159435736677116