2 0.499452296819788 0.8137931034482759 0.041731448763250883 0.1829310344827586
2 0.33837455830388696 0.8307053291536051 0.0520583038869258 0.18255485893416928
2 0.27685512367491166 0.650062695924765 0.04145759717314488 0.15468652037617556
2 0.16279151943462897 0.3605485893416928 0.036581272084805654 0.12565830721003135
3 0.2015547703180212 0.24810344827586206 0.02416077738515901 0.08603448275862069
2 0.28349823321554773 0.4449529780564263 0.0418904593639576 0.11493730407523511
2 0.42511484098939933 0.5408463949843261 0.04431095406360424 0.1406896551724138
2 0.3857332155477032 0.2718652037617555 0.03273851590106007 0.09934169278996866
2 0.4775265017667844 0.24277429467084638 0.03263250883392226 0.10700626959247649
2 0.5899381625441695 0.4555485893416928 0.04923144876325088 0.13327586206896552
3 0.6777385159010602 0.4042789968652038 0.032146643109540636 0.12598746081504703
2 0.6227826855123675 0.26510971786833853 0.029796819787985863 0.09155172413793103
2 0.726916961130742 0.3365987460815047 0.035689045936395755 0.10057993730407523
2 0.7730123674911661 0.3639498432601881 0.035945229681978795 0.11829153605015674
2 0.9001678445229682 0.4831347962382445 0.06097173144876325 0.11153605015673981
2 0.9471554770318021 0.26268025078369905 0.03298586572438163 0.10424764890282133