2 0.2561042402826855 0.5636206896551724 0.025450530035335688 0.09426332288401254
2 0.3534540636042403 0.70358934169279 0.032385159010600705 0.09073667711598746
2 0.2754505300353357 0.8784012539184952 0.0382243816254417 0.11639498432601882
0 0.28567137809187276 0.8765673981191222 0.011978798586572439 0.03175548589341693
2 0.354178445229682 0.8692789968652038 0.04420494699646643 0.12578369905956113
2 0.47144876325088336 0.6916300940438871 0.05053003533568905 0.09995297805642633
2 0.6865901060070672 0.7809561128526645 0.03161660777385159 0.11847962382445142
2 0.7012190812720848 0.6984326018808777 0.03389575971731448 0.10989028213166144
2 0.758851590106007 0.6673354231974922 0.026749116607773852 0.09554858934169279
2 0.7398144876325089 0.5753134796238245 0.020848056537102474 0.08821316614420063
2 0.5741696113074205 0.45553291536050156 0.027747349823321554 0.08054858934169279
2 0.7830918727915195 0.5236050156739812 0.026475265017667844 0.07498432601880878
3 0.8179946996466432 0.6479937304075235 0.028842756183745582 0.11023510971786833
2 0.8952826855123676 0.8574451410658307 0.03092756183745583 0.12050156739811911
2 0.9156095406360424 0.8737147335423197 0.030088339222614842 0.13650470219435737
2 0.9808833922261483 0.7437147335423198 0.0382243816254417 0.12131661442006271
3 0.47943462897526506 0.3591849529780564 0.019434628975265017 0.059184952978056427