2 0.28562720848056533 0.6372727272727272 0.03636042402826855 0.14915360501567398
0 0.33310954063604237 0.6886050156739811 0.020892226148409892 0.024545454545454547
2 0.35386042402826856 0.5294984326018809 0.04474381625441696 0.11385579937304076
2 0.39096289752650176 0.4536677115987461 0.03943462897526502 0.1306896551724138
2 0.44075971731448765 0.49010971786833857 0.03522968197879859 0.10169278996865203
2 0.44826855123674914 0.328448275862069 0.03257950530035336 0.11144200626959247
3 0.5748056537102473 0.5169592476489028 0.0427208480565371 0.12012539184952978
2 0.6220583038869257 0.9273197492163009 0.05772968197879858 0.14537617554858934
2 0.8128621908127208 0.44152037617554857 0.032959363957597174 0.0985423197492163
2 0.6232773851590105 0.35098746081504706 0.03586572438162544 0.09774294670846395
2 0.8109805653710247 0.3065047021943574 0.03141342756183746 0.08322884012539185
2 0.5529416961130742 0.23830721003134794 0.038745583038869255 0.08789968652037618
2 0.6307862190812721 0.4765987460815047 0.04204946996466431 0.10992163009404388
2 0.7023321554770318 0.6151253918495297 0.06146643109540636 0.140141065830721
2 0.7657155477031802 0.6286520376175548 0.04246466431095407 0.1632601880877743
2 0.9442491166077739 0.6090595611285267 0.05281802120141343 0.13974921630094042
2 0.9395053003533569 0.5277429467084639 0.049946996466431096 0.1299216300940439
2 0.6164310954063604 0.5953448275862069 0.06192579505300353 0.13583072100313479
3 0.564779151943463 0.1996394984326019 0.02601590106007067 0.06130094043887147