1 0.040088339222614844 0.4594670846394984 0.03281802120141342 0.11377742946708465
2 0.2809805653710247 0.5160344827586207 0.023568904593639577 0.09250783699059562
2 0.276113074204947 0.4255329153605016 0.022685512367491167 0.08993730407523512
2 0.40547703180212014 0.5377115987460815 0.03498233215547703 0.0770219435736677
2 0.3744434628975265 0.3758307210031348 0.019328621908127206 0.11206896551724138
2 0.39040636042402826 0.3777899686520376 0.0253886925795053 0.08305642633228841
2 0.5273939929328622 0.45073667711598747 0.029081272084805654 0.10503134796238245
2 0.599743816254417 0.5879153605015673 0.04071554770318021 0.11155172413793103
2 0.5626855123674912 0.34710031347962383 0.02561837455830389 0.08794670846394985
3 0.5297703180212014 0.28199059561128526 0.02167844522968198 0.06752351097178683
2 0.653356890459364 0.2951253918495298 0.023515901060070673 0.08205329153605016
3 0.6267314487632509 0.4385736677115987 0.025521201413427563 0.10424764890282133
2 0.708613074204947 0.30376175548589346 0.02131625441696113 0.08362068965517241
2 0.7414134275618375 0.4728996865203761 0.0316696113074205 0.10622257053291535
2 0.7286660777385159 0.3492476489028213 0.022729681978798585 0.0883385579937304
2 0.8698498233215547 0.3052351097178684 0.0409982332155477 0.08852664576802508