1 0.8090812720848056 0.2681818181818182 0.031872791519434625 0.09821316614420063
2 0.7726413427561838 0.5776175548589342 0.030017667844522967 0.13126959247648903
2 0.7943816254416961 0.6609247648902822 0.037358657243816255 0.1608307210031348
2 0.8318109540636043 0.6777115987460814 0.04121024734982332 0.15021943573667712
3 0.8747879858657244 0.7162852664576803 0.039946996466431094 0.15438871473354232
2 0.5852561837455831 0.5013793103448276 0.02528268551236749 0.11584639498432601
2 0.5775971731448764 0.4612539184952978 0.03363074204946997 0.12183385579937304
2 0.3229416961130742 0.3603761755485893 0.03141342756183746 0.11681818181818182
2 0.14232332155477034 0.5636833855799372 0.03396643109540636 0.15205329153605016
2 0.2650971731448763 0.7917868338557994 0.04579505300353357 0.14105015673981192
2 0.2925618374558304 0.7012852664576803 0.035689045936395755 0.13557993730407525
2 0.41498233215547703 0.6509247648902822 0.036325088339222614 0.12445141065830721
2 0.3985159010600707 0.5829937304075234 0.03660777385159011 0.13467084639498433