2 0.23702296819787985 0.6434326018808777 0.025203180212014134 0.13959247648902823
2 0.1911660777385159 0.5321316614420063 0.03242932862190813 0.11393416927899686
2 0.15297703180212013 0.6194670846394985 0.02335689045936396 0.12126959247648904
2 0.42358657243816256 0.5380564263322883 0.02342756183745583 0.12926332288401254
3 0.47788869257950534 0.3489968652037618 0.0228886925795053 0.08584639498432603
2 0.40674911660777385 0.39327586206896553 0.0227208480565371 0.07678683385579937
2 0.42250883392226146 0.3781191222570533 0.019699646643109543 0.09178683385579937
2 0.7833215547703181 0.4461128526645768 0.022093639575971734 0.095282131661442
2 0.6902296819787986 0.3759404388714733 0.015724381625441698 0.06824451410658307
2 0.7689310954063604 0.5589028213166144 0.026307420494699647 0.10821316614420064
2 0.629726148409894 0.3713166144200627 0.019823321554770318 0.08863636363636364
3 0.5836749116607775 0.4825391849529781 0.023515901060070673 0.10890282131661443
2 0.6085159010600707 0.592460815047022 0.023719081272084806 0.11224137931034482
2 0.42520318021201414 0.43407523510971785 0.02902826855123675 0.08865203761755486
2 0.44194346289752645 0.43782131661442003 0.02010600706713781 0.09092476489028213
2 0.2952208480565371 0.45150470219435734 0.03357773851590106 0.11935736677115988
2 0.9930035335689046 0.4136677115987461 0.01398409893992933 0.10534482758620689