2 0.7408038869257951 0.8922100313479624 0.05061837455830388 0.1859090909090909
2 0.5957332155477032 0.6060971786833855 0.047897526501766784 0.13952978056426332
2 0.6417932862190813 0.527319749216301 0.04242049469964665 0.14719435736677117
2 0.5703091872791519 0.41805642633228846 0.03286219081272085 0.10025078369905956
2 0.5575088339222615 0.284858934169279 0.03947879858657244 0.1213949843260188
2 0.7029770318021201 0.3074921630094044 0.03226148409893993 0.11423197492163009
2 0.7067844522968199 0.20092476489028213 0.031819787985865725 0.09492163009404389
2 0.7696819787985866 0.27954545454545454 0.03853356890459364 0.10598746081504704
3 0.8151148409893993 0.35014106583072097 0.030008833922261485 0.11214733542319749
2 0.8394611307420494 0.38109717868338555 0.03573321554770318 0.10736677115987461
2 0.8938515901060071 0.3780094043887147 0.03795053003533569 0.12498432601880877
2 0.3690017667844523 0.37086206896551727 0.043904593639575974 0.12023510971786833
2 0.3247349823321555 0.31241379310344825 0.035061837455830386 0.11772727272727272
2 0.2978356890459364 0.3801567398119122 0.04661660777385159 0.11816614420062696
3 0.1389929328621908 0.20031347962382445 0.04267667844522968 0.08341692789968652