2 0.08393109540636043 0.2714733542319749 0.029832155477031806 0.07576802507836991
2 0.027226148409893992 0.33474921630094046 0.03529151943462898 0.07692789968652038
2 0.2006183745583039 0.3356896551724138 0.03393109540636042 0.09217868338557994
2 0.27629858657243817 0.2997335423197492 0.03230565371024735 0.09525078369905957
3 0.22002650176678445 0.4392006269592476 0.03848056537102474 0.10460815047021943
2 0.1634893992932862 0.5362068965517242 0.05403710247349824 0.11789968652037618
2 0.4174558303886926 0.45482758620689656 0.030706713780918726 0.09329153605015675
2 0.3939487632508834 0.4014420062695925 0.02829505300353357 0.10771159874608151
2 0.4324469964664311 0.29175548589341693 0.02642226148409894 0.08031347962382446
2 0.5941342756183745 0.29142633228840126 0.02712014134275618 0.08147335423197492
2 0.646422261484099 0.3878526645768025 0.03049469964664311 0.08623824451410658
2 0.6409010600706714 0.29675548589341694 0.022676678445229685 0.09211598746081505
2 0.6886042402826855 0.24050156739811912 0.026466431095406362 0.06597178683385581
2 0.7300706713780919 0.30796238244514107 0.0259452296819788 0.10313479623824451
2 0.6855565371024734 0.6289184952978056 0.041316254416961136 0.12095611285266458
2 0.8434187279151943 0.5617398119122257 0.039690812720848054 0.12169278996865204
2 0.8944169611307421 0.391269592476489 0.03821554770318021 0.11587774294670848