1 0.2 0.45050156739811914 0.03630742049469965 0.11471786833855799
2 0.3312544169611308 0.533244514106583 0.04273851590106007 0.12664576802507838
2 0.38408127208480564 0.5749686520376175 0.03879858657243816 0.11891849529780565
2 0.44229681978798585 0.34056426332288403 0.015591872791519433 0.09876175548589342
2 0.4577473498233215 0.3030094043887147 0.04142226148409894 0.1017398119122257
2 0.3823939929328622 0.45557993730407526 0.024929328621908126 0.08412225705329154
2 0.39153710247349827 0.3898119122257053 0.027323321554770318 0.08106583072100314
2 0.41147526501766785 0.4605172413793103 0.02462897526501767 0.09399686520376176
2 0.6638162544169611 0.4823040752351097 0.04624558303886926 0.11308777429467086
2 0.7646643109540636 0.3757836990595611 0.03537102473498233 0.09688087774294671
3 0.62023851590106 0.25606583072100314 0.02918727915194346 0.07047021943573668
2 0.8044611307420495 0.33940438871473355 0.017835689045936395 0.0993103448275862
3 0.8387720848056537 0.41805642633228846 0.030097173144876324 0.10998432601880878
2 0.8484275618374558 0.539639498432602 0.0390547703180212 0.12376175548589341
2 0.9799293286219081 0.674435736677116 0.040141342756183744 0.14559561128526646