3 0.21087455830388693 0.6856739811912226 0.04807420494699647 0.1558307210031348
2 0.3313427561837456 0.4611128526645768 0.04386042402826855 0.12206896551724138
2 0.41403710247349823 0.5532131661442006 0.030379858657243818 0.11034482758620691
2 0.4121643109540636 0.4605172413793103 0.037667844522968195 0.10130094043887147
2 0.4944257950530036 0.45620689655172414 0.040962897526501764 0.11619122257053291
2 0.6604858657243816 0.6404075235109717 0.0568374558303887 0.15857366771159875
2 0.7087367491166078 0.5710344827586207 0.04335689045936396 0.11857366771159876
1 0.7181272084805653 0.4836520376175549 0.033418727915194346 0.09268025078369907
2 0.5428975265017667 0.5494827586206896 0.0517756183745583 0.09896551724137931
2 0.551952296819788 0.4789498432601881 0.03896643109540636 0.09894984326018809
2 0.8785600706713781 0.6396238244514106 0.0340547703180212 0.13818181818181818
2 0.918303886925795 0.6472727272727272 0.042879858657243815 0.14172413793103447