2 0.2828445229681979 0.7954545454545454 0.06543286219081272 0.1927742946708464
0 0.29445229681978796 0.7551724137931035 0.017985865724381624 0.05849529780564263
2 0.3454328621908127 0.5082601880877743 0.0391696113074205 0.1334012539184953
2 0.19969081272084807 0.5093730407523511 0.03795936395759717 0.16699059561128526
2 0.27565371024734986 0.299858934169279 0.04348056537102473 0.12413793103448276
3 0.427190812720848 0.09974921630094044 0.031068904593639576 0.09112852664576802
2 0.6944346289752651 0.3056896551724138 0.03551236749116608 0.1268181818181818
2 0.757773851590106 0.467742946708464 0.04609540636042403 0.16432601880877742
2 0.8453445229681978 0.5572884012539185 0.04454946996466431 0.14636363636363636
2 0.9079240282685512 0.3710501567398119 0.03847173144876325 0.1321473354231975
2 0.7865459363957598 0.26717868338557993 0.0430565371024735 0.12147335423197492