3 0.6064487632508834 0.9059404388714734 0.052429328621908126 0.16913793103448274
2 0.8163780918727915 0.7615987460815047 0.06590106007067137 0.15564263322884012
2 0.7421819787985866 0.7830094043887147 0.06279151943462898 0.16711598746081505
2 0.6624734982332156 0.7025548589341694 0.03884275618374558 0.14205329153605015
2 0.6344081272084805 0.673307210031348 0.04159893992932862 0.1253605015673981
2 0.5619257950530036 0.6498902821316614 0.03897526501766784 0.14296238244514106
2 0.5048498233215548 0.7097805642633228 0.06127208480565371 0.13039184952978056
2 0.447226148409894 0.465705329153605 0.04614840989399294 0.12815047021943574
2 0.6767402826855125 0.48833855799373044 0.046757950530035335 0.1246551724137931
3 0.795839222614841 0.47318181818181815 0.03857773851590106 0.1396394984326019
2 0.6152826855123675 0.3046708463949843 0.03968197879858657 0.11263322884012539
2 0.5854505300353358 0.2280721003134796 0.031051236749116605 0.09177115987460814
3 0.37006183745583043 0.16652037617554857 0.032190812720848054 0.0784012539184953
2 0.13875441696113075 0.3625705329153605 0.039770318021201415 0.1221630094043887
2 0.23507950530035338 0.5704702194357366 0.06456713780918728 0.1077742946708464
2 0.1213339222614841 0.6099843260188088 0.043206713780918726 0.12064263322884013
2 0.08134275618374558 0.7919905956112853 0.052544169611307416 0.13804075235109717
0 0.2745936395759717 0.716692789968652 0.028727915194346292 0.044937304075235114