0 0.8712897526501766 0.43144200626959245 0.015848056537102476 0.049905956112852666
2 0.9126678445229683 0.42750783699059564 0.029699646643109538 0.11416927899686521
2 0.9391696113074206 0.4074137931034483 0.02330388692579505 0.11097178683385579
2 0.8204946996466431 0.4246394984326019 0.03615724381625442 0.11155172413793103
2 0.7998763250883393 0.34836990595611284 0.033789752650176676 0.09695924764890282
2 0.645856890459364 0.49463949843260185 0.05083922261484099 0.14495297805642635
2 0.643939929328622 0.6947021943573668 0.07351590106007067 0.15010971786833854
3 0.5393904593639576 0.5385109717868338 0.03756183745583039 0.13866771159874608
2 0.5710512367491165 0.4533699059561129 0.023727915194346288 0.16274294670846395
2 0.5293816254416961 0.4348275862068966 0.035203180212014136 0.15385579937304075
2 0.5463074204946996 0.4528526645768025 0.02136042402826855 0.07393416927899686
3 0.5779681978798586 0.27523510971786835 0.02991166077738516 0.08862068965517242
2 0.3687279151943463 0.38467084639498433 0.044293286219081275 0.13507836990595612
2 0.46901060070671374 0.47766457680250785 0.04519434628975265 0.07026645768025078
2 0.29215547703180217 0.5860501567398119 0.03955830388692579 0.1271630094043887
2 0.32734982332155477 0.4515360501567398 0.058710247349823316 0.15594043887147335
2 0.2565282685512367 0.5176175548589342 0.042499999999999996 0.15957680250783698
2 0.22869257950530034 0.4653761755485894 0.048674911660777385 0.14915360501567398
2 0.12325971731448764 0.5254545454545455 0.04628975265017668 0.13763322884012538
1 0.0515547703180212 0.45545454545454545 0.03891342756183745 0.16064263322884012