2 0.26026501766784454 0.7778840125391849 0.0403886925795053 0.14529780564263323
2 0.16795936395759717 0.7506583072100314 0.04852473498233215 0.14501567398119122
2 0.015636042402826855 0.38884012539184953 0.03126325088339223 0.12551724137931033
2 0.09019434628975265 0.38020376175548587 0.04437279151943463 0.11431034482758622
2 0.12654593639575973 0.25343260188087774 0.035397526501766786 0.09971786833855799
2 0.20557420494699646 0.37365203761755483 0.04182862190812721 0.11768025078369905
3 0.30612190812720846 0.4114106583072101 0.030909893992932865 0.13336990595611287
2 0.26286219081272083 0.20768025078369906 0.02991166077738516 0.094576802507837
2 0.39924911660777385 0.22136363636363635 0.02282685512367491 0.11518808777429466
2 0.4848851590106007 0.5020846394984326 0.03878975265017667 0.12702194357366772
2 0.49628975265017666 0.7411598746081505 0.051475265017667846 0.14880877742946708
2 0.6747968197879859 0.5415987460815047 0.03482332155477032 0.1391692789968652
2 0.5272879858657243 0.30829153605015674 0.03107773851590106 0.10424764890282133
2 0.515803886925795 0.22531347962382445 0.027871024734982333 0.08603448275862069
2 0.6009098939929329 0.3424921630094044 0.03584805653710247 0.10095611285266456
2 0.7061395759717315 0.3676645768025078 0.03269434628975265 0.11141065830721003
2 0.7707685512367491 0.7314733542319749 0.05593639575971732 0.1408307210031348
2 0.8869434628975265 0.4299373040752351 0.037729681978798585 0.14192789968652036
0 0.33971731448763254 0.8338401253918496 0.019143109540636045 0.03347962382445141