2 0.5285689045936396 0.5325862068965518 0.03797703180212014 0.1490282131661442
2 0.37047703180212016 0.6157680250783699 0.05379858657243816 0.13942006269592477
2 0.4359982332155477 0.4820689655172414 0.0641077738515901 0.11683385579937305
0 0.5140547703180212 0.46172413793103445 0.016916961130742047 0.04623824451410658
2 0.5668197879858657 0.5365517241379311 0.049814487632508835 0.16460815047021943
2 0.7915812720848057 0.5034796238244514 0.05523851590106007 0.13670846394984326
2 0.6906183745583039 0.33172413793103445 0.043197879858657244 0.09971786833855799
3 0.754982332155477 0.4167084639498433 0.04382508833922261 0.12862068965517243
2 0.9606272084805654 0.5653448275862069 0.048409893992932856 0.12272727272727273
2 0.29726148409893993 0.4993730407523511 0.032393992932862194 0.09789968652037617
2 0.27280918727915193 0.39940438871473355 0.042376325088339224 0.10968652037617556
2 0.4232685512367491 0.33172413793103445 0.05620141342756183 0.09971786833855799
2 0.9513780918727915 0.4265987460815047 0.039081272084805656 0.0935423197492163
2 0.9835865724381626 0.36465517241379314 0.032826855123674906 0.09504702194357367