0 0.19869257950530034 0.6088087774294672 0.03107773851590106 0.050423197492163015
2 0.05454063604240283 0.5732131661442006 0.056369257950530036 0.17517241379310344
1 0.058957597173144874 0.3525235109717868 0.047535335689045936 0.18050156739811912
2 0.5007508833922262 0.4089184952978056 0.05214664310954064 0.13655172413793104
2 0.630017667844523 0.2982445141065831 0.03825088339222615 0.12399686520376176
2 0.617535335689046 0.8809404388714733 0.04278268551236749 0.17934169278996864
2 0.8776855123674911 0.755282131661442 0.04204946996466431 0.16601880877742947
2 0.8663250883392226 0.41858934169279 0.03241166077738516 0.14018808777429467
2 0.9671201413427561 0.38537617554858933 0.039840989399293286 0.1299843260188088
2 0.9824823321554771 0.27766457680250783 0.03503533568904593 0.07778996865203762
3 0.6409098939929329 0.17984326018808777 0.03415194346289752 0.07081504702194358