2 0.9684805653710247 0.26387147335423194 0.028100706713780916 0.10117554858934169
2 0.8215459363957597 0.4739811912225705 0.04278268551236749 0.12501567398119123
2 0.6896908127208481 0.2749059561128526 0.0317756183745583 0.10092476489028213
2 0.6438957597173145 0.4497021943573668 0.04071554770318021 0.13592476489028213
3 0.7117491166077738 0.40423197492163004 0.042385159010600706 0.13169278996865202
2 0.48907243816254414 0.47274294670846395 0.0466077738515901 0.11758620689655172
2 0.7705918727915194 0.370423197492163 0.021846289752650176 0.11606583072100313
2 0.7378533568904594 0.3512225705329154 0.02478798586572438 0.12473354231974922
2 0.4900530035335689 0.23935736677115987 0.023436395759717316 0.09670846394984327
2 0.4135424028268551 0.26647335423197493 0.02679328621908127 0.09399686520376176
2 0.43239399293286224 0.4252978056426332 0.033772084805653704 0.11931034482758622
2 0.5715812720848056 0.7975235109717869 0.04687279151943463 0.16271159874608151
2 0.2923498233215548 0.6203918495297805 0.03152826855123675 0.15029780564263323
3 0.22953180212014132 0.2445297805642633 0.028745583038869257 0.08725705329153605
2 0.33374558303886925 0.8090438871473353 0.04031802120141343 0.17086206896551726
2 0.14462897526501767 0.3441222570532916 0.048091872791519434 0.14280564263322884