1 0.2906007067137809 0.3083228840125392 0.03245583038869258 0.10481191222570534
2 0.2782155477031802 0.5196394984326018 0.03865724381625441 0.13711598746081505
2 0.36030918727915195 0.5086520376175548 0.041731448763250883 0.126128526645768
2 0.5035954063604241 0.5105799373040752 0.04013250883392226 0.1354702194357367
2 0.5860777385159011 0.3803291536050157 0.03622791519434629 0.10587774294670846
2 0.8124116607773851 0.39352664576802504 0.03335689045936396 0.11231974921630093
2 0.9485335689045936 0.29702194357366773 0.03081272084805654 0.10023510971786834
3 0.8259982332155477 0.5819592476489028 0.058833922261484095 0.13175548589341693
2 0.6544434628975265 0.7966144200626959 0.05032685512367491 0.1497962382445141
2 0.6415459363957597 0.6984012539184953 0.043083038869257954 0.13581504702194358
2 0.5628180212014134 0.7660344827586207 0.0659982332155477 0.16192789968652038
2 0.5464752650176679 0.6784326018808777 0.03667844522968198 0.14224137931034483
2 0.2257243816254417 0.6819435736677115 0.0374469964664311 0.15675548589341692
2 0.19146643109540637 0.7206739811912226 0.04731448763250884 0.13550156739811914
0 0.198339222614841 0.7174764890282131 0.018074204946996467 0.03786833855799373
3 0.8688162544169611 0.13780564263322884 0.025865724381625443 0.08663009404388715