2 0.9853180212014135 0.3174764890282132 0.029355123674911658 0.105
2 0.9207067137809187 0.340423197492163 0.029540636042402826 0.10404388714733541
2 0.811660777385159 0.4351567398119122 0.027994699646643112 0.1131191222570533
3 0.7154063604240283 0.21920062695924764 0.02562720848056537 0.07946708463949843
2 0.7016166077738516 0.36615987460815047 0.025768551236749117 0.09460815047021943
2 0.6234363957597173 0.4974451410658307 0.042385159010600706 0.12056426332288402
2 0.5568374558303887 0.3685109717868339 0.03197879858657244 0.09932601880877742
2 0.3983922261484099 0.46293103448275863 0.0372791519434629 0.12650470219435736
2 0.36842756183745584 0.6316771159874608 0.03280035335689046 0.11492163009404388
2 0.3173321554770318 0.6280564263322884 0.044169611307420496 0.12405956112852666
3 0.5609187279151944 0.6034952978056426 0.04279151943462897 0.12178683385579937
2 0.5312102473498234 0.6878056426332289 0.05468197879858657 0.14047021943573668
2 0.5110159010600707 0.7896865203761755 0.048613074204946996 0.11463949843260188
2 0.4130565371024735 0.7952978056426332 0.06395759717314488 0.13525078369905957
2 0.43219964664310956 0.7763322884012539 0.05207597173144877 0.13010971786833855
0 0.36691696113074207 0.8136990595611285 0.023180212014134276 0.04788401253918496
1 0.10053886925795054 0.3742476489028213 0.027835689045936397 0.10376175548589342
2 0.6682508833922262 0.8730094043887148 0.055468197879858655 0.08976489028213167