2 0.06053886925795053 0.6077272727272728 0.037438162544169616 0.11722570532915362
3 0.3236660777385159 0.5873510971786834 0.028374558303886924 0.10156739811912226
2 0.33780918727915193 0.5899686520376175 0.01777385159010601 0.11932601880877743
2 0.3587102473498233 0.6006896551724138 0.028745583038869257 0.11940438871473355
2 0.38124558303886924 0.556269592476489 0.02161660777385159 0.09269592476489029
2 0.4011219081272085 0.5390438871473354 0.027809187279151944 0.09584639498432601
2 0.4579593639575971 0.5933542319749217 0.042544169611307414 0.1292476489028213
2 0.5205388692579506 0.6377586206896552 0.024593639575971733 0.130282131661442
2 0.5582332155477031 0.6534639498432602 0.030759717314487633 0.15807210031347962
1 0.8531802120141342 0.5040438871473354 0.03793286219081272 0.12614420062695925
2 0.37873674911660776 0.504294670846395 0.018374558303886925 0.07338557993730407
0 0.13018551236749118 0.6615360501567398 0.04776501766784452 0.06810344827586208
3 0.9904328621908128 0.9391379310344827 0.019143109540636045 0.1217398119122257