2 0.3725618374558304 0.44448275862068964 0.055485865724381626 0.1575078369905956
2 0.2758127208480566 0.5505172413793104 0.06517667844522969 0.15015673981191222
2 0.22030035335689047 0.7106269592476488 0.07252650176678445 0.2039028213166144
2 0.17789752650176677 0.41210031347962384 0.06898409893992934 0.1679780564263323
2 0.2560865724381625 0.29142633228840126 0.05751766784452297 0.14608150470219436
3 0.327791519434629 0.1597962382445141 0.03662544169611307 0.13358934169278996
2 0.7361219081272085 0.4497021943573668 0.052924028268551235 0.18677115987460816
2 0.6913515901060071 0.29509404388714733 0.04819787985865725 0.13459247648902822
2 0.5747349823321555 0.45545454545454545 0.04463780918727915 0.14183385579937302
2 0.5817932862190813 0.5928683385579937 0.06845406360424028 0.1350626959247649
2 0.9761395759717315 0.4888871473354232 0.04531802120141343 0.1773510971786834
2 0.9824823321554771 0.20628526645768028 0.03503533568904593 0.11373040752351098
0 0.38492932862190815 0.6032915360501567 0.03075088339222615 0.03626959247648903