2 0.2631713780918728 0.7176645768025078 0.04242932862190813 0.15622257053291536
2 0.30095406360424026 0.5967241379310344 0.035812720848056534 0.11253918495297806
2 0.21942579505300353 0.37280564263322885 0.033091872791519435 0.10620689655172415
2 0.5620141342756184 0.30376175548589346 0.028030035335689048 0.09452978056426332
2 0.49574204946996464 0.1631974921630094 0.021908127208480566 0.07590909090909091
2 0.46350706713780926 0.6218495297805643 0.03717314487632509 0.15694357366771158
2 0.5573144876325088 0.7220689655172414 0.04324204946996467 0.14264890282131662
2 0.6008038869257951 0.6333228840125392 0.04374558303886926 0.099858934169279
2 0.7678268551236749 0.6228213166144201 0.04501766784452297 0.14086206896551726
2 0.8590282685512367 0.5262539184952978 0.03911660777385159 0.11478056426332289
2 0.8909628975265018 0.4086677115987461 0.035768551236749116 0.10391849529780564
0 0.25943462897526504 0.6513636363636364 0.010521201413427562 0.023808777429467083