1 0.5224116607773852 0.5347648902821317 0.026333922261484097 0.07993730407523511
2 0.4930830388692579 0.5810188087774295 0.028560070671378092 0.10617554858934168
2 0.42131625441696113 0.5658150470219436 0.025477031802120142 0.08556426332288401
2 0.2450441696113074 0.5604075235109718 0.028674911660777385 0.08915360501567399
2 0.2647791519434629 0.5395141065830721 0.017553003533568905 0.07750783699059562
2 0.2545318021201413 0.5329310344827586 0.017376325088339223 0.08333855799373041
2 0.2918197879858657 0.5538557993730407 0.018436395759717315 0.08130094043887147
2 0.3198939929328622 0.5446551724137931 0.017703180212014134 0.0871473354231975
2 0.34537985865724385 0.5489184952978056 0.016219081272084806 0.07600313479623824
2 0.35791519434628977 0.5660501567398118 0.015070671378091871 0.08731974921630094
2 0.3703003533568905 0.5726018808777429 0.02101590106007067 0.08470219435736677
3 0.1685070671378092 0.5957523510971786 0.03067137809187279 0.11504702194357368
2 0.13712014134275619 0.5787617554858934 0.0293904593639576 0.10642633228840126