0 0.4590901060070672 0.6560815047021943 0.014469964664310954 0.014357366771159875
2 0.18547703180212013 0.560846394984326 0.045874558303886925 0.12954545454545455
2 0.3238339222614841 0.39429467084639497 0.028851590106007064 0.11774294670846396
2 0.3312279151943463 0.3364890282131662 0.028180212014134273 0.10791536050156739
2 0.40642226148409893 0.3074764890282132 0.04385159010600707 0.0969435736677116
2 0.5315194346289752 0.39996865203761756 0.02682862190812721 0.1095141065830721
3 0.6178710247349822 0.16148902821316616 0.027252650176678446 0.07534482758620689
2 0.741969964664311 0.30180250783699064 0.028118374558303884 0.10517241379310344
2 0.755 0.5138244514106582 0.049752650176678445 0.11385579937304076
2 0.7297173144876324 0.6364890282131661 0.06323321554770318 0.14758620689655172
2 0.5119787985865724 0.6251253918495298 0.06061837455830389 0.054310344827586204
2 0.518047703180212 0.5773040752351097 0.03080388692579505 0.08409090909090909
3 0.5521731448763251 0.5030407523510971 0.04382508833922261 0.11973354231974921
2 0.2548233215547703 0.5557523510971787 0.025547703180212017 0.12719435736677118
2 0.30737632508833923 0.5947492163009405 0.024655477031802122 0.11504702194357368
2 0.2375971731448763 0.49324451410658304 0.026431095406360426 0.12365203761755486
2 0.42353356890459365 0.4785579937304075 0.03612190812720848 0.12167711598746081
2 0.430273851590106 0.41153605015673983 0.02971731448763251 0.1052037617554859
3 0.7284982332155476 0.9159247648902822 0.05859540636042403 0.165705329153605
2 0.3059452296819788 0.4734639498432602 0.041660777385159005 0.11932601880877743