2 0.8686484098939928 0.4606739811912226 0.07415194346289752 0.18989028213166145
2 0.752464664310954 0.4779153605015674 0.08030918727915194 0.18675548589341695
3 0.6753003533568905 0.3206739811912226 0.06026501766784452 0.16695924764890283
2 0.6423233215547703 0.5296238244514107 0.04730565371024735 0.17733542319749215
2 0.6414399293286219 0.42829153605015674 0.045538869257950525 0.175282131661442
2 0.5214310954063605 0.4489184952978057 0.06523851590106007 0.19460815047021943
2 0.4906537102473498 0.47818181818181815 0.05962897526501767 0.1674294670846395
2 0.4536925795053004 0.4982915360501568 0.053436395759717314 0.15854231974921631
2 0.5791519434628976 0.3269435736677116 0.039337455830388696 0.17949843260188086
2 0.34958480565371025 0.4930564263322884 0.05901060070671378 0.18570532915360502
2 0.26329505300353356 0.432460815047022 0.04897526501766784 0.1773667711598746
2 0.11413427561837455 0.4836520376175549 0.05984098939929328 0.21078369905956112
2 0.35886925795053004 0.8634169278996865 0.07933745583038869 0.2242163009404389
2 0.01870141342756184 0.2381818181818182 0.03739399293286219 0.19866771159874608