2 0.5722261484098939 0.7474608150470219 0.05906360424028269 0.1929153605015674
2 0.5854770318021202 0.5134326018808777 0.04316254416961131 0.17630094043887148
2 0.6365724381625442 0.67641065830721 0.03757950530035336 0.15115987460815047
2 0.684434628975265 0.6421943573667712 0.05378975265017668 0.1485579937304075
2 0.6408480565371025 0.5750783699059561 0.0478886925795053 0.14283699059561128
3 0.5202473498233215 0.4713793103448276 0.05581272084805654 0.1454858934169279
2 0.5130388692579505 0.30710031347962385 0.05374558303886926 0.16487460815047023
2 0.2552031802120141 0.38755485893416924 0.05575088339222615 0.10634796238244514
2 0.09337455830388693 0.3293103448275862 0.04128091872791519 0.11211598746081505
2 0.13269434628975266 0.648730407523511 0.0792756183745583 0.19609717868338558
2 0.2348851590106007 0.6385423197492163 0.08225265017667845 0.1913949843260188
2 0.8381625441696112 0.3183385579937304 0.03262367491166078 0.1465987460815047
2 0.9079505300353357 0.4518181818181818 0.05393992932862191 0.13501567398119121
2 0.8901413427561837 0.4100156739811912 0.028807420494699646 0.1199216300940439
2 0.7751413427561837 0.5695924764890282 0.051457597173144874 0.12873040752351098
0 0.6264134275618375 0.46695924764890284 0.02256183745583039 0.051990595611285266