2 0.11751766784452297 0.5779467084639499 0.043639575971731445 0.1642476489028213
0 0.1260600706713781 0.6132131661442006 0.025379858657243817 0.04357366771159875
2 0.0515547703180212 0.5745611285266458 0.042446996466431096 0.14178683385579938
2 0.16242932862190812 0.5492163009404388 0.04335689045936396 0.16321316614420062
2 0.24945229681978798 0.5539184952978056 0.03542402826855124 0.14128526645768025
2 0.3528268551236749 0.5387774294670846 0.027800353356890458 0.12144200626959248
3 0.38492932862190815 0.5024764890282132 0.03428445229681979 0.11675548589341692
2 0.40686395759717314 0.5312068965517242 0.03399293286219081 0.12404388714733543
2 0.4794611307420495 0.5186677115987461 0.043136042402826855 0.14912225705329155
2 0.5346819787985866 0.5463479623824451 0.03873674911660777 0.15434169278996865
2 0.6404063604240283 0.6461128526645769 0.04877208480565371 0.1595297805642633