2 0.518339222614841 0.501332288401254 0.038303886925795054 0.12114420062695926
3 0.5851148409893994 0.35496865203761757 0.024496466431095407 0.08556426332288401
2 0.5947968197879858 0.5660658307210031 0.03896643109540636 0.11769592476489028
2 0.6701325088339223 0.4813166144200627 0.03411660777385159 0.10278996865203761
2 0.9086925795053005 0.4866614420062696 0.03086572438162544 0.11347962382445143
3 0.9268374558303888 0.5341222570532915 0.032968197879858656 0.12606583072100314
2 0.941166077738516 0.7496865203761756 0.0355565371024735 0.14399686520376176
2 0.8909098939929329 0.8787460815047021 0.04495583038869258 0.16523510971786834
2 0.5612279151943462 0.8681974921630093 0.044293286219081275 0.15857366771159875
2 0.3323144876325088 0.5436520376175549 0.03019434628975265 0.11912225705329153
2 0.2493639575971731 0.5575235109717868 0.03364840989399293 0.11796238244514107
2 0.2636042402826855 0.5367868338557994 0.018171378091872793 0.12705329153605016
2 0.29225265017667845 0.55217868338558 0.016846289752650175 0.12172413793103448
0 0.30747349823321557 0.5773197492163009 0.009832155477031803 0.021739811912225702