1 0.01765017667844523 0.347460815047022 0.02823321554770318 0.11420062695924765
2 0.18956713780918727 0.5880877742946709 0.034169611307420494 0.12523510971786836
2 0.42 0.4550313479623824 0.0378886925795053 0.10600313479623824
2 0.5434452296819787 0.25752351097178683 0.03300353356890459 0.11847962382445142
3 0.6740636042402827 0.17090909090909093 0.04027385159010601 0.09415360501567398
2 0.7707950530035336 0.4350470219435737 0.03937279151943463 0.12087774294670847
2 0.8066784452296819 0.7201567398119122 0.038259717314487636 0.1307680250783699
2 0.7985159010600706 0.9006426332288402 0.07789752650176679 0.15863636363636363
2 0.7128180212014134 0.9449529780564263 0.05815371024734982 0.11010971786833856
2 0.9204063604240283 0.2677115987460815 0.04045053003533569 0.10750783699059561
2 0.9190812720848057 0.3964420062695925 0.037800353356890457 0.12283699059561129