2 0.10644876325088339 0.5302037617554859 0.04076855123674911 0.1324921630094044
2 0.12608657243816254 0.3941222570532915 0.03644876325088339 0.11556426332288403
2 0.21580388692579505 0.3906112852664577 0.027570671378091875 0.11266457680250783
2 0.2700883392226148 0.26200626959247647 0.026404593639575973 0.09984326018808778
2 0.3906625441696113 0.20630094043887148 0.02553886925795053 0.0920062695924765
3 0.3759540636042403 0.12394984326018808 0.022588339222614842 0.07778996865203762
2 0.3572791519434629 0.4026802507836991 0.031934628975265014 0.12023510971786833
3 0.43081272084805655 0.437460815047022 0.03114840989399293 0.12352664576802508
2 0.5847349823321555 0.5699373040752351 0.03782685512367491 0.13166144200626959
2 0.6420406360424028 0.6837617554858935 0.052049469964664315 0.13148902821316613
2 0.5319787985865725 0.7316927899686521 0.0599469964664311 0.11963949843260188
2 0.5235777385159011 0.8181661442006269 0.052473498233215544 0.12553291536050157
0 0.5599558303886926 0.8746394984326018 0.020176678445229683 0.04239811912225706
2 0.6575265017667845 0.31854231974921626 0.02543286219081272 0.10935736677115987
2 0.728286219081272 0.38134796238244517 0.027667844522968197 0.10517241379310344
2 0.682190812720848 0.22481191222570535 0.026510600706713783 0.09587774294670846
2 0.5534187279151944 0.22750783699059562 0.02889575971731449 0.10264890282131661
2 0.8718109540636042 0.4077586206896551 0.034558303886925795 0.11108150470219437
2 0.8687367491166077 0.5966614420062696 0.049416961130742044 0.13401253918495298
2 0.36892226148409896 0.7849373040752351 0.05512367491166078 0.11540752351097178