2 0.8915282685512368 0.40249216300940444 0.03886042402826855 0.12691222570532915
2 0.5969169611307421 0.5822727272727273 0.045538869257950525 0.1473667711598746
2 0.558851590106007 0.7424921630094043 0.04971731448763251 0.1400626959247649
2 0.6828798586572438 0.3286206896551724 0.029531802120141344 0.10741379310344827
0 0.6514752650176678 0.3184012539184953 0.010097173144876325 0.021442006269592476
2 0.6682332155477032 0.28335423197492166 0.021130742049469967 0.08242946708463951
2 0.4617844522968198 0.21932601880877745 0.019408127208480563 0.07976489028213166
2 0.4420583038869258 0.4357836990595611 0.029734982332155473 0.09376175548589341
2 0.38279151943462897 0.3490438871473354 0.03006183745583039 0.09697492163009404
2 0.3776766784452297 0.2645924764890282 0.021439929328621907 0.05915360501567398
2 0.25429328621908126 0.3482445141065831 0.030053003533568906 0.09250783699059562
2 0.2901325088339223 0.465705329153605 0.03477915194346289 0.10288401253918496
2 0.2456713780918728 0.5242319749216301 0.03530035335689046 0.10536050156739812
2 0.14380742049469963 0.6117711598746082 0.03510600706713781 0.1213949843260188
3 0.1380035335689046 0.49700626959247646 0.04161660777385159 0.10507836990595612
2 0.09846289752650177 0.3996865203761755 0.03159893992932863 0.08995297805642634