2 0.6715 0.378015625 0.013859374999999998 0.06340625
2 0.65278125 0.42275 0.020609375 0.069890625
2 0.500703125 0.47231249999999997 0.020515625000000003 0.060953125
2 0.546703125 0.391515625 0.019921875 0.057390624999999994
2 0.51409375 0.56346875 0.027578125 0.0725625
2 0.68034375 0.49098437500000003 0.020453125 0.06929687500000001
2 0.84028125 0.4038125 0.0195625 0.068125
2 0.9329062499999999 0.33018749999999997 0.017578125 0.055515625
2 0.188640625 0.5705625000000001 0.023109374999999998 0.0750625
2 0.884171875 0.430265625 0.01840625 0.05071875
2 0.5780624999999999 0.3838125 0.019546875 0.055796875
2 0.44485937499999995 0.442828125 0.012828125000000001 0.063953125
2 0.316015625 0.50625 0.023140625 0.073796875
2 0.47257812499999996 0.7265625 0.025921875 0.10309375000000001
2 0.778421875 0.495328125 0.021765625 0.0695625
2 0.7685 0.372421875 0.015875 0.05532812499999999
2 0.7521718749999999 0.3575625 0.016843749999999998 0.049375
0 0.6958593750000001 0.36284375 0.011515625 0.017343749999999998
1 0.22759374999999998 0.383484375 0.02290625 0.074265625
3 0.744046875 0.48237500000000005 0.0219375 0.08453125
3 0.733859375 0.278984375 0.019796875 0.05275