2 0.570578125 0.577921875 0.0129375 0.04959375
2 0.4646875 0.486015625 0.009265625 0.034937499999999996
2 0.46823437500000004 0.524296875 0.012718750000000001 0.03678125
2 0.738796875 0.47503124999999996 0.010421875 0.032546874999999996
2 0.854078125 0.578625 0.012640624999999999 0.045390625000000004
2 0.598140625 0.66090625 0.01796875 0.049671875
2 0.443484375 0.536828125 0.01053125 0.040734375
2 0.607 0.48510937500000006 0.012015625 0.036640624999999996
2 0.466671875 0.44929687500000004 0.0095 0.040578125
2 0.136421875 0.6287499999999999 0.016421875 0.053015625
2 0.29053125 0.463515625 0.009203125 0.0385
2 0.68065625 0.4335625 0.0119375 0.028375
2 0.381859375 0.41571875 0.009546875 0.02975
2 0.314109375 0.438296875 0.009 0.025546875000000004
3 0.5041875 0.531765625 0.0136875 0.041859375
2 0.25234375 0.527765625 0.01621875 0.042578125
2 0.507984375 0.43671875 0.010578124999999999 0.034125
2 0.465984375 0.8093125000000001 0.038703125 0.08021875
2 0.3875625 0.48107812499999997 0.015921875 0.046703125
2 0.515859375 0.506546875 0.017015625 0.035171875000000005
2 0.8735312499999999 0.469125 0.0228125 0.046703125
3 0.34435937499999997 0.388171875 0.014093749999999999 0.02634375