2 0.445890625 0.542765625 0.07803125 0.27134375
0 0.280875 0.64315625 0.02584375 0.045765625
0 0.3490625 0.651234375 0.028484375 0.04675
0 0.49915624999999997 0.436703125 0.011171875000000001 0.014953125000000001
0 0.534875 0.437875 0.012750000000000001 0.015453125000000002
0 0.572359375 0.43520312499999997 0.01053125 0.017468749999999998
0 0.617328125 0.43562500000000004 0.01225 0.021984375
0 0.637984375 0.43726562500000005 0.013109375000000001 0.017906250000000002
0 0.6582656250000001 0.442796875 0.015062500000000001 0.019796875
0 0.722375 0.439546875 0.010921875000000001 0.016953125
0 0.7325781250000001 0.46092187500000004 0.000078125 0.0008906249999999999