2 0.144703125 0.624609375 0.1389375 0.32287499999999997
0 0.294125 0.6660625 0.027421875000000002 0.048015625
0 0.364921875 0.673453125 0.025750000000000002 0.046609374999999995
0 0.46321874999999996 0.676578125 0.025515624999999997 0.048921875
0 0.467421875 0.46403125 0.012375 0.01259375
0 0.5135625 0.46121875 0.014093749999999999 0.029203125000000003
0 0.548390625 0.46098437499999995 0.010843750000000001 0.018312500000000002
0 0.583359375 0.455515625 0.0130625 0.020390625000000002
0 0.6305 0.45375 0.016203125 0.016875
0 0.67078125 0.46104687499999997 0.016046875 0.01584375
0 0.652328125 0.454859375 0.012984375000000001 0.0165
0 0.7368125 0.45271875 0.017906250000000002 0.0174375