0 0.2405625 0.653234375 0.028734375 0.044578125
0 0.5511874999999999 0.49254687500000005 0.020640625000000003 0.03284375
2 0.366828125 0.549625 0.0793125 0.269390625
0 0.46434375 0.44139062500000004 0.0115625 0.013828125
0 0.497359375 0.440234375 0.0166875 0.01728125
0 0.53578125 0.443578125 0.019484375 0.019953125
0 0.577671875 0.43920312499999997 0.012109375 0.021625
0 0.599515625 0.43990625000000005 0.01153125 0.0204375
0 0.6204531249999999 0.4480625 0.016953125 0.021109375
0 0.6832499999999999 0.4411875 0.012328124999999999 0.020390625000000002
0 0.419265625 0.45015625000000004 0.013015625 0.02271875