2 0.20118374558303886 0.7968867924528302 0.04501766784452297 0.1869496855345912
2 0.11351590106007067 0.562940251572327 0.04401060070671378 0.15051886792452832
2 0.454434628975265 0.6175157232704402 0.036766784452296815 0.1543238993710692
2 0.5132067137809188 0.35880503144654086 0.03796819787985865 0.11089622641509435
2 0.37657243816254415 0.31364779874213833 0.02681095406360424 0.0754559748427673
2 0.4020671378091873 0.31875786163522013 0.02734982332155477 0.06323899371069182
2 0.6109187279151943 0.3319811320754717 0.024558303886925797 0.09466981132075472
2 0.655821554770318 0.31339622641509435 0.04567137809187279 0.07995283018867924
2 0.7870671378091874 0.3778930817610063 0.030636042402826854 0.09668238993710693
2 0.8368639575971731 0.5225 0.04754416961130742 0.12891509433962264
2 0.7694787985865724 0.7996383647798742 0.050132508833922264 0.15930817610062892
2 0.25501766784452296 0.45849056603773586 0.028984098939929332 0.11566037735849057
3 0.18678445229681978 0.4441352201257862 0.024284452296819786 0.10443396226415094
2 0.20555653710247349 0.45349056603773585 0.022588339222614842 0.1056761006289308
3 0.055530035335689044 0.2986635220125786 0.02949646643109541 0.08040880503144654
2 0.9846908127208481 0.37761006289308174 0.03062720848056537 0.12356918238993711