2 0.919690812720848 0.688506289308176 0.06404593639575971 0.15102201257861636
2 0.8703356890459364 0.6197327044025157 0.03881625441696113 0.1150314465408805
2 0.7945229681978798 0.48075471698113204 0.03649293286219082 0.12786163522012578
0 0.7612720848056537 0.5474685534591195 0.012977031802120141 0.02893081761006289
3 0.6606360424028269 0.3693238993710692 0.032137809187279154 0.10256289308176102
2 0.4478356890459364 0.6300786163522013 0.05678445229681979 0.14962264150943397
3 0.45338339222614843 0.497437106918239 0.017853356890459363 0.12644654088050314
2 0.46886042402826855 0.5117610062893082 0.02066254416961131 0.13562893081761007
2 0.48811837455830387 0.49056603773584906 0.02401060070671378 0.1279874213836478
2 0.4340812720848056 0.5194811320754716 0.030830388692579504 0.14132075471698113
2 0.41289752650176675 0.5357547169811321 0.027553003533568907 0.137688679245283
2 0.28415194346289757 0.5616352201257861 0.03426678445229682 0.13378930817610063
2 0.2462102473498233 0.6119025157232705 0.035768551236749116 0.14668238993710692
2 0.2423321554770318 0.572625786163522 0.020203180212014137 0.13072327044025156
2 0.24937279151943464 0.5728930817610063 0.02801236749116608 0.13683962264150942
2 0.2034452296819788 0.5919496855345913 0.02215547703180212 0.1665880503144654
2 0.2058303886925795 0.6146226415094339 0.026139575971731447 0.14237421383647797
2 0.21610424028268552 0.6056446540880503 0.022464664310954063 0.14251572327044026
2 0.17703180212014136 0.609748427672956 0.05373674911660777 0.13542452830188678
2 0.14373674911660778 0.6267138364779874 0.0340547703180212 0.16378930817610063
2 0.11325971731448764 0.5993238993710692 0.03562720848056537 0.1396069182389937