2 0.10360424028268551 0.4511163522012579 0.03886042402826855 0.13517295597484277
2 0.1696289752650177 0.3525471698113207 0.034805653710247346 0.11647798742138364
2 0.32068021201413427 0.29477987421383645 0.05064487632508834 0.10294025157232704
2 0.29047703180212014 0.4573427672955975 0.03401060070671378 0.1476415094339623
2 0.3685689045936396 0.537248427672956 0.026457597173144876 0.13268867924528302
2 0.37586572438162547 0.439811320754717 0.02937279151943463 0.1289308176100629
3 0.40971731448763254 0.1838993710691824 0.03833922261484099 0.08371069182389937
2 0.4268021201413427 0.6554245283018868 0.04406360424028269 0.1503930817610063
2 0.4506537102473498 0.5949056603773585 0.052667844522968195 0.17319182389937107
2 0.48764134275618376 0.5310849056603774 0.035583038869257955 0.14111635220125787
2 0.5763162544169611 0.3813679245283019 0.03549469964664311 0.13672955974842765
3 0.6731978798586572 0.5807547169811321 0.05323321554770318 0.1335062893081761
2 0.7004858657243817 0.4435849056603774 0.05091872791519435 0.10452830188679246
2 0.8155388692579506 0.4972641509433962 0.040291519434628977 0.13011006289308177
2 0.9246024734982333 0.5715408805031447 0.043957597173144874 0.12284591194968553
2 0.9879681978798588 0.3500943396226415 0.02407243816254417 0.1045125786163522
0 0.7703710247349823 0.37904088050314466 0.015600706713780919 0.02998427672955975