2 0.49776501766784453 0.41803459119496855 0.03823321554770318 0.13658805031446541
0 0.5282155477031802 0.2996069182389937 0.012058303886925796 0.02251572327044025
2 0.427226148409894 0.3173270440251572 0.04526501766784453 0.11075471698113207
2 0.32466431095406356 0.3245125786163522 0.028030035335689048 0.11757861635220127
2 0.7351236749116608 0.3886320754716981 0.029637809187279148 0.12372641509433963
2 0.6629593639575972 0.24746855345911947 0.027314487632508835 0.0879245283018868
3 0.6765371024734983 0.20437106918238993 0.01971731448763251 0.08830188679245282
1 0.11181978798586573 0.31163522012578615 0.029531802120141344 0.11028301886792453
2 0.11891342756183747 0.4734591194968554 0.03774734982332155 0.1520754716981132
2 0.45772968197879854 0.7640566037735849 0.05358657243816254 0.19880503144654088
2 0.9119787985865724 0.6628616352201258 0.056678445229681976 0.1799056603773585
2 0.8881007067137809 0.4401100628930818 0.034425795053003534 0.11462264150943396