2 0.6987809187279151 0.5975 0.03280035335689046 0.1753930817610063
2 0.9308745583038869 0.39419811320754716 0.028100706713780916 0.13352201257861634
3 0.9719169611307421 0.47146226415094344 0.0391696113074205 0.11995283018867925
2 0.5286307420494699 0.5267138364779874 0.04330388692579506 0.1388993710691824
2 0.5859452296819788 0.4290251572327044 0.039840989399293286 0.11661949685534591
2 0.3440636042402827 0.6957861635220125 0.04348939929328622 0.1810691823899371
2 0.48823321554770316 0.4401415094339623 0.032014134275618375 0.12306603773584905
2 0.5358127208480565 0.36893081761006286 0.03562720848056537 0.1140251572327044
2 0.4685424028268551 0.35133647798742135 0.023250883392226147 0.10325471698113207
2 0.4959717314487633 0.354685534591195 0.021704946996466433 0.10421383647798742
2 0.4271113074204947 0.3403930817610063 0.033886925795053 0.11292452830188678
2 0.3082950530035336 0.3787893081761006 0.02997349823321555 0.1065251572327044
2 0.2176148409893993 0.3445440251572327 0.030759717314487633 0.09542452830188679
2 0.15181978798586573 0.47036163522012575 0.052296819787985865 0.13761006289308175
3 0.2999646643109541 0.327437106918239 0.02943462897526502 0.08987421383647798