3 0.7029858657243816 0.5648270440251573 0.07323321554770318 0.1349056603773585
3 0.7615901060070671 0.22658805031446544 0.038498233215547704 0.09677672955974842
0 0.6072703180212013 0.8132232704402517 0.03021201413427562 0.06564465408805031
2 0.11663427561837456 0.68062893081761 0.04540636042402827 0.16525157232704402
2 0.16920494699646643 0.5878930817610063 0.04277385159010601 0.14328616352201257
2 0.2713957597173145 0.48754716981132074 0.045742049469964664 0.15327044025157233
2 0.24769434628975265 0.6620283018867925 0.049558303886925795 0.16264150943396227
2 0.4018639575971732 0.6188050314465409 0.04165194346289752 0.1485062893081761
2 0.4176148409893993 0.4299056603773585 0.03959363957597173 0.1323427672955975
2 0.46429328621908134 0.3879874213836478 0.04284452296819788 0.13025157232704404
2 0.5003621908127208 0.40451257861635215 0.03872791519434629 0.12284591194968553
2 0.544399293286219 0.5873584905660377 0.04757067137809187 0.15481132075471696
2 0.484178445229682 0.717059748427673 0.05962897526501767 0.1343238993710692
2 0.5002208480565371 0.6405503144654088 0.03696113074204947 0.10710691823899372