2 0.1221113074204947 0.47037735849056606 0.034690812720848056 0.14099056603773585
2 0.16560070671378094 0.39594339622641506 0.021060070671378092 0.11152515723270441
2 0.19112190812720847 0.40812893081761004 0.033560070671378096 0.1357547169811321
2 0.30462014134275617 0.4841194968553459 0.025724381625441696 0.132625786163522
2 0.27996466431095407 0.6092452830188679 0.026731448763250884 0.15305031446540882
2 0.30462014134275617 0.6074371069182389 0.027941696113074205 0.1490566037735849
2 0.4388250883392226 0.4478301886792453 0.02618374558303887 0.11007861635220127
2 0.4375088339222615 0.3567924528301887 0.026537102473498234 0.0720125786163522
2 0.528321554770318 0.4351100628930818 0.01696113074204947 0.10327044025157234
2 0.5411484098939929 0.41161949685534593 0.019434628975265017 0.11088050314465409
2 0.562809187279152 0.37275157232704403 0.018030035335689046 0.08411949685534591
2 0.6271024734982332 0.42286163522012576 0.021669611307420497 0.10863207547169812
2 0.6504946996466431 0.40405660377358493 0.03049469964664311 0.10212264150943397
2 0.7806360424028268 0.3785377358490566 0.03021201413427562 0.08265723270440252
2 0.903851590106007 0.47297169811320755 0.03179328621908127 0.11034591194968554
0 0.779434628975265 0.43385220125786167 0.01103356890459364 0.026147798742138365
3 0.5831890459363958 0.44768867924528305 0.02590106007067138 0.11932389937106919
3 0.32268551236749116 0.3502830188679245 0.01993816254416961 0.09481132075471697