1 0.29847173144876327 0.46701257861635215 0.04482332155477032 0.14361635220125787
2 0.12590989399293287 0.5608333333333333 0.035185512367491165 0.17438679245283017
2 0.38833038869257946 0.45050314465408803 0.03974381625441696 0.11566037735849057
2 0.7036925795053004 0.5188207547169812 0.047844522968197876 0.12073899371069183
2 0.53613074204947 0.6817924528301886 0.03967314487632508 0.1430503144654088
2 0.8559363957597173 0.7083647798742138 0.04812720848056537 0.17089622641509433
2 0.8344787985865725 0.5274213836477988 0.03648409893992933 0.10757861635220126
2 0.8826501766784453 0.5000943396226415 0.04470848056537102 0.13388364779874215
2 0.8465547703180212 0.4163364779874214 0.04643109540636042 0.12323899371069182
2 0.6441519434628975 0.3852044025157233 0.03395759717314487 0.09638364779874213
3 0.4827031802120141 0.3675 0.040856890459363956 0.09132075471698113