3 0.7233038869257951 0.20511006289308173 0.043197879858657244 0.10411949685534591
2 0.9276855123674913 0.8258176100628931 0.06041519434628975 0.19845911949685535
2 0.2200088339222615 0.5056132075471698 0.04719964664310954 0.14855345911949686
2 0.2747879858657244 0.4870125786163522 0.047208480565371025 0.13965408805031446
2 0.32279151943462897 0.4844025157232704 0.044275618374558304 0.14699685534591195
2 0.6576325088339223 0.3840566037735849 0.06026501766784452 0.13811320754716983
2 0.846113074204947 0.4450943396226415 0.06620141342756183 0.14386792452830188
2 0.6214134275618375 0.560377358490566 0.037287985865724384 0.14800314465408804
2 0.6411395759717314 0.5451729559748428 0.03434628975265018 0.10922955974842767
2 0.8072438162544169 0.8090094339622641 0.06265901060070672 0.21446540880503145
0 0.3320671378091873 0.3840566037735849 0.029257950530035333 0.04380503144654088