0 0.4342756183745583 0.4057075471698113 0.011563604240282686 0.029229559748427673
3 0.3687279151943463 0.2791509433962264 0.0321643109540636 0.09424528301886792
2 0.13803003533568906 0.5380345911949685 0.06037985865724381 0.1615566037735849
2 0.3642491166077738 0.4324056603773585 0.03146643109540636 0.15479559748427674
2 0.42147526501766786 0.35501572327044023 0.028763250883392228 0.10158805031446541
2 0.6410424028268551 0.40798742138364785 0.044355123674911665 0.14204402515723272
2 0.6382950530035335 0.5533333333333333 0.05463780918727915 0.14135220125786163
2 0.725344522968198 0.33325471698113207 0.028984098939929332 0.10622641509433962
2 0.7595406360424027 0.30092767295597483 0.026042402826855125 0.12174528301886793
2 0.9824911660777386 0.45515723270440256 0.030371024734982335 0.12279874213836477
2 0.9131095406360424 0.8038679245283019 0.05368374558303887 0.22232704402515724