2 0.04482332155477032 0.5841666666666666 0.06452296819787987 0.17477987421383648
2 0.292226148409894 0.4227830188679245 0.04201413427561838 0.11207547169811322
2 0.2797173144876325 0.3308962264150943 0.043886925795053 0.11610062893081761
2 0.5982155477031802 0.38946540880503144 0.037500000000000006 0.1080188679245283
2 0.5202650176678446 0.3712264150943396 0.034673144876325085 0.11207547169811322
2 0.7936307420494699 0.7512893081761006 0.043524734982332156 0.1504874213836478
2 0.5748498233215548 0.2791666666666667 0.02801236749116608 0.10468553459119496
2 0.5123056537102473 0.24676100628930817 0.02909893992932862 0.09877358490566038
2 0.8723498233215548 0.2242924528301887 0.029257950530035333 0.09066037735849056
2 0.9818374558303887 0.2528301886792453 0.026881625441696113 0.09251572327044026
3 0.21653710247349825 0.18930817610062894 0.041660777385159005 0.10539308176100629