2 0.48042402826855124 0.6375314465408806 0.061113074204947 0.14968553459119496
2 0.23422261484098938 0.7019968553459119 0.06904593639575972 0.17316037735849055
2 0.1818904593639576 0.4265251572327044 0.040909893992932864 0.11874213836477987
2 0.10137809187279152 0.3404874213836478 0.03706713780918728 0.1048427672955975
2 0.036280918727915196 0.4565566037735849 0.04291519434628975 0.12438679245283019
2 0.017287985865724383 0.36830188679245285 0.03183745583038869 0.10482704402515723
2 0.4174028268551237 0.332185534591195 0.039584805653710246 0.10874213836477988
2 0.24607773851590106 0.30033018867924527 0.0475 0.10509433962264152
2 0.4604593639575972 0.4088522012578616 0.04586572438162544 0.11121069182389938
2 0.5458480565371024 0.37761006289308174 0.03642226148409894 0.10731132075471699
2 0.6992049469964664 0.43643081761006286 0.03865724381625441 0.1048427672955975
2 0.6225265017667845 0.42496855345911944 0.04229681978798587 0.10261006289308176
2 0.6254770318021201 0.33611635220125785 0.03027385159010601 0.0858490566037736
2 0.8070848056537102 0.35759433962264153 0.034673144876325085 0.0965880503144654
3 0.5898674911660777 0.4312106918238994 0.03648409893992933 0.10635220125786164
0 0.7481183745583039 0.4779874213836478 0.02107773851590106 0.04234276729559748