2 0.5400795053003533 0.3931603773584906 0.05384275618374559 0.13540880503144656
2 0.6612279151943463 0.3281603773584906 0.032897526501766784 0.1070440251572327
2 0.6412455830388692 0.3460062893081761 0.028047703180212016 0.11238993710691825
2 0.7912455830388693 0.47124213836477985 0.04469081272084806 0.13614779874213837
2 0.9115371024734982 0.4590408805031446 0.040901060070671375 0.13036163522012578
2 0.938356890459364 0.3908333333333333 0.04716431095406361 0.1309748427672956
2 0.6809982332155476 0.6851572327044025 0.06730565371024735 0.1826572327044025
2 0.874160777385159 0.724874213836478 0.06959363957597173 0.18114779874213835
0 0.6243727915194346 0.35037735849056606 0.019328621908127206 0.03443396226415094
1 0.05234098939929328 0.4329402515723271 0.04888692579505301 0.1707861635220126
3 0.7320229681978798 0.2942610062893082 0.04992049469964664 0.10776729559748428
3 0.987809187279152 0.49443396226415093 0.02437279151943463 0.14595911949685533