2 0.3181537102473498 0.4864779874213836 0.0530565371024735 0.1349056603773585
2 0.3439929328621908 0.35509433962264153 0.055273851590106005 0.1095125786163522
2 0.42325971731448764 0.2790723270440252 0.023498233215547705 0.10149371069182389
2 0.4637809187279152 0.35229559748427675 0.031104240282685512 0.10658805031446542
3 0.3106183745583039 0.2071698113207547 0.037985865724381625 0.08306603773584906
2 0.6950265017667845 0.47487421383647793 0.05600706713780919 0.11966981132075472
2 0.7619964664310954 0.32588050314465405 0.028100706713780916 0.09108490566037736
2 0.832553003533569 0.30187106918238993 0.022340989399293285 0.08573899371069182
2 0.9189752650176678 0.41444968553459116 0.02435512367491166 0.11885220125786164
2 0.766934628975265 0.7018867924528301 0.046969964664310956 0.17092767295597483
0 0.7309893992932862 0.28973270440251575 0.011051236749116608 0.018789308176100628
2 0.8018374558303887 0.24572327044025158 0.03584805653710247 0.08547169811320755
2 0.6822791519434629 0.8641823899371069 0.06347173144876325 0.202122641509434