2 0.5463162544169611 0.5960062893081761 0.04610424028268551 0.17525157232704403
2 0.1538957597173145 0.43226415094339626 0.04393992932862191 0.12133647798742139
2 0.43823321554770317 0.4154874213836478 0.045485865724381624 0.12553459119496857
2 0.5625088339222615 0.28973270440251575 0.039628975265017664 0.11300314465408806
2 0.8708480565371024 0.46369496855345915 0.03793286219081272 0.1150314465408805
2 0.9248939929328622 0.46422955974842767 0.04884275618374558 0.13495283018867923
2 0.9202650176678445 0.27454402515723275 0.03406360424028269 0.09086477987421383
2 0.7746643109540635 0.8429874213836478 0.05666077738515901 0.2002987421383648
3 0.7260777385159011 0.22996855345911948 0.029487632508833926 0.08297169811320755
1 0.19250883392226148 0.3814937106918239 0.04106890459363958 0.10924528301886793
0 0.177773851590106 0.47775157232704407 0.01567137809187279 0.03064465408805031