1 0.42544169611307425 0.294937106918239 0.038498233215547704 0.13679245283018868
2 0.21819787985865724 0.5133647798742138 0.06399293286219081 0.17742138364779875
2 0.2862632508833922 0.531996855345912 0.05346289752650177 0.14012578616352203
2 0.4640017667844523 0.534559748427673 0.05801236749116608 0.14992138364779872
2 0.325530035335689 0.7334119496855346 0.05865724381625442 0.18867924528301888
2 0.3625706713780919 0.6515880503144654 0.0515547703180212 0.16952830188679244
2 0.6322879858657244 0.384685534591195 0.05412544169611308 0.1624685534591195
2 0.8034893992932862 0.32501572327044026 0.040353356890459366 0.13633647798742138
2 0.8489134275618375 0.3415566037735849 0.0290547703180212 0.13680817610062893
2 0.8159275618374559 0.612185534591195 0.046890459363957596 0.16998427672955974
2 0.9826678445229683 0.557185534591195 0.034673144876325085 0.1904874213836478
2 0.8290194346289753 0.48397798742138365 0.04164310954063604 0.14663522012578617
3 0.7681537102473498 0.5518238993710691 0.048242049469964667 0.15644654088050314
2 0.5480123674911661 0.5110220125786163 0.050556537102473494 0.14477987421383648