2 0.92702296819788 0.45927672955974846 0.04535335689045937 0.12820754716981134
3 0.9887897526501767 0.4296383647798742 0.02241166077738516 0.10867924528301888
2 0.9775706713780918 0.37680817610062894 0.028542402826855124 0.09361635220125786
2 0.86363074204947 0.4081132075471698 0.03287102473498233 0.1085377358490566
2 0.6846996466431096 0.3353930817610063 0.032252650176678443 0.10933962264150944
2 0.4954151943462897 0.40419811320754717 0.028780918727915192 0.10389937106918239
2 0.516660777385159 0.392688679245283 0.039134275618374556 0.10152515723270439
2 0.4776855123674912 0.30400943396226415 0.03351590106007067 0.10220125786163523
2 0.3409628975265018 0.46679245283018866 0.030680212014134272 0.12575471698113208
2 0.43159893992932863 0.5589622641509434 0.0449469964664311 0.16383647798742138
2 0.626166077738516 0.8346698113207548 0.05896643109540636 0.19704402515723268
2 0.15452296819787983 0.38095911949685535 0.02753533568904594 0.12418238993710692
3 0.19554770318021203 0.2936949685534591 0.03546819787985866 0.09748427672955975