2 0.049496466431095405 0.4830817610062893 0.06306537102473499 0.14751572327044024
2 0.3107155477031802 0.45767295597484275 0.037800353356890457 0.11871069182389937
2 0.3596024734982332 0.4036949685534591 0.02603356890459364 0.1239622641509434
2 0.37770318021201416 0.4343867924528302 0.03139575971731449 0.14485849056603772
2 0.44720848056537105 0.4380345911949685 0.05140459363957597 0.0620754716981132
2 0.47739399293286217 0.400062893081761 0.03166077738515902 0.1160377358490566
2 0.4170229681978799 0.634811320754717 0.06053886925795053 0.174811320754717
2 0.5922438162544169 0.7066037735849057 0.07404593639575971 0.18845911949685534
2 0.7076943462897527 0.5004088050314466 0.04810070671378092 0.17004716981132076
2 0.8028180212014134 0.46188679245283015 0.055733215547703184 0.13701257861635222
2 0.6243462897526502 0.430440251572327 0.03457597173144877 0.11185534591194969
3 0.5795936395759718 0.49435534591194974 0.049054770318021204 0.12916666666666668
3 0.5423409893992932 0.2092924528301887 0.03991166077738516 0.099937106918239
3 0.2591696113074205 0.3384748427672956 0.0018551236749116608 0.0029402515723270443