3 0.8864575971731449 0.42806603773584906 0.04088339222614841 0.12553459119496857
3 0.5579416961130742 0.25488993710691826 0.04286219081272085 0.11562893081761007
2 0.2668374558303887 0.5957389937106918 0.06665194346289753 0.19044025157232705
2 0.48859540636042403 0.7133805031446541 0.0720053003533569 0.20245283018867924
2 0.3451678445229682 0.3591666666666667 0.057243816254416956 0.12294025157232705
2 0.28568021201413424 0.36885220125786167 0.058409893992932865 0.15803459119496857
2 0.5011042402826855 0.4946226415094339 0.06699646643109541 0.13911949685534591
2 0.4635600706713781 0.34789308176100625 0.043136042402826855 0.0909748427672956
2 0.6052120141342756 0.39794025157232704 0.04729681978798587 0.12501572327044025
2 0.6577826855123675 0.3670283018867925 0.04112190812720848 0.11977987421383648
2 0.8698233215547703 0.3064937106918239 0.04470848056537102 0.10251572327044026
2 0.9829240282685513 0.35312893081761004 0.03416077738515901 0.12660377358490565
2 0.7635070671378091 0.31907232704402516 0.029955830388692577 0.11509433962264151
2 0.7951590106007067 0.3599685534591195 0.04984982332155477 0.13644654088050315
2 0.8057597173144876 0.3033805031446541 0.04630742049469965 0.10498427672955975
0 0.3563604240282685 0.39349056603773586 0.012482332155477033 0.037500000000000006