3 0.9531802120141343 0.5834748427672956 0.09363957597173145 0.33498427672955977
3 0.2162190812720848 0.300314465408805 0.09371908127208481 0.3661320754716981
2 0.6260689045936396 0.43088050314465415 0.08604240282685513 0.1934748427672956
0 0.6135424028268551 0.4975157232704403 0.024920494699646644 0.05081761006289308
0 0.8682685512367491 0.2885691823899371 0.025415194346289752 0.04959119496855346
2 0.7585247349823321 0.4428301886792453 0.07674911660777385 0.3371383647798742
2 0.5801590106007067 0.46860062893081755 0.07159893992932861 0.12520440251572326
2 0.48256183745583037 0.46647798742138363 0.06984982332155476 0.28264150943396227
2 0.4573321554770318 0.4037735849056604 0.06649293286219081 0.30992138364779875
2 0.28758833922261484 0.39300314465408803 0.08531802120141342 0.2883805031446541
2 0.147208480565371 0.5324685534591195 0.10062720848056537 0.38767295597484275
2 0.17512367491166078 0.8067452830188679 0.12954946996466432 0.3613522012578616