3 0.40975265017667845 0.6001572327044025 0.04553003533568904 0.11572327044025156
3 0.42492049469964666 0.3230188679245283 0.02324204946996466 0.07564465408805031
2 0.8833657243816254 0.5986006289308176 0.044169611307420496 0.13794025157232706
2 0.818339222614841 0.395314465408805 0.026130742049469965 0.0938679245283019
2 0.7904505300353356 0.49238993710691825 0.03363074204946997 0.10676100628930818
2 0.734982332155477 0.5707232704402516 0.0427208480565371 0.12748427672955975
2 0.705565371024735 0.6319968553459119 0.02534452296819788 0.10116352201257862
2 0.7040724381625442 0.6920597484276729 0.02600706713780919 0.11253144654088049
2 0.653047703180212 0.6462421383647798 0.05196113074204947 0.12963836477987423
2 0.6439575971731449 0.5324528301886792 0.038869257950530034 0.11437106918238993
2 0.5131007067137809 0.5606603773584905 0.036828621908127204 0.12419811320754716
2 0.472482332155477 0.5733490566037736 0.04651060070671378 0.11331761006289306
2 0.4139575971731449 0.437059748427673 0.03712014134275619 0.0919182389937107
2 0.3716961130742049 0.5401729559748428 0.04279151943462897 0.11817610062893082
2 0.3302826855123675 0.5795283018867924 0.06978798586572438 0.06742138364779875
2 0.3112190812720848 0.42198113207547167 0.037482332155477034 0.0979874213836478
2 0.27258833922261483 0.6727358490566038 0.04242049469964665 0.1619182389937107
2 0.19007067137809186 0.4902201257861635 0.03303886925795053 0.12312893081761006
2 0.15661660777385158 0.5986792452830189 0.03886042402826855 0.12773584905660376