3 0.05068021201413427 0.2949685534591195 0.05542402826855124 0.12182389937106919
3 0.8895053003533568 0.4732547169811321 0.05714664310954064 0.18190251572327043
2 0.6529946996466431 0.33496855345911947 0.03697879858657244 0.12779874213836478
0 0.6517314487632508 0.3690880503144654 0.008250883392226148 0.027704402515723273
2 0.9940812720848056 0.40595911949685537 0.011846289752650176 0.1277672955974843
2 0.9466872791519435 0.4231446540880503 0.04316254416961131 0.14108490566037737
2 0.7013074204946996 0.3544339622641509 0.034107773851590105 0.1000943396226415
2 0.5292667844522968 0.3931603773584906 0.023975265017667845 0.11795597484276729
2 0.5440371024734982 0.3863364779874214 0.03775618374558304 0.11479559748427674
2 0.26185512367491165 0.36800314465408807 0.031952296819787986 0.12900943396226414
2 0.20880742049469966 0.4615723270440252 0.03618374558303887 0.12677672955974842
2 0.217773851590106 0.4398427672955975 0.028498233215547703 0.12537735849056603
2 0.12113074204946997 0.6137421383647799 0.050954063604240284 0.20319182389937104
2 0.4052650176678445 0.9160691823899371 0.06560070671378092 0.1678616352201258
2 0.6132773851590106 0.7925786163522013 0.052120141342756186 0.21893081761006292