3 0.12183745583038869 0.5345283018867925 0.033303886925795056 0.13416666666666666
2 0.06984982332155476 0.3306918238993711 0.03484982332155477 0.09608490566037736
2 0.06733215547703181 0.5574056603773585 0.045998233215547704 0.11327044025157233
2 0.05563604240282685 0.5212106918238993 0.02515017667844523 0.11056603773584904
2 0.051722614840989396 0.4851729559748428 0.02753533568904594 0.11119496855345912
2 0.012809187279151944 0.7908962264150943 0.02561837455830389 0.16220125786163522
2 0.24646643109540636 0.5508805031446541 0.05362190812720848 0.15627358490566037
2 0.2746731448763251 0.4420125786163522 0.021537102473498233 0.09910377358490566
2 0.39729681978798587 0.6175157232704402 0.04381625441696113 0.15624213836477988
2 0.5515989399293286 0.3363679245283019 0.027332155477031803 0.08017295597484277
2 0.5889487632508834 0.42495283018867924 0.032252650176678443 0.1088993710691824
2 0.6236749116607774 0.3219811320754717 0.025114840989399295 0.0665566037735849
2 0.7162544169611307 0.4253930817610063 0.03325088339222615 0.1128301886792453
2 0.8708745583038869 0.3742138364779874 0.031872791519434625 0.11952830188679245
0 0.6110335689045937 0.3525786163522013 0.016846289752650175 0.03685534591194969
2 0.7274469964664311 0.8085377358490566 0.043719081272084806 0.18990566037735848