2 0.09897526501766785 0.6759748427672956 0.02803886925795053 0.14166666666666666
0 0.12557420494699648 0.713569182389937 0.01748233215547703 0.027232704402515722
2 0.2023939929328622 0.655188679245283 0.07737632508833922 0.1569811320754717
2 0.3929240282685513 0.5128301886792453 0.033091872791519435 0.12775157232704404
2 0.4468374558303887 0.6666509433962264 0.06961130742049469 0.13602201257861635
2 0.5934982332155477 0.6731446540880504 0.05207597173144877 0.13734276729559747
2 0.5500795053003534 0.5729245283018868 0.03477031802120141 0.15683962264150944
2 0.5974293286219081 0.5480188679245284 0.042385159010600706 0.13702830188679246
2 0.624708480565371 0.4193238993710692 0.03960247349823321 0.10995283018867925
1 0.3150088339222615 0.31422955974842764 0.03778268551236749 0.10800314465408804
2 0.7346996466431095 0.35625786163522016 0.038003533568904596 0.11072327044025157
2 0.7333303886925795 0.6812578616352201 0.04074204946996466 0.16198113207547168
2 0.7864310954063605 0.6844968553459119 0.04318904593639576 0.15694968553459118
2 0.8260865724381625 0.3848899371069182 0.04525618374558304 0.11594339622641509
2 0.9065636042402827 0.5189779874213837 0.027040636042402828 0.14981132075471698
2 0.9704240282685512 0.5863207547169811 0.055485865724381626 0.15154088050314465