2 0.023136042402826858 0.5430503144654087 0.046263250883392226 0.20273584905660377
2 0.29395759717314485 0.7244968553459119 0.05978798586572439 0.20227987421383647
2 0.36871024734982333 0.18622641509433963 0.0396113074204947 0.09309748427672956
2 0.4029063604240282 0.6858018867924529 0.06449646643109541 0.20037735849056604
2 0.3351766784452297 0.4752987421383648 0.049434628975265016 0.1568867924528302
0 0.37560070671378093 0.5316981132075472 0.021581272084805654 0.04789308176100629
2 0.6329416961130742 0.3181446540880503 0.03783568904593639 0.13514150943396228
2 0.8724293286219081 0.5359591194968554 0.05282685512367491 0.16022012578616354
2 0.948666077738516 0.537374213836478 0.051537102473498235 0.17248427672955977
2 0.8976413427561838 0.3568396226415094 0.03697879858657244 0.1370440251572327
3 0.9230918727915195 0.39932389937106916 0.025565371024734985 0.12816037735849056