2 0.48130742049469966 0.7002201257861634 0.062393992932862186 0.16272012578616352
2 0.5042491166077738 0.5857547169811321 0.033091872791519435 0.13683962264150942
2 0.06049469964664311 0.5511320754716981 0.0530565371024735 0.1506761006289308
2 0.08395759717314488 0.48488993710691825 0.04553003533568904 0.12435534591194969
2 0.16679328621908127 0.35773584905660377 0.037491166077738516 0.10539308176100629
2 0.26491166077738515 0.38243710691823896 0.03408127208480565 0.10400943396226416
2 0.2918727915194346 0.3743553459119497 0.025768551236749117 0.08323899371069182
3 0.18040636042402827 0.2792767295597484 0.031007067137809187 0.09613207547169811
2 0.6143197879858657 0.3542767295597484 0.04061837455830388 0.11231132075471699
2 0.47394876325088336 0.45605345911949685 0.04768551236749116 0.10819182389937107
2 0.8058833922261484 0.43781446540880503 0.04519434628975265 0.12248427672955976
2 0.6458127208480565 0.3189622641509434 0.033604240282685514 0.10168238993710692
2 0.6932508833922262 0.3445754716981132 0.04031802120141343 0.10215408805031446
2 0.719178445229682 0.29404088050314464 0.029938162544169613 0.08875786163522013
2 0.41533568904593643 0.31089622641509435 0.03674911660777385 0.09937106918238994
2 0.44812720848056536 0.29911949685534595 0.02713780918727915 0.10814465408805031