2 0.2342932862190813 0.5894654088050314 0.0563339222614841 0.1778616352201258
2 0.3107155477031802 0.4165408805031447 0.048401060070671374 0.12762578616352202
2 0.15418727915194347 0.3481603773584906 0.05159893992932862 0.13866352201257862
2 0.09337455830388693 0.290251572327044 0.03421378091872791 0.11405660377358491
2 0.0427208480565371 0.2307861635220126 0.028312720848056534 0.11144654088050314
2 0.5865106007067138 0.3892924528301887 0.043462897526501766 0.13602201257861635
2 0.5507332155477032 0.35287735849056606 0.03727031802120141 0.12294025157232705
2 0.7878003533568905 0.347374213836478 0.034381625441696116 0.13394654088050315
2 0.9215017667844524 0.4767924528301887 0.029699646643109538 0.13493710691823899
2 0.5231802120141343 0.8113364779874214 0.061519434628975266 0.18416666666666667
0 0.849160777385159 0.5207075471698114 0.03636042402826855 0.02960691823899371