2 0.5393197879858657 0.5152044025157233 0.033772084805653704 0.14268867924528303
0 0.5267137809187279 0.4432861635220126 0.02047703180212014 0.03518867924528302
3 0.5557155477031802 0.2982075471698113 0.031687279151943464 0.09327044025157233
2 0.7719257950530036 0.38566037735849057 0.02857773851590106 0.11221698113207548
2 0.6436042402826855 0.355251572327044 0.035636042402826855 0.11349056603773586
2 0.561934628975265 0.4472169811320755 0.03732332155477032 0.11117924528301885
2 0.5070759717314488 0.4102358490566038 0.039885159010600704 0.10685534591194967
2 0.3421289752650177 0.39433962264150946 0.033224381625441696 0.11139937106918238
2 0.29944346289752655 0.6050314465408805 0.03803886925795053 0.14064465408805032
2 0.3003003533568905 0.8217767295597483 0.04570671378091873 0.18050314465408804
2 0.03946996466431096 0.5444025157232705 0.03881625441696113 0.15470125786163522
2 0.9623586572438163 0.5869182389937107 0.04477031802120141 0.13998427672955974