2 0.47784452296819785 0.2541509433962264 0.03413427561837456 0.0909119496855346
2 0.642791519434629 0.4412421383647799 0.02597173144876325 0.12238993710691824
2 0.658886925795053 0.40290880503144655 0.03498233215547703 0.10191823899371068
0 0.8290724381625442 0.3639308176100629 0.021846289752650176 0.03426100628930818
2 0.8571024734982332 0.3406603773584906 0.03477031802120141 0.08628930817610063
2 0.2480035335689046 0.3421540880503145 0.021969964664310955 0.10529874213836478
2 0.18143109540636043 0.4929716981132075 0.031757950530035335 0.1250314465408805
2 0.16453180212014135 0.44457547169811323 0.03208480565371025 0.11188679245283019
3 0.11356890459363958 0.5258018867924529 0.040282685512367494 0.14367924528301887
2 0.47145759717314495 0.5994182389937107 0.03809187279151943 0.1442295597484277
2 0.6968021201413427 0.7558962264150944 0.0496643109540636 0.15427672955974844