2 0.15242049469964664 0.5661320754716981 0.04806537102473498 0.1721069182389937
2 0.2797879858657244 0.4338364779874214 0.046625441696113074 0.1433490566037736
2 0.37535335689045934 0.42047169811320756 0.045176678445229684 0.14492138364779875
2 0.5136219081272084 0.3958333333333333 0.04079505300353357 0.12710691823899373
2 0.6262720848056538 0.3850943396226415 0.034637809187279156 0.12764150943396227
2 0.6660247349823322 0.39193396226415095 0.03426678445229682 0.12284591194968553
2 0.7031272084805654 0.3259119496855346 0.037791519434628974 0.12910377358490566
2 0.9072173144876325 0.42072327044025154 0.02763250883392226 0.1360062893081761
3 0.9393197879858657 0.47155660377358494 0.0388339222614841 0.15589622641509435
2 0.9500706713780919 0.42413522012578614 0.03382508833922261 0.12710691823899373
2 0.5043462897526502 0.7327672955974843 0.052279151943462894 0.20349056603773583
2 0.5357067137809187 0.8611949685534591 0.05285335689045936 0.20633647798742136
3 0.27168727915194346 0.2918238993710692 0.03572438162544169 0.12976415094339622