2 0.8004681978798587 0.32902515723270437 0.05970848056537103 0.16014150943396224
2 0.5751766784452297 0.2100786163522013 0.0578886925795053 0.14237421383647797
2 0.46930212014134276 0.4463993710691824 0.05285335689045936 0.1810691823899371
2 0.5645759717314488 0.6897955974842767 0.0932243816254417 0.2370440251572327
2 0.4435335689045936 0.7277987421383648 0.05608657243816255 0.2092610062893082
2 0.09999116607773852 0.5632861635220126 0.07092756183745584 0.170062893081761
2 0.045954063604240286 0.5266037735849057 0.05356007067137809 0.16795597484276728
2 0.021068904593639578 0.4684119496855346 0.04214664310954064 0.18105345911949686
3 0.6857597173144876 0.9043553459119497 0.05467314487632509 0.19130503144654087
3 0.3257332155477032 0.07803459119496856 0.03603356890459364 0.11099056603773585
0 0.503904593639576 0.5077201257861635 0.03548586572438163 0.052138364779874206