2 0.2612367491166078 0.6958333333333333 0.051925795053003536 0.1704874213836478
2 0.16419611307420495 0.6038679245283018 0.046890459363957596 0.1532389937106918
2 0.3579946996466431 0.6070911949685535 0.056413427561837454 0.13556603773584905
2 0.6553975265017667 0.6984905660377358 0.044469964664310954 0.15227987421383646
2 0.5518727915194347 0.7150943396226416 0.05381625441696113 0.13157232704402516
2 0.5727385159010601 0.5639150943396226 0.03287985865724381 0.1166509433962264
2 0.6249734982332156 0.49059748427672956 0.029072438162544168 0.11874213836477987
2 0.7565901060070672 0.46735849056603773 0.030247349823321557 0.10727987421383649
2 0.7988074204946997 0.46352201257861636 0.037084805653710244 0.11797169811320755
2 0.3792226148409894 0.5258962264150944 0.05576855123674912 0.05558176100628931
1 0.26023851590106006 0.5206918238993711 0.04098939929328622 0.1458805031446541
0 0.26474381625441695 0.48827044025157235 0.012676678445229681 0.02610062893081761
3 0.8168816254416962 0.6077830188679245 0.0662720848056537 0.15446540880503143
3 0.6871554770318021 0.3906761006289308 0.042491166077738514 0.10937106918238994