2 0.25940812720848055 0.4432075471698113 0.030839222614840987 0.1390566037735849
2 0.48829505300353354 0.5845283018867924 0.03965547703180212 0.14661949685534592
2 0.6604240282685513 0.5391666666666667 0.038003533568904596 0.12465408805031447
2 0.734196113074205 0.5037893081761007 0.04201413427561838 0.13251572327044026
2 0.6480123674911661 0.41896226415094334 0.033409893992932864 0.11349056603773586
2 0.682773851590106 0.4132704402515723 0.02730565371024735 0.10559748427672956
2 0.47481448763250883 0.32916666666666666 0.03371024734982332 0.10735849056603773
2 0.35494699646643113 0.357688679245283 0.016148409893992934 0.10977987421383646
2 0.38090106007067137 0.37221698113207546 0.02018551236749117 0.0929559748427673
2 0.6579593639575971 0.34488993710691823 0.01948763250883392 0.07982704402515724
2 0.8419257950530035 0.38180817610062895 0.03515901060070671 0.10996855345911949
3 0.985512367491166 0.44102201257861634 0.028975265017667843 0.1104245283018868