1 0.02803886925795053 0.48226415094339625 0.03734098939929329 0.12553459119496857
2 0.23447879858657245 0.7284433962264151 0.04780035335689046 0.17328616352201257
2 0.33285335689045936 0.6812421383647799 0.0440547703180212 0.17251572327044026
2 0.402208480565371 0.5431603773584905 0.04341872791519435 0.12666666666666668
2 0.47636042402826856 0.564685534591195 0.039584805653710246 0.13426100628930818
2 0.7002296819787985 0.6130188679245283 0.052226148409893994 0.12465408805031447
2 0.6007508833922262 0.41864779874213837 0.03954063604240283 0.10537735849056604
2 0.5483745583038869 0.47294025157232705 0.03859540636042403 0.12033018867924529
2 0.7424469964664311 0.5284905660377358 0.04282685512367491 0.122625786163522
2 0.829743816254417 0.49179245283018863 0.02829505300353357 0.10490566037735849
2 0.9716254416961132 0.5625314465408805 0.036219081272084806 0.12745283018867926
2 0.7770229681978799 0.40473270440251574 0.03574204946996466 0.0765566037735849
2 0.8030300353356891 0.4024528301886793 0.018957597173144877 0.08312893081761005
2 0.5423763250883392 0.3892924528301887 0.03228798586572438 0.08718553459119498
3 0.6849911660777385 0.36397798742138365 0.028860424028268553 0.09729559748427673