0 0.4737897526501767 0.6433490566037736 0.03269434628975265 0.04924528301886792
2 0.20690812720848056 0.5728459119496855 0.040839222614840985 0.1430817610062893
2 0.16840106007067138 0.3863993710691824 0.04558303886925795 0.12080188679245282
2 0.07019434628975264 0.29729559748427675 0.0346643109540636 0.13127358490566038
2 0.2263427561837456 0.21655660377358488 0.03730565371024735 0.09308176100628932
2 0.5000795053003534 0.5081289308176101 0.04196113074204947 0.12055031446540881
2 0.6056448763250883 0.7327201257861635 0.05607773851590106 0.16926100628930818
2 0.5114134275618374 0.4222955974842767 0.03813604240282686 0.08254716981132075
2 0.559416961130742 0.4372327044025157 0.045803886925795054 0.1281446540880503
2 0.723374558303887 0.3296540880503145 0.0370583038869258 0.12635220125786165
2 0.8738604240282686 0.5025 0.034231448763250884 0.14860062893081763