0 0.6417932862190813 0.43231132075471695 0.012022968197879859 0.02240566037735849
2 0.5370229681978799 0.3634433962264151 0.045742049469964664 0.13371069182389939
2 0.622208480565371 0.36506289308176104 0.04629858657243816 0.11735849056603774
2 0.7139399293286218 0.3567452830188679 0.042623674911660775 0.12872641509433963
2 0.8409275618374558 0.35367924528301886 0.04501766784452297 0.1086006289308176
2 0.9768462897526502 0.3180503144654088 0.04481448763250883 0.13528301886792454
2 0.9772173144876325 0.8373899371069183 0.045556537102473496 0.19160377358490566
2 0.7753798586572438 0.21555031446540882 0.03185512367491166 0.10661949685534591
2 0.703922261484099 0.18196540880503145 0.028886925795053007 0.08984276729559748
2 0.3338427561837456 0.22831761006289308 0.03093639575971732 0.11256289308176101
2 0.13015017667844525 0.6363364779874213 0.06639575971731448 0.17397798742138365
3 0.1669964664310954 0.15205974842767295 0.03689929328621908 0.08600628930817611