2 0.7496024734982332 0.7960849056603774 0.055159010600706715 0.16974842767295598
2 0.4910600706713781 0.6174056603773586 0.054849823321554775 0.16614779874213836
2 0.24396643109540636 0.7825786163522013 0.07303003533568905 0.18202830188679245
3 0.024346289752650175 0.27517295597484276 0.03583922261484099 0.11452830188679246
2 0.1338957597173145 0.5564779874213837 0.04241166077738516 0.14290880503144654
3 0.13818021201413427 0.4467924528301887 0.03477031802120141 0.11462264150943396
2 0.20066254416961132 0.44542452830188684 0.03229681978798587 0.11190251572327044
2 0.22624558303886927 0.48161949685534594 0.03417844522968198 0.12397798742138363
2 0.24803003533568904 0.2996069182389937 0.03553886925795053 0.0819811320754717
2 0.28867491166077736 0.2939937106918239 0.03348939929328622 0.09209119496855346
2 0.5570141342756183 0.3527672955974843 0.039196113074204945 0.1010377358490566
2 0.6690724381625441 0.31488993710691826 0.04712014134275619 0.07937106918238994
2 0.7305830388692579 0.3108018867924528 0.03847173144876325 0.08754716981132075
2 0.7807067137809187 0.36974842767295596 0.03889575971731449 0.09430817610062893
2 0.8269081272084805 0.5159591194968554 0.032075971731448764 0.15996855345911948