0 0.5776060070671378 0.5613993710691824 0.02047703180212014 0.043459119496855346
3 0.3575530035335689 0.6351415094339622 0.04399293286219081 0.1312264150943396
2 0.0540547703180212 0.5309433962264151 0.027606007067137808 0.1189937106918239
3 0.07401943462897527 0.4763050314465409 0.03159010600706714 0.09927672955974842
2 0.017340989399293287 0.5308333333333334 0.03204946996466431 0.11237421383647798
2 0.10166077738515901 0.6525471698113208 0.061722614840989405 0.16389937106918237
2 0.16241166077738514 0.5267767295597484 0.03107773851590106 0.10855345911949686
2 0.30267667844522966 0.5680345911949686 0.04684628975265018 0.12493710691823898
2 0.3517844522968198 0.5167610062893082 0.04204946996466431 0.10130503144654089
2 0.3764664310954064 0.5130345911949686 0.02431095406360424 0.10023584905660378
2 0.4659540636042403 0.5866823899371069 0.034363957597173145 0.12172955974842768
2 0.4617579505300354 0.5279559748427672 0.03317137809187279 0.10449685534591194
2 0.6336749116607774 0.6155660377358491 0.03796819787985865 0.11339622641509435
2 0.6995759717314487 0.5743238993710692 0.032005300353356886 0.10553459119496857
2 0.7189840989399293 0.5699528301886793 0.03248233215547704 0.0989308176100629
2 0.7229946996466431 0.5412735849056604 0.027332155477031803 0.10342767295597484
2 0.8248674911660777 0.5483176100628931 0.0346113074204947 0.0961635220125786