0 0.8710865724381626 0.4987893081761007 0.019514134275618374 0.029952830188679246
2 0.7349646643109541 0.46904088050314463 0.04100706713780919 0.13657232704402517
2 0.6758038869257951 0.3204402515723271 0.03276501766784452 0.10858490566037736
2 0.6337985865724381 0.33094339622641505 0.04439929328621908 0.1295754716981132
2 0.33219081272084805 0.43987421383647796 0.045035335689045934 0.13764150943396228
2 0.22729681978798588 0.3863679245283019 0.03652826855123675 0.11374213836477988
2 0.04148409893992933 0.4064622641509434 0.030786219081272086 0.12424528301886792
2 0.014681978798586574 0.35650943396226414 0.02387809187279152 0.1312264150943396
2 0.03160777385159011 0.28699685534591196 0.02881625441696113 0.11690251572327043
2 0.13190812720848055 0.2862421383647799 0.037031802120141344 0.1332075471698113
2 0.023507067137809187 0.5305345911949686 0.042641342756183746 0.16455974842767296
2 0.025521201413427563 0.7167610062893082 0.04562720848056537 0.19732704402515724
3 0.3973409893992933 0.40187106918238996 0.0396643109540636 0.12891509433962264
2 0.9812279151943463 0.6574842767295598 0.037544169611307424 0.15916666666666668