2 0.2201766784452297 0.46121069182389934 0.034796819787985864 0.18209119496855347
2 0.16320671378091872 0.23676100628930818 0.04051236749116608 0.11738993710691824
2 0.4769787985865725 0.7638207547169812 0.05946996466431095 0.20404088050314467
2 0.44177561837455825 0.40680817610062897 0.04108657243816254 0.14273584905660378
3 0.5285600706713781 0.41042452830188675 0.029823321554770316 0.15092767295597484
2 0.5028180212014135 0.3119811320754717 0.038321554770318025 0.11509433962264151
2 0.6302208480565371 0.27872641509433965 0.03045936395759717 0.1272798742138365
2 0.7296201413427561 0.5060377358490565 0.03420494699646643 0.1467610062893082
2 0.7846289752650177 0.5607232704402516 0.05083922261484099 0.1650943396226415
2 0.8034893992932862 0.32919811320754716 0.03629858657243817 0.144874213836478
2 0.8867491166077738 0.8787893081761006 0.06238515901060071 0.22103773584905662