2 0.007553003533568905 0.2645283018867925 0.01510600706713781 0.0869811320754717
2 0.02302120141342756 0.4250786163522013 0.01760600706713781 0.1515251572327044
3 0.046333922261484105 0.5074842767295598 0.03570671378091873 0.14426100628930819
2 0.2579416961130742 0.3563522012578616 0.03948763250883393 0.12526729559748428
2 0.21241166077738516 0.5586163522012578 0.025167844522968195 0.16128930817610063
2 0.2681978798586573 0.7085062893081762 0.052420494699646644 0.1889308176100629
2 0.3683480565371025 0.2294182389937107 0.019363957597173145 0.0874056603773585
2 0.433083038869258 0.35566037735849054 0.027482332155477032 0.12069182389937108
2 0.4444434628975265 0.4412421383647799 0.03369257950530035 0.13380503144654088
2 0.5498498233215547 0.49981132075471696 0.041492932862190815 0.1389937106918239
2 0.8458833922261484 0.5282861635220126 0.02855123674911661 0.13559748427672955
2 0.7159893992932862 0.2899056603773585 0.025759717314487632 0.10037735849056605
2 0.9440459363957598 0.43306603773584906 0.03390459363957597 0.132562893081761
0 0.8191696113074205 0.48473270440251576 0.014381625441696114 0.026257861635220123