2 0.28612190812720845 0.3101729559748428 0.04338339222614841 0.12242138364779874
3 0.41202296819787987 0.2197798742138365 0.024867491166077737 0.10202830188679245
3 0.831386925795053 0.4592452830188679 0.04734982332155477 0.1344182389937107
2 0.4037720848056537 0.40580188679245277 0.04724381625441696 0.09671383647798742
2 0.4218816254416961 0.3471069182389937 0.03222614840989399 0.11770440251572327
0 0.5077296819787986 0.46213836477987424 0.029010600706713782 0.05529874213836478
2 0.523047703180212 0.43042452830188677 0.03490282685512367 0.1019496855345912
2 0.5521996466431096 0.42416666666666664 0.04106890459363958 0.10556603773584906
2 0.9382950530035337 0.3319182389937107 0.034999999999999996 0.1124685534591195
2 0.9842491166077739 0.5171540880503145 0.031510600706713784 0.15273584905660378
2 0.6841431095406361 0.7057861635220126 0.06380742049469965 0.17783018867924527
2 0.6800088339222614 0.8604088050314466 0.07166961130742049 0.2047641509433962
2 0.7858833922261484 0.2740094339622642 0.03584805653710247 0.10044025157232704