2 0.21635159010600707 0.28569182389937103 0.03643109540636043 0.14872641509433962
2 0.23902826855123674 0.5385534591194968 0.07169611307420494 0.1564308176100629
2 0.11667844522968199 0.7126729559748427 0.056386925795053 0.19955974842767296
2 0.37065371024734983 0.3348270440251572 0.050088339222614846 0.1258490566037736
2 0.5459452296819788 0.4936792452830189 0.04017667844522968 0.15641509433962264
2 0.49868374558303885 0.22982704402515722 0.04398409893992933 0.13121069182389938
2 0.620309187279152 0.41537735849056606 0.03515017667844523 0.1478616352201258
2 0.8315371024734982 0.5098427672955975 0.0492226148409894 0.15283018867924528
2 0.6904063604240283 0.3572641509433962 0.039204946996466435 0.13482704402515724
2 0.7249293286219082 0.32764150943396225 0.0427208480565371 0.14738993710691822
2 0.4969522968197879 0.6797012578616353 0.0531095406360424 0.20089622641509433
0 0.4992579505300353 0.5764308176100629 0.01967314487632509 0.024308176100628933
2 0.5948674911660777 0.22624213836477985 0.034231448763250884 0.11479559748427674
2 0.6323321554770318 0.26522012578616355 0.014946996466431097 0.10699685534591194
2 0.6481713780918729 0.28485849056603774 0.025212014134275616 0.10433962264150944
2 0.6802296819787985 0.28962264150943395 0.026157243816254415 0.09481132075471697