1 0.07704063604240283 0.5813836477987421 0.035503533568904594 0.13080188679245283
3 0.5357685512367492 0.6298270440251572 0.019558303886925796 0.10316037735849057
2 0.6028621908127209 0.6193553459119497 0.024681978798586572 0.0955817610062893
3 0.7523321554770318 0.47915094339622644 0.021952296819787987 0.07962264150943396
2 0.6662985865724381 0.5587578616352201 0.028542402826855124 0.11377358490566038
2 0.41801236749116605 0.6620911949685534 0.028339222614840988 0.11812893081761006
2 0.43663427561837453 0.6201100628930818 0.020892226148409892 0.09976415094339623
2 0.4767579505300354 0.6108018867924528 0.017499999999999998 0.11838050314465409
2 0.31890459363957596 0.6859748427672956 0.022570671378091874 0.11128930817610064
2 0.3402650176678445 0.7126415094339623 0.02174911660777385 0.11586477987421383
2 0.38548586572438165 0.6616352201257861 0.01952296819787986 0.09463836477987421
2 0.3708303886925795 0.6537264150943396 0.01573321554770318 0.0929245283018868
2 0.33824204946996467 0.634811320754717 0.012597173144876324 0.04803459119496856
2 0.39860424028268554 0.6375943396226414 0.016501766784452296 0.10764150943396225
2 0.8613339222614841 0.5463050314465409 0.02329505300353357 0.10754716981132076
2 0.9455035335689046 0.5546069182389938 0.024399293286219082 0.09812893081761005