3 0.499196113074205 0.6198584905660378 0.06493816254416962 0.1506132075471698
3 0.39965547703180215 0.27454402515723275 0.035459363957597176 0.07632075471698113
0 0.8048851590106006 0.8181918238993711 0.04380742049469965 0.06616352201257861
2 0.8338957597173146 0.7843867924528302 0.06825971731448763 0.17779874213836477
2 0.8402208480565371 0.5433490566037735 0.057950530035335686 0.15482704402515723
2 0.8821819787985866 0.4666037735849056 0.04246466431095407 0.11919811320754717
2 0.6920936395759718 0.5585534591194968 0.0408303886925795 0.12861635220125786
2 0.6426148409893994 0.5422955974842767 0.05495583038869258 0.1338679245283019
2 0.6507155477031802 0.32352201257861635 0.03758833922261484 0.1019811320754717
2 0.5374734982332156 0.4487735849056604 0.04609540636042403 0.10089622641509434
2 0.440291519434629 0.4126100628930818 0.03901060070671378 0.10404088050314465
2 0.32970848056537105 0.3725314465408805 0.045750883392226147 0.10877358490566039
2 0.2906890459363958 0.572437106918239 0.03661660777385159 0.12180817610062893
2 0.20086572438162545 0.4286006289308176 0.026581272084805655 0.10770440251572327
2 0.19040636042402825 0.560125786163522 0.03570671378091873 0.12547169811320755
2 0.05729681978798586 0.595754716981132 0.045097173144876324 0.127562893081761
2 0.04713780918727915 0.48754716981132074 0.030079505300353353 0.12183962264150942
2 0.23001766784452296 0.5910534591194969 0.03878975265017667 0.11452830188679246
2 0.234434628975265 0.5056289308176101 0.040724381625441695 0.09825471698113208