3 0.05887809187279153 0.4383018867924528 0.05159893992932862 0.14275157232704402
2 0.021793286219081272 0.7892767295597485 0.043586572438162545 0.20861635220125788
2 0.11664310954063603 0.4803301886792453 0.062022968197879856 0.11454402515723269
2 0.36753533568904595 0.6629874213836479 0.05087455830388693 0.1879874213836478
2 0.35078621908127205 0.4443867924528302 0.049611307420494695 0.10751572327044025
2 0.30020318021201414 0.3688207547169811 0.05215547703180212 0.1310062893081761
2 0.4361395759717314 0.4756761006289308 0.039531802120141346 0.12270440251572327
2 0.4056625441696113 0.41944968553459117 0.03884275618374558 0.097562893081761
2 0.4979505300353356 0.41471698113207545 0.03560954063604241 0.13297169811320753
2 0.5677296819787986 0.5296698113207547 0.05605123674911661 0.11844339622641509
2 0.6150971731448763 0.4405188679245283 0.03865724381625441 0.11724842767295597
2 0.5697703180212015 0.34040880503144655 0.03068904593639576 0.10408805031446541
2 0.5921819787985866 0.3280660377358491 0.0418904593639576 0.10683962264150944
0 0.5459452296819788 0.4841666666666667 0.0278886925795053 0.04988993710691824