3 0.6205300353356891 0.21531446540880503 0.03197879858657244 0.09625786163522013
2 0.5000795053003534 0.2913050314465409 0.05257067137809187 0.10985849056603775
2 0.3603356890459364 0.5320754716981132 0.054010600706713784 0.16059748427672957
2 0.22707597173144878 0.527625786163522 0.0436660777385159 0.15482704402515723
2 0.6156713780918729 0.3788050314465409 0.03816254416961131 0.12135220125786164
2 0.6532067137809187 0.3971698113207547 0.05459363957597173 0.1312264150943396
2 0.9382950530035337 0.3177672955974843 0.03854240282685512 0.11561320754716982
2 0.8107773851590105 0.7039465408805031 0.044982332155477034 0.18358490566037736
2 0.762773851590106 0.7707704402515723 0.06912544169611308 0.20084905660377358
1 0.06436395759717314 0.33897798742138363 0.045097173144876324 0.14861635220125785
0 0.45707597173144876 0.33663522012578617 0.02664310954063604 0.05272012578616352