0 0.1410600706713781 0.7167138364779874 0.017208480565371026 0.024261006289308176
2 0.02629858657243816 0.6430188679245282 0.051095406360424034 0.1770125786163522
2 0.22751766784452299 0.36595911949685533 0.027897526501766783 0.12033018867924529
3 0.31869257950530033 0.2073427672955975 0.03517667844522968 0.09468553459119497
2 0.7213250883392226 0.25910377358490566 0.024514134275618375 0.1010062893081761
2 0.5183480565371025 0.4847955974842767 0.0361660777385159 0.16932389937106918
2 0.49218197879858655 0.6260534591194968 0.04486749116607774 0.15737421383647798
2 0.6117226148409894 0.5315880503144653 0.043719081272084806 0.15732704402515724
2 0.6218904593639576 0.7861477987421384 0.04729681978798587 0.1774056603773585
2 0.7627296819787985 0.6019182389937107 0.037226148409893994 0.14531446540880502
2 0.9200088339222615 0.3915094339622642 0.038003533568904596 0.12283018867924529
2 0.975803886925795 0.5902830188679246 0.04680212014134275 0.14586477987421384
2 0.9770053003533569 0.762751572327044 0.04598939929328622 0.17062893081761005