2 0.06090989399293287 0.5734119496855345 0.06264134275618374 0.17871069182389937
2 0.2775441696113074 0.7916352201257862 0.049434628975265016 0.21102201257861636
2 0.4265371024734982 0.7646069182389937 0.05148409893992933 0.20691823899371067
2 0.3256802120141343 0.5447955974842768 0.05131625441696113 0.14872641509433962
2 0.4155123674911661 0.39366352201257865 0.04367491166077738 0.09424528301886792
3 0.49344522968197885 0.3714622641509434 0.03205830388692579 0.10814465408805031
2 0.6512544169611307 0.49880503144654087 0.03661660777385159 0.12970125786163522
2 0.6268374558303887 0.3796540880503145 0.04318021201413428 0.10433962264150944
2 0.7445406360424028 0.4758176100628931 0.03302120141342756 0.12183962264150942
2 0.7918021201413428 0.6259119496855345 0.04317137809187279 0.14632075471698114
2 0.7910512367491166 0.44701257861635224 0.0265547703180212 0.12026729559748427
2 0.7512720848056538 0.402625786163522 0.03263250883392226 0.10322327044025158
2 0.9337632508833922 0.42694968553459123 0.032906360424028266 0.10220125786163523