0 0.7496643109540636 0.5506918238993711 0.029363957597173147 0.0730817610062893
3 0.35753533568904594 0.3830031446540881 0.039575971731448764 0.13602201257861635
2 0.16596289752650176 0.5174056603773585 0.053957597173144876 0.13754716981132076
2 0.10190812720848057 0.18022012578616353 0.0265547703180212 0.10779874213836478
2 0.31129858657243814 0.5150471698113207 0.0531095406360424 0.15484276729559748
2 0.39507950530035335 0.4535062893081761 0.05318021201413428 0.15377358490566037
2 0.4818109540636042 0.5784905660377359 0.051104240282685516 0.1774056603773585
2 0.676183745583039 0.3253930817610063 0.04398409893992933 0.14272012578616353
2 0.8891077738515901 0.41132075471698115 0.03863074204946996 0.14066037735849055
2 0.8714399293286219 0.5244811320754716 0.03557420494699647 0.16111635220125786
2 0.9324028268551237 0.7466666666666667 0.0585600706713781 0.19037735849056603
2 0.4759275618374558 0.3070283018867925 0.05727031802120141 0.12871069182389938
2 0.45649293286219084 0.2132232704402516 0.04666961130742049 0.1235062893081761
2 0.2962809187279152 0.3515566037735849 0.04780918727915194 0.14232704402515722