2 0.42537102473498234 0.37011006289308174 0.025697879858657242 0.09226415094339623
3 0.42511484098939933 0.322562893081761 0.021457597173144875 0.09694968553459118
2 0.2861484098939929 0.44537735849056603 0.031325088339222616 0.13855345911949687
2 0.3767756183745583 0.35735849056603775 0.03440812720848057 0.1088993710691824
2 0.5250883392226148 0.33520440251572325 0.02952296819787986 0.10004716981132075
2 0.5241519434628975 0.6165566037735849 0.03637809187279152 0.15492138364779875
2 0.6840724381625441 0.5438364779874214 0.047226148409893996 0.15141509433962264
2 0.7644964664310954 0.5316352201257861 0.04362190812720848 0.1558490566037736
2 0.7109275618374559 0.4059119496855346 0.03491166077738516 0.11504716981132075
2 0.7372703180212015 0.417437106918239 0.024063604240282685 0.10262578616352201
2 0.8638427561837456 0.3880660377358491 0.03673144876325088 0.11705974842767296
2 0.7675441696113074 0.36522012578616353 0.026051236749116607 0.102437106918239
2 0.7816872791519435 0.3602358490566038 0.030662544169611308 0.11242138364779874