2 0.23868374558303887 0.5375471698113208 0.03603356890459364 0.14190251572327045
2 0.11030035335689047 0.5144811320754716 0.03689929328621908 0.1320440251572327
2 0.027491166077738518 0.545062893081761 0.037226148409893994 0.12066037735849056
2 0.02501766784452297 0.472374213836478 0.035194346289752654 0.09187106918238994
2 0.24064487632508835 0.43089622641509434 0.028312720848056534 0.09180817610062893
2 0.4263162544169611 0.5991981132075471 0.06049469964664311 0.16157232704402516
2 0.4598586572438162 0.32349056603773585 0.03878975265017667 0.07650943396226415
2 0.6190194346289752 0.41573899371069184 0.044151943462897525 0.11591194968553459
2 0.5968992932862192 0.29485849056603775 0.04067137809187279 0.09437106918238994
2 0.7314664310954063 0.4202672955974843 0.04196996466431095 0.12237421383647798
2 0.7303710247349823 0.7843238993710692 0.03833038869257951 0.16135220125786165
2 0.8561395759717314 0.3438364779874214 0.039514134275618375 0.11976415094339624