2 0.9356272084805655 0.6586477987421383 0.046634275618374556 0.1780188679245283
2 0.8620229681978798 0.7431918238993711 0.059169611307420496 0.18952830188679246
2 0.6700706713780918 0.7374528301886792 0.05919611307420495 0.16949685534591194
2 0.6946996466431096 0.5527672955974843 0.04687279151943463 0.15122641509433962
2 0.7981713780918728 0.44776729559748424 0.04693462897526502 0.172437106918239
2 0.6987367491166078 0.3938993710691824 0.0462809187279152 0.15547169811320755
2 0.6309452296819789 0.5338050314465409 0.04253533568904593 0.1492610062893082
2 0.5789487632508834 0.4050471698113208 0.039567137809187275 0.14522012578616353
2 0.5093904593639575 0.267625786163522 0.0322791519434629 0.1341509433962264
2 0.46753533568904593 0.2893867924528302 0.0313339222614841 0.11256289308176101
3 0.4083480565371025 0.495377358490566 0.05632508833922261 0.13066037735849056
2 0.3624558303886926 0.6839622641509434 0.05499116607773852 0.14471698113207548
2 0.39574204946996466 0.8027830188679245 0.04074204946996466 0.17683962264150943
2 0.4170053003533569 0.7784591194968554 0.05824204946996467 0.1556132075471698
0 0.5401766784452297 0.7786477987421384 0.023604240282685512 0.056650943396226415
2 0.11720848056537103 0.6067610062893082 0.07976148409893993 0.1940880503144654