2 0.23019434628975263 0.4562421383647799 0.03477031802120141 0.12106918238993711
2 0.30351590106007065 0.37078616352201255 0.04176678445229682 0.11114779874213836
2 0.4156272084805654 0.31400943396226416 0.02161660777385159 0.10492138364779875
2 0.42109540636042403 0.4682547169811321 0.030962897526501765 0.11965408805031445
2 0.45916961130742046 0.4624528301886793 0.024584805653710247 0.12220125786163522
2 0.4899381625441696 0.5479088050314466 0.022659010600706714 0.12081761006289309
2 0.5323233215547704 0.5443867924528302 0.026492932862190812 0.1391666666666667
0 0.5943109540636042 0.31951257861635224 0.015574204946996465 0.028364779874213836
2 0.5924823321554771 0.671933962264151 0.03571554770318021 0.17113207547169812
2 0.6529151943462898 0.644811320754717 0.03915194346289753 0.1507861635220126
2 0.6694876325088339 0.40525157232704406 0.03263250883392226 0.11229559748427673
2 0.7584363957597172 0.5871855345911949 0.03121024734982332 0.13720125786163523
2 0.8155742049469965 0.46838050314465407 0.03598939929328622 0.12558176100628932
2 0.9142314487632509 0.5398584905660377 0.042879858657243815 0.1272955974842767