2 0.14674911660777384 0.3290566037735849 0.031934628975265014 0.10872641509433963
2 0.3501060070671378 0.7165408805031447 0.064160777385159 0.1854245283018868
2 0.5651590106007067 0.39720125786163524 0.048798586572438164 0.10042452830188679
2 0.6042579505300353 0.33375786163522014 0.03940812720848057 0.12405660377358492
2 0.8076766784452296 0.40270440251572326 0.04455830388692579 0.10875786163522012
2 0.8337190812720848 0.2867138364779874 0.03472614840989399 0.09984276729559749
2 0.8239752650176678 0.6689622641509434 0.05299469964664311 0.1736006289308176
2 0.9514929328621907 0.3559433962264151 0.028666077738515903 0.11196540880503143
2 0.915494699646643 0.33632075471698114 0.03669611307420494 0.09959119496855347
2 0.47928445229681976 0.2580660377358491 0.03510600706713781 0.09220125786163522
2 0.4220141342756184 0.2808490566037736 0.028339222614840988 0.08501572327044025
3 0.4239399293286219 0.22201257861635218 0.02950530035335689 0.07605345911949685
0 0.5207862190812721 0.2925 0.009151943462897527 0.019528301886792453