2 0.20458480565371026 0.6965251572327044 0.041934628975265016 0.14633647798742136
2 0.2643816254416961 0.6576100628930818 0.050450530035335686 0.16610062893081762
2 0.3466872791519435 0.5393396226415094 0.04635159010600707 0.13227987421383647
2 0.4067314487632509 0.5601100628930817 0.051148409893992934 0.13878930817610063
2 0.46922261484098937 0.4491194968553459 0.039761484098939925 0.10446540880503144
2 0.6212190812720848 0.4033176100628931 0.030229681978798585 0.09794025157232704
2 0.5731625441696113 0.38855345911949685 0.0353356890459364 0.09344339622641509
2 0.6302826855123675 0.5888993710691824 0.04132508833922262 0.12127358490566037
2 0.689964664310954 0.5052987421383648 0.036969964664310954 0.12426100628930818
2 0.7964664310954064 0.4690094339622642 0.03204063604240283 0.09671383647798742
3 0.6514134275618374 0.36514150943396223 0.023127208480565372 0.09418238993710691
2 0.9889929328621908 0.47026729559748426 0.02202296819787986 0.12424528301886792
3 0.8935159010600707 0.5262106918238993 0.03635159010600707 0.12852201257861634
2 0.7431360424028268 0.3905503144654088 0.03363957597173145 0.06740566037735848
2 0.7589487632508833 0.37803459119496857 0.02448763250883392 0.07240566037735849