2 0.9111395759717316 0.6824528301886793 0.04688162544169611 0.13635220125786163
2 0.9729063604240282 0.5509119496855346 0.016545936395759717 0.1390251572327044
2 0.7716342756183746 0.6442295597484277 0.035521201413427565 0.12471698113207547
2 0.7815636042402827 0.6250314465408805 0.024408127208480564 0.12683962264150944
2 0.7772349823321555 0.4978301886792453 0.026678445229681977 0.09767295597484277
2 0.7846024734982332 0.4295597484276729 0.028674911660777385 0.10209119496855347
2 0.656422261484099 0.6842295597484277 0.042703180212014136 0.12856918238993711
2 0.648321554770318 0.6080974842767296 0.03924028268551237 0.11242138364779874
2 0.495839222614841 0.643191823899371 0.03560954063604241 0.1275314465408805
2 0.47613074204947 0.5367610062893081 0.01894876325088339 0.10259433962264151
2 0.4206095406360424 0.6056761006289307 0.02588339222614841 0.12279874213836477
2 0.3626590106007067 0.46369496855345915 0.02870141342756184 0.09584905660377359
3 0.3578798586572438 0.595062893081761 0.020053003533568904 0.10904088050314464
2 0.3661660777385159 0.5849528301886792 0.01659893992932862 0.10985849056603775
0 0.32920494699646646 0.39360062893081765 0.012773851590106008 0.03018867924528302
3 0.2864664310954063 0.3367452830188679 0.021068904593639578 0.08172955974842767
2 0.22591872791519435 0.5694654088050315 0.04836572438162544 0.1339937106918239
2 0.22551236749116607 0.7158962264150943 0.03389575971731448 0.1546383647798742
2 0.22501766784452296 0.4328459119496856 0.03562720848056537 0.11353773584905659
2 0.1677826855123675 0.5628773584905661 0.039514134275618375 0.13702830188679246
2 0.09128091872791519 0.5116194968553459 0.02943462897526502 0.11389937106918238
2 0.07307420494699647 0.6328616352201258 0.04036219081272085 0.13440251572327044