2 0.9665459363957598 0.7584591194968553 0.06690812720848056 0.2010691823899371
2 0.8887455830388692 0.432374213836478 0.06346289752650176 0.14144654088050312
2 0.9729416961130741 0.2818238993710692 0.03049469964664311 0.1397012578616352
2 0.7742932862190812 0.5872327044025157 0.04963780918727915 0.12943396226415094
2 0.6780918727915195 0.52187106918239 0.05629858657243816 0.157562893081761
3 0.7483303886925795 0.3870125786163522 0.03203180212014134 0.1261006289308176
2 0.7289399293286218 0.34753144654088053 0.03787102473498233 0.12856918238993711
2 0.4693727915194347 0.32069182389937106 0.04843639575971731 0.1461635220125786
0 0.4340812720848056 0.6573899371069183 0.02019434628975265 0.043726415094339624
2 0.23044169611307422 0.5175157232704403 0.06022968197879859 0.17531446540880502
2 0.2508038869257951 0.7178616352201258 0.06434628975265018 0.18501572327044025
2 0.1261219081272085 0.7512421383647799 0.057526501766784456 0.21105345911949683
2 0.1793992932862191 0.20127358490566036 0.03896643109540636 0.1467610062893082