1 0.5071819787985866 0.3956918238993711 0.035379858657243815 0.13660377358490566
0 0.13803886925795053 0.7115880503144654 0.023065371024734983 0.05415094339622641
3 0.6780918727915195 0.7746540880503144 0.04024734982332156 0.17212264150943396
2 0.19868374558303886 0.6550471698113208 0.07651060070671378 0.13227987421383647
2 0.26390459363957597 0.7068553459119497 0.0436660777385159 0.1280503144654088
2 0.2703798586572438 0.6715094339622641 0.06840106007067139 0.13526729559748427
2 0.4687367491166078 0.6402830188679246 0.03921378091872792 0.14022012578616352
2 0.49608657243816257 0.5454088050314465 0.041731448763250883 0.13474842767295597
2 0.6290282685512367 0.5926572327044025 0.03742932862190813 0.15283018867924528
2 0.733047703180212 0.7037106918238993 0.05946996466431095 0.1607075471698113
2 0.716386925795053 0.5455188679245283 0.04635159010600707 0.1334433962264151
2 0.7393639575971732 0.4733333333333334 0.026651943462897527 0.13888364779874213
2 0.8471466431095407 0.4264465408805032 0.038515901060070676 0.12602201257861637
2 0.9173409893992933 0.44966981132075473 0.031625441696113074 0.1335062893081761
2 0.9503710247349823 0.642814465408805 0.059805653710247354 0.14526729559748428
2 0.9861219081272085 0.5686792452830188 0.027765017667844522 0.15578616352201258