3 0.21697879858657243 0.36592767295597484 0.049814487632508835 0.1559119496855346
0 0.616457597173145 0.4892138364779874 0.025954063604240282 0.05658805031446541
2 0.0645583038869258 0.23995283018867927 0.05794169611307421 0.14207547169811321
2 0.028595406360424028 0.5062578616352201 0.057190812720848055 0.16257861635220128
2 0.24447879858657243 0.793003144654088 0.09977031802120141 0.2463836477987421
2 0.5282597173144876 0.597877358490566 0.04894876325088339 0.18407232704402515
2 0.3977120141342756 0.47490566037735854 0.03268551236749117 0.16212264150943395
2 0.5020494699646644 0.34294025157232705 0.05323321554770318 0.10888364779874214
2 0.5234805653710247 0.39968553459119494 0.04624558303886926 0.12481132075471697
2 0.5586660777385158 0.4641981132075472 0.050591872791519436 0.12520440251572326
2 0.5730565371024735 0.44834905660377355 0.035768551236749116 0.12677672955974842
2 0.7240547703180212 0.5139779874213837 0.06365724381625441 0.13382075471698113
2 0.6978975265017667 0.2451729559748428 0.04124558303886926 0.10404088050314465
2 0.7282950530035335 0.27599056603773586 0.04223498233215548 0.1080188679245283
2 0.7843551236749117 0.3463679245283019 0.05842756183745583 0.14454402515723272
2 0.9411395759717314 0.4205188679245283 0.04681095406360424 0.1309748427672956