2 0.4411749116607774 0.27767295597484276 0.03371024734982332 0.11405660377358491
2 0.30879858657243814 0.512940251572327 0.050954063604240284 0.15135220125786164
2 0.49173144876325087 0.3811006289308176 0.045618374558303885 0.12946540880503146
2 0.5781448763250884 0.5013679245283019 0.03420494699646643 0.12822327044025156
2 0.8179946996466432 0.6062735849056603 0.051263250883392224 0.16567610062893082
2 0.6552473498233216 0.4487106918238994 0.04045936395759717 0.13303459119496855
2 0.6444876325088339 0.6379874213836478 0.059293286219081275 0.15490566037735848
2 0.7590282685512367 0.811493710691824 0.08395759717314488 0.19072327044025156
2 0.8511660777385159 0.3585691823899371 0.03421378091872791 0.11550314465408804
2 0.9134805653710247 0.31927672955974845 0.029743816254416963 0.10635220125786164
2 0.8443639575971732 0.23504716981132076 0.026148409893992933 0.09349056603773585
1 0.020865724381625442 0.3310377358490566 0.03368374558303887 0.12405660377358492
3 0.6564664310954064 0.1831132075471698 0.026607773851590105 0.08232704402515723
0 0.325547703180212 0.5683962264150944 0.022879858657243814 0.030235849056603776