2 0.3999469964664311 0.384559748427673 0.06482332155477032 0.14889937106918238
2 0.3708303886925795 0.6791194968553459 0.06328621908127209 0.1324685534591195
2 0.25474381625441694 0.6672012578616352 0.06051236749116608 0.14531446540880502
2 0.21751766784452295 0.5348270440251572 0.05047703180212014 0.16040880503144653
2 0.3009982332155477 0.5736006289308176 0.0525 0.1416194968553459
2 0.36825971731448764 0.5781761006289309 0.04782685512367491 0.11408805031446541
2 0.6520229681978799 0.28064465408805034 0.045750883392226147 0.11078616352201257
2 0.7288074204946996 0.5882861635220126 0.04468197879858657 0.15262578616352201
2 0.7985070671378092 0.6068553459119497 0.05779151943462898 0.1485062893081761
2 0.7686219081272085 0.4384748427672956 0.028939929328621907 0.13286163522012578
2 0.7427473498233215 0.4262735849056604 0.02597173144876325 0.1229245283018868
3 0.9805830388692579 0.5229088050314465 0.0388339222614841 0.1295125786163522
3 0.7704946996466432 0.13770440251572327 0.02311837455830389 0.08188679245283019
2 0.12942579505300353 0.5067924528301887 0.050830388692579505 0.1554874213836478