0 0.5216166077738517 0.3704088050314466 0.01280035335689046 0.01660377358490566
2 0.4910159010600707 0.38507861635220125 0.027526501766784454 0.11017295597484275
2 0.5418639575971731 0.3586006289308176 0.013471731448763251 0.09930817610062892
2 0.5547614840989399 0.3778616352201258 0.02295053003533569 0.08811320754716981
3 0.7081978798586572 0.31108490566037733 0.030017667844522967 0.09509433962264151
2 0.6393904593639576 0.6871383647798742 0.045477031802120135 0.15828616352201258
2 0.7765194346289752 0.4557075471698113 0.042199646643109545 0.12960691823899373
2 0.8648233215547704 0.7605503144654088 0.060759717314487635 0.17218553459119498
2 0.8657067137809188 0.449874213836478 0.028922261484098943 0.12235849056603773
2 0.8743639575971731 0.38396226415094337 0.027553003533568907 0.11238993710691825
2 0.9007067137809187 0.3955503144654088 0.0317756183745583 0.12583333333333332
3 0.8975530035335689 0.5045911949685535 0.028118374558303884 0.13594339622641508