2 0.10734982332155477 0.4668553459119497 0.06731448763250884 0.1906446540880503
2 0.38434628975265017 0.6416823899371069 0.05224381625441696 0.16221698113207547
2 0.6148939929328622 0.27078616352201257 0.04130742049469965 0.09721698113207547
2 0.44015017667844525 0.3830503144654088 0.04060070671378092 0.1303930817610063
2 0.6861395759717315 0.39922955974842766 0.042190812720848056 0.05737421383647799
2 0.7260689045936396 0.3695754716981132 0.03292402826855124 0.0920125786163522
2 0.8286837455830389 0.32652515723270437 0.0261660777385159 0.10294025157232704
3 0.8436925795053003 0.3795911949685534 0.02243816254416961 0.11512578616352201
2 0.5482155477031803 0.41701257861635227 0.037164310954063605 0.1314622641509434
2 0.5081625441696113 0.3956918238993711 0.03493816254416961 0.1272955974842767
2 0.3331007067137809 0.32290880503144653 0.03871024734982332 0.11264150943396227
3 0.3212897526501767 0.21455974842767297 0.022879858657243814 0.09768867924528302