2 0.42553886925795054 0.48275157232704397 0.028030035335689048 0.1131446540880503
2 0.6206625441696113 0.6262578616352201 0.04280918727915194 0.12498427672955974
2 0.3306625441696113 0.5792138364779874 0.038109540636042404 0.13020440251572327
2 0.3625088339222615 0.6113522012578616 0.02712014134275618 0.1311949685534591
2 0.6686484098939929 0.5307547169811321 0.03571554770318021 0.127248427672956
3 0.8741077738515901 0.5489308176100629 0.027014134275618374 0.1144811320754717
2 0.8080742049469964 0.4887264150943396 0.0226678445229682 0.09147798742138365
2 0.9102738515901061 0.4964622641509434 0.024858657243816255 0.11070754716981132
2 0.7775795053003534 0.43982704402515727 0.028374558303886924 0.08223270440251572
2 0.7046201413427562 0.4319182389937107 0.02113957597173145 0.08147798742138365
2 0.7508657243816255 0.4426572327044025 0.02681095406360424 0.08411949685534591
0 0.7521466431095406 0.4716666666666667 0.006510600706713781 0.014858490566037734
2 0.2585865724381626 0.7199213836477988 0.028454063604240284 0.16117924528301888
3 0.6330123674911661 0.4201729559748428 0.022623674911660778 0.09669811320754718
2 0.6550971731448764 0.43658805031446546 0.01676678445229682 0.09058176100628931