1 0.10795936395759717 0.5485377358490566 0.05036219081272084 0.10727987421383649
2 0.23289752650176676 0.6472327044025157 0.05225265017667845 0.1703301886792453
3 0.747226148409894 0.592877358490566 0.03864840989399293 0.1767610062893082
2 0.7241166077738517 0.4324056603773585 0.027879858657243815 0.09998427672955976
3 0.7307508833922262 0.40283018867924525 0.02847173144876325 0.0845125786163522
2 0.9696996466431096 0.4767924528301887 0.029567137809187276 0.11729559748427672
2 0.913886925795053 0.4644182389937107 0.03773851590106007 0.13520440251572327
2 0.7406095406360425 0.45705974842767294 0.023515901060070673 0.1104874213836478
2 0.6804946996466431 0.5353616352201258 0.029355123674911658 0.13276729559748426
2 0.6339752650176678 0.48061320754716985 0.029690812720848055 0.12157232704402515
2 0.5554505300353356 0.5071540880503145 0.03762367491166078 0.14281446540880502
2 0.5977385159010601 0.7105345911949685 0.032703180212014134 0.1492767295597484
2 0.6476855123674912 0.6770911949685534 0.054787985865724385 0.1475
2 0.3965636042402827 0.5867138364779874 0.04202296819787986 0.13712264150943396
2 0.3628798586572438 0.6007704402515723 0.050909893992932866 0.12229559748427674
2 0.3366519434628975 0.5570283018867924 0.0653886925795053 0.06803459119496856
2 0.3406625441696113 0.521996855345912 0.0430565371024735 0.10045597484276729
0 0.3112544169611307 0.49940251572327043 0.01146643109540636 0.03867924528301887