0 0.4379946996466431 0.3634905660377359 0.014796819787985865 0.0335377358490566
3 0.514690812720848 0.29992138364779874 0.020238515901060072 0.08591194968553459
3 0.5513604240282686 0.5711792452830189 0.03079505300353357 0.1092924528301887
2 0.8521643109540635 0.5122798742138365 0.04874558303886926 0.13533018867924526
2 0.8254240282685512 0.35955974842767296 0.025212014134275616 0.07732704402515723
2 0.7827650176678446 0.44298742138364783 0.02330388692579505 0.11284591194968553
2 0.7665724381625442 0.5816352201257862 0.028339222614840988 0.13891509433962262
2 0.7266872791519434 0.47812893081761004 0.02771201413427562 0.1115880503144654
2 0.6294964664310955 0.6734748427672955 0.05360424028268551 0.13605345911949684
2 0.7023056537102473 0.7570911949685535 0.04310070671378092 0.14531446540880502
2 0.5239399293286219 0.38231132075471697 0.01573321554770318 0.08666666666666666
2 0.521916961130742 0.5090408805031447 0.019779151943462896 0.1048427672955975
2 0.503922261484099 0.5156918238993711 0.017844522968197878 0.10864779874213835
2 0.41274734982332156 0.5007232704402516 0.05524734982332155 0.1214937106918239
2 0.39558303886925794 0.4796383647798742 0.022261484098939927 0.10188679245283018
2 0.3904416961130742 0.3861792452830189 0.019991166077738515 0.10639937106918239
2 0.2901501766784452 0.47800314465408805 0.03848056537102474 0.13430817610062892
2 0.31325971731448765 0.5811635220125786 0.02324204946996466 0.12188679245283018
2 0.26921378091872794 0.6134591194968554 0.028003533568904594 0.1234748427672956