3 0.6560335689045936 0.34121069182389935 0.03637809187279152 0.10946540880503146
3 0.6796731448763251 0.5089465408805032 0.033224381625441696 0.14188679245283017
2 0.6938250883392226 0.5249685534591195 0.05028268551236749 0.06113207547169812
2 0.7924381625441695 0.440062893081761 0.031872791519434625 0.13844339622641508
2 0.9388074204946997 0.5044496855345911 0.035123674911660775 0.14278301886792452
2 0.6196024734982332 0.5997641509433962 0.04658127208480565 0.1581446540880503
2 0.6045848056537102 0.5102358490566038 0.03329505300353357 0.15083333333333335
2 0.6444611307420495 0.48430817610062893 0.03623674911660778 0.12702830188679246
2 0.5584628975265017 0.4546069182389937 0.028683745583038867 0.1359748427672956
2 0.4667932862190812 0.49 0.043268551236749116 0.12965408805031445
2 0.5133127208480566 0.6237578616352201 0.044726148409893994 0.1605817610062893
2 0.3941696113074205 0.48448113207547167 0.025035335689045937 0.13088050314465408
2 0.3654681978798586 0.48168238993710694 0.033604240282685514 0.13929245283018868
2 0.29808303886925797 0.5042767295597484 0.037667844522968195 0.14594339622641508