3 0.3201148409893993 0.269937106918239 0.025141342756183745 0.097437106918239
2 0.2920671378091873 0.4152358490566037 0.03339222614840989 0.11900943396226414
2 0.1381713780918728 0.577625786163522 0.03826855123674912 0.15608490566037736
2 0.390291519434629 0.4788364779874214 0.027526501766784454 0.13235849056603774
2 0.4165106007067138 0.41366352201257856 0.026148409893992933 0.122625786163522
2 0.531952296819788 0.2955503144654088 0.023957597173144878 0.10297169811320754
2 0.5030477031802121 0.5532075471698112 0.029955830388692577 0.13751572327044023
2 0.5601413427561838 0.4870597484276729 0.032402826855123676 0.13106918238993712
2 0.5831890459363958 0.8098742138364781 0.037084805653710244 0.177625786163522
2 0.6840901060070671 0.42529874213836477 0.03257950530035336 0.12018867924528301
2 0.7264310954063604 0.42408805031446545 0.040141342756183744 0.14345911949685533
2 0.8139134275618375 0.3722641509433962 0.04171378091872791 0.11078616352201257
3 0.954708480565371 0.41908805031446544 0.031431095406360424 0.10776729559748428