1 0.01993816254416961 0.47544025157232706 0.03826855123674912 0.13007861635220128
3 0.7385600706713781 0.3622955974842767 0.02736749116607774 0.0845125786163522
2 0.9923498233215547 0.6090094339622641 0.015291519434628973 0.15229559748427673
2 0.9012544169611307 0.45605345911949685 0.04950530035335689 0.12933962264150944
2 0.8376766784452296 0.5142924528301887 0.04525618374558304 0.12691823899371069
2 0.8206448763250883 0.5517295597484276 0.052606007067137805 0.11858490566037735
2 0.8052826855123675 0.6393238993710691 0.040591872791519434 0.15822327044025156
2 0.7110512367491166 0.4508176100628931 0.03781802120141343 0.11888364779874214
2 0.6514752650176678 0.39449685534591195 0.04692579505300353 0.09657232704402516
2 0.5698674911660778 0.40209119496855344 0.0359982332155477 0.11177672955974843
2 0.6071996466431095 0.5603301886792453 0.04252650176678445 0.12388364779874214
2 0.6357862190812721 0.5086163522012579 0.040918727915194346 0.13223270440251572
2 0.525839222614841 0.560314465408805 0.04679328621908127 0.1524056603773585
2 0.39590989399293286 0.6864150943396227 0.03810070671378092 0.15495283018867925
2 0.31068904593639574 0.7824528301886792 0.05200530035335689 0.15679245283018867