2 0.8000971731448764 0.7100157232704403 0.03541519434628976 0.14488993710691825
0 0.8258303886925795 0.7616509433962264 0.012818021201413428 0.022547169811320756
2 0.526095406360424 0.4230503144654088 0.029893992932862195 0.11235849056603772
2 0.522243816254417 0.519245283018868 0.0340017667844523 0.10926100628930817
2 0.520856890459364 0.6548584905660377 0.05157243816254417 0.14589622641509434
2 0.5981537102473499 0.6982861635220126 0.062473498233215546 0.1394811320754717
2 0.707243816254417 0.7455974842767296 0.04212897526501767 0.15089622641509434
2 0.7438162544169611 0.6440408805031447 0.0343904593639576 0.14528301886792452
1 0.8258127208480566 0.34679245283018867 0.03446113074204947 0.10122641509433962
2 0.821077738515901 0.533443396226415 0.038515901060070676 0.12261006289308177
2 0.809416961130742 0.616808176100629 0.0456095406360424 0.09383647798742138
2 0.31412544169611306 0.4118238993710692 0.03350706713780919 0.12602201257861637
2 0.2535689045936396 0.37262578616352204 0.037438162544169616 0.10174528301886791
3 0.139452296819788 0.6597955974842767 0.0475 0.1467138364779874
2 0.023648409893992934 0.5448899371069182 0.035583038869257955 0.14248427672955977