2 0.42439045936395764 0.25671383647798746 0.031934628975265014 0.10358490566037735
2 0.33250883392226144 0.3329559748427673 0.03191696113074205 0.1019811320754717
2 0.10044169611307421 0.4275471698113208 0.030680212014134272 0.14963836477987422
2 0.17685512367491166 0.5119339622641509 0.055 0.15327044025157233
2 0.5578003533568904 0.3622955974842767 0.03373674911660777 0.13550314465408805
2 0.6485070671378091 0.4222955974842767 0.04907243816254417 0.13286163522012578
2 0.7280212014134275 0.6641352201257862 0.056157243816254414 0.14797169811320754
2 0.8069434628975265 0.49985849056603776 0.04086572438162544 0.14960691823899372
2 0.8726148409893992 0.5003773584905661 0.048533568904593635 0.1380817610062893
2 0.8667314487632509 0.30806603773584906 0.029681978798586573 0.09937106918238994
2 0.8578886925795053 0.22737421383647802 0.022614840989399296 0.08891509433962264
2 0.4214487632508834 0.7770597484276729 0.06492049469964664 0.17570754716981132
0 0.20498233215547704 0.6596855345911949 0.026581272084805655 0.0604559748427673
3 0.5047879858657244 0.19017295597484277 0.047853356890459366 0.09627358490566038