1 0.08441696113074205 0.4551415094339623 0.04069787985865724 0.13998427672955974
2 0.373303886925795 0.45327044025157226 0.04174911660777385 0.14660377358490564
0 0.4057950530035336 0.3831132075471698 0.013719081272084805 0.016619496855345913
2 0.45333038869257947 0.3491666666666667 0.03204063604240283 0.09775157232704403
2 0.42096289752650173 0.3458490566037736 0.028931095406360425 0.08284591194968553
3 0.5137809187279152 0.3092138364779874 0.028515901060070674 0.10891509433962264
2 0.5685159010600707 0.44768867924528305 0.02870141342756184 0.1085377358490566
2 0.5860070671378091 0.3770125786163522 0.029964664310954067 0.10583333333333333
2 0.647773851590106 0.35165094339622643 0.02441696113074205 0.11514150943396227
2 0.7452473498233215 0.43899371069182386 0.03101590106007067 0.12012578616352203
2 0.690565371024735 0.38363207547169814 0.02978798586572438 0.11493710691823898
2 0.713577738515901 0.33394654088050313 0.024646643109540636 0.10663522012578615
2 0.8290194346289753 0.6074842767295597 0.04856007067137809 0.1590880503144654
2 0.8924204946996467 0.5208647798742138 0.03816254416961131 0.1534748427672956
2 0.6229858657243816 0.7659119496855346 0.036475265017667846 0.19242138364779873