2 0.14705830388692578 0.7328616352201258 0.06471731448763252 0.21624213836477987
0 0.19468197879858656 0.7895911949685535 0.021113074204946996 0.039795597484276725
2 0.32234982332155476 0.4641037735849057 0.04870141342756184 0.15828616352201258
2 0.2915724381625442 0.27540880503144655 0.048992932862190815 0.15825471698113208
3 0.44065371024734984 0.34943396226415097 0.03712014134275619 0.1575314465408805
2 0.4910247349823322 0.22283018867924528 0.039452296819787985 0.12272012578616352
2 0.6169611307420495 0.6233333333333333 0.053904593639575976 0.19353773584905662
2 0.5579770318021201 0.2269182389937107 0.028462897526501767 0.12779874213836478
2 0.6050265017667844 0.2916037735849057 0.03025618374558304 0.1407861635220126
2 0.6305212014134276 0.24789308176100627 0.027217314487632507 0.11303459119496856
2 0.6614840989399293 0.3047169811320755 0.035132508833922264 0.1280188679245283
2 0.712226148409894 0.4003616352201258 0.04536219081272085 0.10636792452830189
2 0.7278621908127209 0.28861635220125786 0.029540636042402826 0.12377358490566037
2 0.7399911660777385 0.3462578616352201 0.027623674911660775 0.11787735849056603
2 0.7656272084805654 0.34628930817610065 0.03109540636042403 0.12751572327044025
2 0.9046378091872791 0.45273584905660375 0.04617491166077739 0.15683962264150944
2 0.9015547703180211 0.7075943396226415 0.06126325088339222 0.20037735849056604