2 0.588268551236749 0.825251572327044 0.050318021201413425 0.15407232704402515
2 0.27474381625441696 0.6535220125786163 0.04425795053003534 0.15316037735849056
2 0.11393109540636043 0.48658805031446545 0.04369257950530035 0.1248427672955975
2 0.061952296819787984 0.4217924528301887 0.025565371024734985 0.09144654088050314
2 0.3242314487632509 0.5474685534591195 0.03027385159010601 0.10536163522012579
2 0.43368374558303885 0.5922955974842767 0.04567137809187279 0.07966981132075472
2 0.5478975265017668 0.5131289308176101 0.034310954063604245 0.11742138364779875
2 0.6168021201413428 0.675125786163522 0.05415194346289753 0.12075471698113208
2 0.7487102473498233 0.5454245283018868 0.050954063604240284 0.12666666666666668
0 0.7932332155477032 0.5884119496855347 0.011687279151943463 0.023459119496855346
2 0.9060159010600706 0.6122169811320755 0.038939929328621906 0.13336477987421383