2 0.7959098939929329 0.5282389937106918 0.03292402826855124 0.15290880503144655
0 0.858012367491166 0.4634119496855346 0.024620141342756186 0.04683962264150943
2 0.8974116607773852 0.41820754716981134 0.03274734982332155 0.13724842767295597
2 0.6815017667844523 0.272185534591195 0.03821554770318021 0.11249999999999999
2 0.4687720848056537 0.5015880503144654 0.045618374558303885 0.15465408805031447
2 0.37921378091872787 0.437122641509434 0.03433745583038869 0.14361635220125787
2 0.18897526501766784 0.32523584905660374 0.03813604240282686 0.12426100628930818
2 0.31414310954063607 0.20586477987421384 0.027871024734982333 0.09779874213836479
2 0.3804505300353357 0.32781446540880504 0.023568904593639577 0.08226415094339623
2 0.0830565371024735 0.6913364779874214 0.047146643109540635 0.18034591194968555
2 0.13536219081272083 0.6462578616352201 0.0501678445229682 0.14525157232704403
2 0.19125441696113074 0.5418710691823899 0.0294434628975265 0.1330188679245283