2 0.11625441696113074 0.4307861635220126 0.03911660777385159 0.11264150943396227
2 0.13541519434628974 0.5843081761006289 0.06136925795053003 0.12944968553459119
2 0.36282685512367496 0.5505817610062893 0.04992932862190813 0.13147798742138367
2 0.4437544169611307 0.5391352201257862 0.04411660777385159 0.14128930817610064
2 0.5106713780918728 0.6889779874213836 0.042446996466431096 0.12621069182389935
2 0.5628975265017668 0.6591352201257862 0.03895759717314488 0.1400943396226415
2 0.6239575971731449 0.6329716981132075 0.04392226148409894 0.12047169811320756
0 0.588030035335689 0.7157547169811321 0.02030918727915194 0.03666666666666667
2 0.7059098939929329 0.4520440251572327 0.0470583038869258 0.12245283018867924
2 0.7242756183745583 0.5826729559748427 0.037862190812720846 0.12617924528301888
2 0.7946378091872791 0.5092924528301888 0.0476678445229682 0.13882075471698113
2 0.8684540636042403 0.5080503144654088 0.04140459363957597 0.12819182389937106
2 0.7581448763250883 0.626006289308176 0.043568904593639574 0.06567610062893083
2 0.6125618374558304 0.38575471698113206 0.021413427561837454 0.11218553459119496
2 0.5887279151943463 0.38322327044025156 0.032826855123674906 0.10523584905660378