2 0.1902650176678445 0.3523427672955975 0.04424911660777386 0.11559748427672956
2 0.5232155477031802 0.48988993710691825 0.03960247349823321 0.14314465408805033
2 0.6163250883392226 0.384748427672956 0.04801236749116608 0.11599056603773585
2 0.5071908127208481 0.3567295597484277 0.03885159010600706 0.10570754716981133
2 0.42992049469964666 0.3298584905660377 0.030821554770318022 0.1156761006289308
2 0.7647968197879859 0.3920440251572327 0.04189929328621908 0.11067610062893082
2 0.8100795053003533 0.7399685534591195 0.053065371024734985 0.19345911949685535
2 0.6807155477031802 0.8691509433962263 0.0627296819787986 0.20303459119496856
2 0.9151236749116608 0.3498427672955975 0.024116607773851592 0.10932389937106918
2 0.9254151943462897 0.32316037735849057 0.02301236749116608 0.1163679245283019
3 0.4051236749116608 0.28111635220125786 0.02931095406360424 0.10613207547169812
0 0.5506360424028269 0.4317924528301887 0.02612190812720848 0.03691823899371069