2 0.10385159010600707 0.7605974842767296 0.06986749116607774 0.20761006289308176
3 0.1362720848056537 0.46067610062893083 0.055865724381625445 0.13734276729559747
2 0.390273851590106 0.7053616352201258 0.050150176678445235 0.16955974842767296
2 0.4327385159010601 0.4937106918238994 0.038436395759717315 0.14007861635220126
2 0.3691696113074205 0.3771383647798742 0.05371908127208481 0.11966981132075472
2 0.318321554770318 0.5240408805031447 0.05374558303886926 0.11926100628930816
2 0.47613957597173145 0.42377358490566036 0.04893992932862191 0.09523584905660377
2 0.685035335689046 0.5670597484276729 0.05984098939929328 0.14190251572327045
2 0.685035335689046 0.34726415094339624 0.05984098939929328 0.13232704402515721
2 0.5960512367491166 0.41336477987421383 0.03445229681978799 0.13778301886792452
2 0.6249116607773851 0.44097484276729554 0.033674911660777386 0.14775157232704403
0 0.6208480565371024 0.5815408805031447 0.01537102473498233 0.04411949685534591