2 0.11987632508833922 0.4886006289308176 0.04978798586572438 0.12619496855345913
2 0.21746466431095404 0.4772798742138365 0.04685512367491166 0.1163679245283019
2 0.23942579505300352 0.3779874213836478 0.04515017667844523 0.0994496855345912
2 0.21890459363957598 0.4190251572327044 0.035326855123674915 0.0960377358490566
2 0.3703533568904594 0.5291037735849057 0.04284452296819788 0.10676100628930818
2 0.3612367491166078 0.4494811320754717 0.03421378091872791 0.09498427672955974
2 0.376952296819788 0.43751572327044025 0.03924028268551237 0.10523584905660378
2 0.5511749116607774 0.35094339622641507 0.04067137809187279 0.09025157232704402
2 0.6645229681978798 0.4160377358490566 0.050026501766784456 0.10715408805031447
2 0.7000176678445229 0.6881446540880504 0.0537809187279152 0.159811320754717
2 0.8053268551236749 0.45889937106918244 0.033851590106007065 0.11378930817610064
2 0.8865459363957597 0.5052830188679246 0.04259717314487632 0.14245283018867924
2 0.9589399293286219 0.5243081761006289 0.04330388692579506 0.14202830188679244
2 0.8912455830388692 0.9200471698113207 0.04719964664310954 0.15988993710691823
2 0.39416077738515903 0.2857232704402516 0.0456095406360424 0.0775
2 0.21877208480565372 0.3289465408805032 0.026236749116607772 0.07561320754716981
2 0.010786219081272086 0.6226415094339622 0.021581272084805654 0.14625786163522012