2 0.5726590106007067 0.5324685534591195 0.037773851590106 0.12916666666666668
2 0.5834717314487633 0.3771698113207547 0.038878091872791516 0.10072327044025157
2 0.4971819787985865 0.37028301886792453 0.04718197879858657 0.130062893081761
2 0.3805388692579505 0.3152987421383648 0.035812720848056534 0.1163679245283019
2 0.3378975265017668 0.22103773584905662 0.02324204946996466 0.08715408805031447
2 0.20017667844522968 0.3563050314465409 0.048038869257950534 0.11209119496855346
2 0.1880035335689046 0.6058490566037735 0.04792402826855124 0.13985849056603775
2 0.26799469964664313 0.8226729559748428 0.06618374558303887 0.18517295597484276
2 0.759708480565371 0.340377358490566 0.025865724381625443 0.12338050314465408
0 0.7382420494699647 0.3829559748427673 0.014628975265017666 0.022672955974842767
2 0.9834098939929329 0.5564779874213837 0.03317137809187279 0.1639308176100629