2 0.05815371024734982 0.5531446540880504 0.057446996466431095 0.13806603773584905
0 0.3429593639575972 0.544874213836478 0.022641342756183746 0.06020440251572327
2 0.413613074204947 0.4915566037735849 0.04995583038869258 0.13286163522012578
2 0.5090282685512367 0.7466352201257862 0.04991166077738516 0.18531446540880503
2 0.48411660777385157 0.49132075471698117 0.042499999999999996 0.1371069182389937
2 0.20026501766784452 0.39669811320754716 0.031501766784452295 0.14132075471698113
2 0.2298144876325088 0.3521069182389937 0.029637809187279148 0.1134748427672956
2 0.6838780918727915 0.3964622641509434 0.03642226148409894 0.14556603773584906
2 0.6315282685512368 0.32803459119496853 0.035123674911660775 0.11251572327044025
2 0.5121289752650177 0.42572327044025154 0.032270318021201415 0.12858490566037736
2 0.5665989399293286 0.9083805031446541 0.048409893992932856 0.18323899371069183
3 0.18804770318021202 0.30397798742138366 0.03357773851590106 0.09268867924528303