3 0.504743816254417 0.2108176100628931 0.028268551236749116 0.0994496855345912
2 0.11661660777385158 0.48856918238993713 0.03325971731448763 0.1620440251572327
2 0.3710512367491166 0.37018867924528304 0.03345406360424028 0.11465408805031446
2 0.3784098939929329 0.3127358490566038 0.029231448763250886 0.12168238993710692
2 0.43159893992932863 0.5116823899371069 0.05106890459363958 0.13044025157232703
2 0.5725706713780918 0.36333333333333334 0.03274734982332155 0.10352201257861636
2 0.6769964664310955 0.30316037735849055 0.024425795053003532 0.10770440251572327
2 0.8251413427561837 0.32779874213836474 0.03212014134275618 0.09990566037735849
2 0.8914487632508834 0.36333333333333334 0.027729681978798586 0.10352201257861636
2 0.9865282685512368 0.33479559748427673 0.026952296819787988 0.09834905660377358
2 0.879743816254417 0.45149371069182387 0.02765017667844523 0.12421383647798742
2 0.8537190812720847 0.7189465408805031 0.06742932862190812 0.1869496855345912
2 0.7783127208480565 0.5528459119496856 0.03757950530035336 0.12715408805031447
2 0.6961925795053003 0.7365880503144655 0.040962897526501764 0.18072327044025158