2 0.7788427561837455 0.8977987421383647 0.06046819787985866 0.20440251572327045
3 0.13329505300353356 0.18737421383647798 0.038886925795053005 0.10522012578616352
0 0.518904593639576 0.26529874213836474 0.013462897526501767 0.03080188679245283
2 0.31219964664310956 0.48809748427672955 0.052181978798586576 0.16616352201257864
2 0.27169611307420494 0.3038364779874214 0.04061837455830388 0.12970125786163522
2 0.2853798586572438 0.2438679245283019 0.03394876325088339 0.1430503144654088
2 0.5702473498233216 0.2519811320754717 0.033091872791519435 0.11325471698113208
2 0.5330123674911661 0.22048742138364777 0.028065371024734984 0.08904088050314465
2 0.8721643109540635 0.3770125786163522 0.03637809187279152 0.11124213836477988
2 0.8678091872791519 0.24616352201257863 0.0331095406360424 0.12100628930817608
2 0.9845229681978799 0.22169811320754718 0.030954063604240283 0.11569182389937106