2 0.10187279151943462 0.5881603773584906 0.06357773851590105 0.14405660377358492
2 0.11674911660777385 0.36 0.026713780918727913 0.09891509433962263
0 0.1452296819787986 0.39301886792452834 0.02037102473498233 0.034481132075471696
3 0.12681095406360424 0.2334748427672956 0.03794169611307421 0.08306603773584906
2 0.35795936395759714 0.4303930817610063 0.050450530035335686 0.12108490566037737
2 0.3626766784452297 0.30592767295597484 0.032128975265017665 0.11531446540880504
2 0.4520936395759717 0.32363207547169814 0.03881625441696113 0.10523584905660378
2 0.5049469964664312 0.41250000000000003 0.03346289752650177 0.10308176100628931
2 0.6135777385159011 0.4291981132075472 0.05080388692579505 0.11474842767295598
2 0.7114664310954063 0.2822012578616352 0.032252650176678443 0.08762578616352201
2 0.7802120141342757 0.2847798742138365 0.03535335689045937 0.08880503144654088
2 0.7486219081272085 0.7156603773584906 0.062128975265017664 0.17963836477987422
2 0.9191519434628975 0.38677672955974846 0.04348056537102473 0.12132075471698113
3 0.977994699646643 0.38955974842767294 0.03293286219081272 0.10386792452830189