1 0.2953268551236749 0.5128301886792453 0.03572438162544169 0.18108490566037735
0 0.2982420494699647 0.5246855345911949 0.01659010600706714 0.0369811320754717
3 0.8681448763250883 0.5912735849056604 0.04121024734982332 0.15172955974842767
3 0.7467756183745583 0.3708490566037736 0.03750883392226149 0.10408805031446541
2 0.8384187279151943 0.44702830188679243 0.040026501766784454 0.11441823899371069
2 0.8287720848056537 0.4753459119496855 0.025521201413427563 0.10432389937106917
2 0.7953886925795053 0.700691823899371 0.04489399293286219 0.13622641509433964
2 0.6792049469964665 0.7570283018867925 0.04062720848056537 0.1325
2 0.663886925795053 0.47358490566037736 0.032332155477031804 0.12493710691823898
2 0.6237809187279152 0.5612264150943396 0.03346289752650177 0.11424528301886792
2 0.6424381625441696 0.5442610062893082 0.02612190812720848 0.14135220125786163
2 0.501095406360424 0.6071383647798742 0.0544964664310954 0.11661949685534591
2 0.41990282685512365 0.5306289308176101 0.05162544169611307 0.0629874213836478
2 0.40969964664310954 0.4832861635220126 0.028021201413427562 0.11452830188679246
2 0.34853356890459364 0.7302201257861636 0.044469964664310954 0.16833333333333333
2 0.2037279151943463 0.5953459119496856 0.03482332155477032 0.14413522012578617