2 0.5218727915194347 0.8498899371069182 0.12443462897526503 0.2207389937106918
2 0.43573321554770317 0.6971383647798742 0.059911660777385155 0.13223270440251572
2 0.4832862190812721 0.6225 0.05168727915194346 0.1397012578616352
2 0.6237632508833922 0.6691352201257862 0.07109540636042404 0.16591194968553458
2 0.685017667844523 0.6714937106918238 0.05811837455830389 0.1266194968553459
2 0.8244611307420494 0.8100943396226415 0.06368374558303887 0.1858805031446541
2 0.9627296819787985 0.4741981132075471 0.043330388692579505 0.13440251572327044
2 0.7094611307420495 0.37333333333333335 0.04103356890459364 0.11287735849056604
2 0.6458480565371025 0.4799685534591195 0.05518551236749117 0.1354559748427673
2 0.22824204946996468 0.432814465408805 0.06706713780918729 0.12286163522012579
2 0.12840989399293287 0.6434591194968554 0.05471731448763251 0.1480817610062893
2 0.08424028268551237 0.5897169811320755 0.044222614840989403 0.15638364779874211
2 0.06465547703180212 0.827877358490566 0.05275618374558304 0.20817610062893083
2 0.12163427561837456 0.8564779874213837 0.061201413427561836 0.2157704402515723
3 0.5296731448763251 0.5045754716981132 0.05346289752650177 0.1464622641509434