2 0.765565371024735 0.5449213836477987 0.05174911660777385 0.15168238993710692
2 0.8623144876325088 0.4044811320754717 0.05265901060070671 0.17897798742138366
2 0.6708833922261485 0.28056603773584904 0.06203180212014134 0.1229559748427673
2 0.3961219081272085 0.5040408805031447 0.04960247349823321 0.14540880503144654
2 0.35444346289752654 0.35575471698113204 0.03515901060070671 0.11926100628930816
2 0.3713780918727915 0.4264937106918239 0.03192579505300353 0.13495283018867923
2 0.3202826855123675 0.2092924528301887 0.030441696113074207 0.10622641509433962
2 0.16949646643109542 0.3342767295597484 0.039823321554770315 0.12660377358490565
2 0.15080388692579505 0.552248427672956 0.05012367491166078 0.14748427672955974
2 0.08056537102473499 0.6822012578616352 0.05276501766784452 0.18097484276729559
0 0.8489134275618375 0.4537578616352201 0.020556537102473498 0.044827044025157234