2 0.0297791519434629 0.7155503144654087 0.04982332155477032 0.17900943396226415
2 0.1313780918727915 0.479937106918239 0.04612190812720848 0.15185534591194969
2 0.21123674911660778 0.5850157232704403 0.05673144876325088 0.1453930817610063
2 0.22811837455830392 0.35591194968553463 0.044858657243816255 0.11501572327044025
2 0.4116077738515901 0.4661320754716981 0.06801236749116607 0.15674528301886792
2 0.26984982332155477 0.2584119496855346 0.05226148409893993 0.10415094339622641
2 0.5031713780918728 0.35103773584905656 0.05032685512367491 0.14860062893081763
2 0.5655388692579506 0.37919811320754715 0.03508833922261484 0.139937106918239
2 0.4134363957597173 0.29389937106918235 0.03515901060070671 0.13720125786163523
2 0.5119964664310954 0.1934119496855346 0.037544169611307424 0.10413522012578617
3 0.018957597173144877 0.49647798742138366 0.037906360424028264 0.1957547169811321
2 0.8428091872791519 0.5880031446540881 0.06931978798586573 0.17303459119496856
2 0.827446996466431 0.2741194968553459 0.05381625441696113 0.10306603773584905