0 0.7838780918727916 0.605188679245283 0.02796819787985866 0.05278301886792453
2 0.8186925795053004 0.53 0.05550353356890459 0.1488050314465409
2 0.7152031802120141 0.330251572327044 0.04457597173144876 0.1337578616352201
2 0.6502826855123675 0.42849056603773583 0.04653710247349823 0.1547798742138365
2 0.5893727915194346 0.5264937106918239 0.05763250883392226 0.1260377358490566
2 0.6028886925795053 0.6975471698113207 0.05363957597173145 0.17638364779874216
2 0.5529328621908127 0.5717924528301888 0.043454063604240284 0.16537735849056606
2 0.3262632508833922 0.5960377358490566 0.059726148409893993 0.1625943396226415
2 0.23615724381625441 0.3152201257861635 0.03901060070671378 0.14309748427672958
2 0.29661660777385157 0.23935534591194968 0.035892226148409895 0.089937106918239
2 0.13535335689045935 0.2760062893081761 0.036784452296819786 0.11592767295597485
2 0.0919434628975265 0.367374213836478 0.048533568904593635 0.125188679245283
2 0.10467314487632508 0.4857232704402516 0.06292402826855124 0.13910377358490567
2 0.02359540636042403 0.48452830188679247 0.04718197879858657 0.14462264150943396