2 0.5337190812720848 0.6408647798742138 0.06301236749116608 0.20361635220125787
2 0.6152208480565371 0.6202987421383648 0.04257950530035336 0.15621069182389935
0 0.6562985865724381 0.6188522012578616 0.025441696113074206 0.05894654088050315
1 0.6119081272084805 0.2786792452830189 0.04920494699646644 0.10977987421383646
2 0.42836572438162546 0.33817610062893083 0.048727915194346286 0.15014150943396226
2 0.025574204946996467 0.42647798742138365 0.04573321554770318 0.16066037735849056
2 0.15014134275618377 0.4338364779874214 0.04439929328621908 0.1685062893081761
2 0.3157243816254417 0.7096698113207548 0.061952296819787984 0.16199685534591196
2 0.4312367491166078 0.7684905660377358 0.05596289752650177 0.21564465408805034
2 0.9573498233215548 0.6672169811320755 0.051033568904593644 0.17141509433962263
2 0.6029240282685512 0.5043238993710691 0.05773851590106007 0.13654088050314467
2 0.7223409893992934 0.4035691823899371 0.0403886925795053 0.17872641509433962