2 0.0953356890459364 0.46982704402515724 0.04436395759717315 0.14863207547169813
2 0.2104416961130742 0.7012735849056604 0.07943462897526501 0.1832075471698113
3 0.3818992932862191 0.40320754716981133 0.05357773851590106 0.13474842767295597
2 0.6161925795053004 0.4130188679245283 0.03848056537102474 0.12025157232704403
2 0.574416961130742 0.6422327044025157 0.04353356890459364 0.1290566037735849
2 0.5221731448763252 0.6355188679245283 0.0551678445229682 0.12201257861635219
2 0.6637720848056538 0.759245283018868 0.058206713780918726 0.17128930817610064
0 0.5954858657243817 0.7396226415094339 0.028197879858657245 0.038286163522012584
2 0.6681007067137809 0.3772327044025157 0.03454063604240283 0.12114779874213837
2 0.7471819787985865 0.34154088050314463 0.04543286219081272 0.12432389937106918
2 0.8167844522968198 0.3819182389937107 0.027809187279151944 0.12199685534591195
2 0.8501943462897527 0.5274842767295598 0.04434628975265018 0.13610062893081762
2 0.9831537102473499 0.5495440251572327 0.03369257950530035 0.14825471698113207
2 0.4784187279151944 0.212562893081761 0.04508833922261484 0.08599056603773585
2 0.41242049469964664 0.1968867924528302 0.035185512367491165 0.08498427672955974