2 0.3777473498233216 0.5699371069182391 0.0418904593639576 0.14441823899371067
0 0.41766784452296823 0.46926100628930817 0.01299469964664311 0.02110062893081761
2 0.15651060070671377 0.46378930817610065 0.03781802120141343 0.1256446540880503
2 0.2757597173144877 0.3886006289308176 0.016775618374558304 0.053301886792452825
2 0.2977826855123675 0.41525157232704407 0.03386042402826855 0.09943396226415095
3 0.3498321554770318 0.33757861635220127 0.026210247349823322 0.10495283018867925
2 0.4052208480565371 0.38031446540880504 0.03720848056537102 0.09913522012578616
2 0.5099293286219081 0.42504716981132074 0.03745583038869258 0.09855345911949685
2 0.4567844522968198 0.42416666666666664 0.029761484098939927 0.0909433962264151
2 0.4945318021201413 0.3642295597484277 0.02293286219081272 0.06696540880503145
2 0.5542314487632509 0.42572327044025154 0.022508833922261485 0.09407232704402516
2 0.5624469964664311 0.5492767295597484 0.03237632508833922 0.12474842767295598
2 0.4505123674911661 0.4934433962264151 0.03529151943462898 0.08034591194968553
2 0.43681095406360426 0.4201572327044026 0.024982332155477033 0.06333333333333334
2 0.7130918727915194 0.4505660377358491 0.025159010600706713 0.09608490566037736
2 0.7674469964664311 0.44511006289308175 0.021625441696113076 0.10699685534591194
3 0.7899116607773851 0.4784905660377358 0.029885159010600706 0.08844339622641509
2 0.9045936395759717 0.4053301886792453 0.02938162544169611 0.09297169811320755
2 0.9335865724381625 0.4083647798742139 0.031881625441696114 0.0944496855345912