0 0.8734540636042403 0.4068710691823899 0.014522968197879859 0.025393081761006287
2 0.8601590106007068 0.3594025157232705 0.04089222614840989 0.08949685534591195
2 0.7559805653710248 0.36504716981132074 0.04269434628975265 0.10383647798742139
2 0.6828798586572438 0.5334119496855346 0.04 0.15470125786163522
2 0.5093109540636042 0.39017295597484275 0.03971731448763251 0.14193396226415095
2 0.42067137809187277 0.3191509433962264 0.026466431095406362 0.12154088050314465
2 0.3545053003533569 0.22687106918238992 0.035812720848056534 0.08432389937106918
2 0.26446996466431094 0.3591666666666667 0.03698763250883392 0.10422955974842768
2 0.26132508833922263 0.6054245283018868 0.05289752650176679 0.15883647798742137
2 0.3194787985865724 0.8296540880503144 0.05986749116607774 0.1663364779874214
2 0.02307420494699647 0.4855503144654088 0.025503533568904595 0.1295440251572327
2 0.07057420494699647 0.3944182389937107 0.02679328621908127 0.092625786163522
3 0.07690812720848057 0.49875786163522007 0.03230565371024735 0.12746855345911948