2 0.08626325088339223 0.45834905660377356 0.028162544169611305 0.12177672955974843
2 0.3698851590106007 0.3652672955974843 0.02659010600706714 0.09904088050314466
2 0.5570848056537102 0.3936477987421384 0.023498233215547705 0.10586477987421383
2 0.4331360424028269 0.32009433962264155 0.0255565371024735 0.08586477987421384
2 0.6559982332155477 0.45369496855345914 0.02363957597173145 0.12382075471698113
2 0.7444434628975265 0.6744811320754718 0.036007067137809184 0.14544025157232704
2 0.7128180212014134 0.4974056603773585 0.028869257950530035 0.11814465408805032
2 0.6845671378091872 0.5170440251572327 0.03232332155477032 0.1279245283018868
2 0.8220494699646642 0.35880503144654086 0.022879858657243814 0.08836477987421384
2 0.7290194346289752 0.8970597484276729 0.06127208480565371 0.19108490566037736
2 0.12892226148409894 0.5239779874213837 0.043330388692579505 0.1281761006289308
0 0.1368286219081272 0.5643710691823899 0.013233215547703181 0.03418238993710691
3 0.43754416961130743 0.25517295597484274 0.01799469964664311 0.07026729559748428