2 0.9776855123674911 0.3555188679245283 0.04462897526501767 0.14022012578616352
2 0.7668992932862191 0.43275157232704403 0.04209363957597173 0.13037735849056603
2 0.7538339222614842 0.3420440251572327 0.03256183745583039 0.10220125786163523
2 0.7006890459363957 0.2917610062893082 0.03517667844522968 0.11422955974842768
3 0.6755918727915194 0.22125786163522013 0.03477031802120141 0.11353773584905659
0 0.6824381625441696 0.37319182389937106 0.023560070671378094 0.038946540880503144
2 0.5426590106007066 0.3931918238993711 0.049302120141342755 0.1170125786163522
2 0.5076501766784453 0.3742767295597484 0.025591872791519435 0.1445125786163522
2 0.6401236749116608 0.37556603773584907 0.038515901060070676 0.10649371069182391
2 0.6331802120141342 0.38830188679245287 0.034991166077738514 0.09872641509433962
2 0.44082155477031804 0.3233490566037736 0.05271201413427562 0.12386792452830189
2 0.2808922261484099 0.40676100628930817 0.029487632508833926 0.12086477987421385
2 0.27560070671378095 0.36874213836477987 0.033427561837455835 0.1334433962264151
2 0.27778268551236746 0.5757547169811321 0.03985865724381625 0.1800943396226415
2 0.38392226148409897 0.5762106918238994 0.06130742049469965 0.17177672955974843