3 0.5201060070671378 0.5650943396226414 0.04668727915194346 0.14485849056603772
3 0.550583038869258 0.2491194968553459 0.035203180212014136 0.08525157232704403
0 0.4916872791519435 0.8477987421383648 0.04814487632508834 0.07191823899371069
2 0.6290636042402827 0.3882389937106918 0.03846289752650177 0.12135220125786164
2 0.70386925795053 0.3169811320754717 0.03612190812720848 0.1046069182389937
2 0.8384540636042402 0.5669339622641509 0.040282685512367494 0.1265251572327044
2 0.8416961130742049 0.5035220125786164 0.05029151943462898 0.12550314465408804
2 0.6021201413427562 0.6250943396226415 0.04876325088339223 0.12754716981132075
2 0.6311307420494701 0.7938207547169811 0.07792402826855123 0.14635220125786164
2 0.4647349823321555 0.5354874213836478 0.05256183745583039 0.12025157232704403
2 0.40848939929328626 0.5373270440251573 0.039001766784452295 0.13334905660377358
2 0.49831272084805656 0.3819496855345912 0.03842756183745583 0.11506289308176101
2 0.46075971731448767 0.34998427672955973 0.03930212014134276 0.1140251572327044
2 0.36651943462897524 0.42125786163522017 0.04164310954063604 0.11190251572327044
2 0.3085070671378092 0.5800314465408805 0.04928445229681979 0.12127358490566037
2 0.2279593639575972 0.4768081761006289 0.04896643109540636 0.11606918238993709
2 0.13047703180212014 0.47915094339622644 0.04482332155477032 0.14279874213836477
2 0.1534540636042403 0.6578459119496856 0.05189929328621908 0.1416823899371069
2 0.08203180212014134 0.7765566037735849 0.0573851590106007 0.17119496855345911