2 0.3593021201413428 0.4178459119496855 0.039575971731448764 0.1019496855345912
2 0.3931713780918728 0.392437106918239 0.03664310954063604 0.11086477987421385
2 0.42364840989399294 0.38171383647798746 0.03492049469964664 0.10869496855345911
2 0.8172526501766785 0.3363679245283019 0.02967314487632509 0.11822327044025156
2 0.9300441696113074 0.3515566037735849 0.02911660777385159 0.11088050314465409
3 0.8683480565371025 0.4527044025157233 0.034690812720848056 0.11188679245283019
2 0.8979416961130743 0.46687106918238996 0.03509717314487632 0.1364937106918239
2 0.8625971731448764 0.5685220125786163 0.03510600706713781 0.15330188679245282
2 0.8073851590106007 0.4872798742138365 0.043515901060070666 0.1433176100628931
2 0.8143109540636042 0.6987106918238993 0.04852473498233215 0.16053459119496855
2 0.9103180212014135 0.7388050314465409 0.04972614840989399 0.1746698113207547
3 0.9647968197879859 0.2729559748427673 0.03147526501766785 0.10462264150943397