3 0.2451236749116608 0.5055817610062894 0.05424028268551236 0.10627358490566038
2 0.10962014134275619 0.5009433962264151 0.06117491166077738 0.1279245283018868
2 0.03929328621908127 0.4952672955974843 0.04210247349823321 0.11658805031446542
2 0.15051236749116606 0.6323584905660378 0.05463780918727915 0.13312893081761007
2 0.10608657243816255 0.3422012578616352 0.03237632508833922 0.08871069182389937
2 0.07880742049469965 0.28614779874213836 0.03428445229681979 0.07710691823899371
2 0.3359452296819788 0.42221698113207545 0.0346643109540636 0.08125786163522013
2 0.4406713780918728 0.5236163522012578 0.04870141342756184 0.08051886792452831
2 0.388065371024735 0.4375471698113207 0.034681978798586574 0.09389937106918239
2 0.3301766784452297 0.3134748427672956 0.023136042402826858 0.0725
2 0.3941431095406361 0.3994182389937107 0.035265017667844525 0.08205974842767295
2 0.6248763250883392 0.5066194968553459 0.04507067137809188 0.1109433962264151
2 0.7980123674911661 0.41718553459119495 0.033789752650176676 0.10212264150943397
2 0.8632950530035336 0.5313522012578616 0.05434628975265018 0.10886792452830188
2 0.9326943462897526 0.54062893081761 0.044037102473498235 0.10680817610062894
2 0.21447879858657243 0.7994811320754718 0.05954063604240283 0.16073899371069184