3 0.16539752650176678 0.5686792452830188 0.03928445229681979 0.14333333333333334
2 0.09184628975265018 0.6027830188679245 0.04053886925795053 0.1306761006289308
2 0.13130742049469962 0.5 0.045998233215547704 0.12716981132075472
2 0.13264134275618375 0.32534591194968554 0.03264134275618375 0.09638364779874213
2 0.2685335689045937 0.5147327044025157 0.04 0.13761006289308175
2 0.3315636042402827 0.4135062893081761 0.03784452296819788 0.12531446540880503
2 0.41628091872791523 0.6279716981132075 0.04568904593639576 0.15251572327044025
2 0.5412809187279152 0.7475 0.045954063604240286 0.11110062893081761
2 0.5551060070671378 0.6587421383647798 0.05356007067137809 0.14988993710691823
2 0.559708480565371 0.5499056603773586 0.04007067137809187 0.12238993710691824
2 0.5504946996466431 0.49762578616352204 0.034999999999999996 0.12242138364779874
2 0.539416961130742 0.39069182389937107 0.02619257950530035 0.10822327044025157
2 0.6636749116607774 0.4364465408805031 0.0409982332155477 0.13077044025157233
2 0.7392579505300354 0.5282861635220126 0.04525618374558304 0.1409433962264151
2 0.9070583038869258 0.5690408805031447 0.04831272084805654 0.14875786163522012