2 0.8070936395759717 0.6863993710691824 0.04292402826855124 0.18306603773584906
2 0.7796996466431095 0.29680817610062893 0.027014134275618374 0.1114308176100629
2 0.6966519434628975 0.392437106918239 0.030530035335689047 0.1234433962264151
2 0.7327296819787986 0.5011949685534591 0.04044169611307421 0.15904088050314466
2 0.5112632508833922 0.7008490566037736 0.055803886925795056 0.17482704402515722
2 0.42527385159010606 0.7165251572327044 0.06551236749116607 0.17729559748427673
2 0.4715106007067138 0.5430817610062892 0.051969964664310954 0.1260062893081761
2 0.26241166077738515 0.27872641509433965 0.02600706713780919 0.11614779874213838
2 0.29215547703180217 0.20485849056603772 0.031121908127208477 0.1070440251572327
2 0.16493816254416963 0.23995283018867927 0.032464664310954065 0.09520440251572326
2 0.1555035335689046 0.35421383647798743 0.04646643109540636 0.1291194968553459