3 0.697446996466431 0.4335534591194969 0.043586572438162545 0.12864779874213836
2 0.363065371024735 0.38234276729559746 0.04179328621908127 0.12056603773584906
2 0.409982332155477 0.33641509433962263 0.04729681978798587 0.13875786163522014
3 0.46132508833922264 0.2419811320754717 0.043957597173144874 0.09924528301886792
2 0.020909893992932863 0.399937106918239 0.04181095406360424 0.14300314465408806
2 0.11403710247349824 0.42974842767295596 0.0472791519434629 0.12888364779874215
2 0.22741166077738517 0.6482232704402515 0.03991166077738516 0.14132075471698113
2 0.2575 0.6137578616352202 0.036828621908127204 0.19492138364779873
2 0.4951325088339223 0.3936477987421384 0.06741166077738515 0.12743710691823898
2 0.5961660777385159 0.2904245283018868 0.03757950530035336 0.09669811320754718
2 0.6190194346289752 0.3469654088050314 0.030309187279151946 0.12297169811320753
2 0.6603886925795053 0.3465566037735849 0.031121908127208477 0.09102201257861635
2 0.6610159010600707 0.2651572327044025 0.027641342756183743 0.08408805031446541
2 0.928648409893993 0.3311477987421384 0.039885159010600704 0.09812893081761005