3 0.17082155477031802 0.3541823899371069 0.030106007067137806 0.07839622641509433
2 0.3348498233215548 0.5511949685534592 0.043772084805653706 0.1104874213836478
3 0.33771201413427565 0.5083018867924528 0.03865724381625441 0.10048742138364779
2 0.2906890459363958 0.4927044025157233 0.036704946996466425 0.10309748427672955
2 0.31023851590106005 0.4641981132075472 0.03122791519434629 0.08641509433962265
2 0.3484893992932862 0.39874213836477984 0.0317226148409894 0.08817610062893082
2 0.3875883392226148 0.41294025157232706 0.035388692579505304 0.08405660377358491
2 0.4338780918727915 0.56 0.031501766784452295 0.12452830188679245
2 0.544178445229682 0.6027987421383648 0.049673144876325084 0.12819182389937106
2 0.5436307420494699 0.4218238993710691 0.037614840989399295 0.09141509433962264
2 0.8942137809187279 0.8263993710691825 0.049363957597173144 0.16534591194968554
2 0.7897173144876325 0.4817452830188679 0.03210247349823322 0.11562893081761007
2 0.7236572438162544 0.4129716981132075 0.02590106007067138 0.08314465408805032
2 0.7442667844522968 0.41190251572327047 0.03182862190812721 0.09610062893081761
2 0.7675 0.43007861635220124 0.03482332155477032 0.10778301886792452
2 0.17706713780918729 0.7904088050314465 0.04965547703180212 0.16606918238993712
2 0.02469964664310954 0.7197641509433962 0.04051236749116608 0.15540880503144655
2 0.025759717314487632 0.5163993710691824 0.04328621908127209 0.11561320754716982
2 0.08608657243816255 0.5083018867924528 0.04488515901060071 0.10482704402515723
2 0.10932862190812721 0.4385534591194969 0.03709363957597173 0.09589622641509435