2 0.03746466431095406 0.3466823899371069 0.034690812720848056 0.089937106918239
3 0.07361307420494699 0.265125786163522 0.034302120141342755 0.08132075471698114
2 0.29431095406360425 0.5649842767295598 0.03560070671378092 0.13485849056603774
2 0.3596554770318021 0.7272012578616353 0.04112190812720848 0.1538679245283019
2 0.37401060070671377 0.3971540880503145 0.0294434628975265 0.08665094339622642
2 0.38609540636042405 0.362751572327044 0.02310070671378092 0.09710691823899371
2 0.46399293286219084 0.28056603773584904 0.02165194346289753 0.09422955974842767
2 0.5664575971731449 0.3434276729559748 0.0267226148409894 0.07624213836477987
2 0.7015017667844523 0.36756289308176104 0.028312720848056534 0.08858490566037737
2 0.5790724381625442 0.2971698113207547 0.01965547703180212 0.08794025157232704
2 0.7728621908127209 0.6802672955974842 0.03980565371024735 0.1534433962264151
2 0.8561749116607774 0.555440251572327 0.0469434628975265 0.13374213836477988
2 0.8542314487632509 0.3050314465408805 0.026908127208480567 0.08569182389937106
2 0.9517844522968198 0.35959119496855346 0.034249116607773855 0.09778301886792452
2 0.9387014134275617 0.46223270440251574 0.03228798586572438 0.1209433962264151
3 0.8990194346289753 0.4101100628930817 0.03572438162544169 0.0910377358490566