0 0.2457155477031802 0.43897798742138366 0.016704946996466432 0.04272012578616353
2 0.17569787985865723 0.3537264150943396 0.04316254416961131 0.11995283018867925
3 0.13548586572438162 0.18416666666666667 0.03915194346289753 0.10147798742138366
2 0.4509363957597173 0.41647798742138364 0.031386925795053006 0.12400943396226416
2 0.25462897526501765 0.6687735849056603 0.04545936395759717 0.14284591194968552
2 0.29953180212014135 0.6805031446540881 0.05307420494699647 0.15011006289308176
2 0.33105123674911663 0.8542767295597485 0.06371024734982332 0.17113207547169812
2 0.38974381625441695 0.8761477987421384 0.0500530035335689 0.1738050314465409
2 0.7562367491166078 0.6298270440251572 0.049734982332155474 0.13781446540880504
2 0.7084275618374559 0.8059433962264152 0.055097173144876326 0.17427672955974843
2 0.785583038869258 0.8215566037735849 0.052614840989399295 0.21973270440251572
2 0.8356183745583039 0.6344496855345911 0.047455830388692576 0.17133647798742138
2 0.8537632508833922 0.8283647798742139 0.04999116607773852 0.16465408805031445
2 0.9769081272084805 0.5023899371069183 0.04618374558303887 0.14525157232704403
3 0.7175971731448764 0.5136320754716981 0.04613957597173145 0.14345911949685533