1 0.17864840989399292 0.3464937106918239 0.03307420494699646 0.11982704402515722
2 0.17776501766784453 0.46487421383647803 0.043206713780918726 0.13885220125786163
2 0.37553003533568907 0.3493867924528302 0.04438162544169612 0.11625786163522012
2 0.4284893992932862 0.45993710691823897 0.04145759717314488 0.12533018867924528
2 0.5525883392226149 0.371996855345912 0.04092756183745583 0.11394654088050314
2 0.6364575971731449 0.8121226415094339 0.061068904593639575 0.20845911949685536
3 0.785291519434629 0.21023584905660378 0.03217314487632509 0.08526729559748428
2 0.8596289752650177 0.26861635220125785 0.025229681978798584 0.09279874213836478
2 0.8256272084805654 0.44339622641509435 0.029558303886925794 0.13806603773584905
2 0.9391519434628974 0.685 0.050591872791519436 0.19218553459119497
0 0.38437279151943465 0.3878930817610063 0.012058303886925796 0.024308176100628933