3 0.6653798586572438 0.3564308176100629 0.02945229681978799 0.10498427672955975
2 0.07384275618374558 0.5861320754716981 0.042332155477031806 0.1484748427672956
2 0.17365724381625444 0.6059748427672955 0.033418727915194346 0.1255503144654088
2 0.19795936395759717 0.5680660377358491 0.04108657243816254 0.13806603773584905
2 0.3279505300353357 0.5127044025157232 0.037985865724381625 0.14026729559748427
2 0.38447879858657247 0.6169025157232705 0.03739399293286219 0.14773584905660375
2 0.37469081272084803 0.534496855345912 0.04103356890459364 0.13020440251572327
2 0.5278356890459364 0.5600943396226415 0.029567137809187276 0.11375786163522011
2 0.5147173144876325 0.4823270440251572 0.029628975265017666 0.0795125786163522
2 0.6099469964664311 0.49863207547169813 0.03368374558303887 0.1249056603773585
2 0.6482155477031802 0.5039308176100629 0.03251766784452297 0.11875786163522013
2 0.7006802120141342 0.4958018867924528 0.029708480565371027 0.11540880503144654
2 0.7320141342756183 0.5785377358490565 0.02823321554770318 0.11712264150943395
3 0.7260777385159011 0.4839937106918239 0.03778268551236749 0.10968553459119498
2 0.7716431095406361 0.5049842767295598 0.031881625441696114 0.11666666666666667
2 0.8062632508833922 0.4877201257861635 0.030477031802120143 0.11987421383647798
2 0.8596819787985865 0.5276886792452831 0.026651943462897527 0.11597484276729561
2 0.8851943462897526 0.5074213836477988 0.02588339222614841 0.13413522012578616