3 0.43729681978798585 0.5116194968553459 0.040397526501766784 0.14834905660377357
3 0.5069081272084807 0.21114779874213835 0.02402826855123675 0.06968553459119498
2 0.9763780918727916 0.6067767295597485 0.04724381625441696 0.1739308176100629
2 0.9037632508833922 0.43946540880503143 0.021166077738515903 0.10220125786163523
2 0.9096731448763251 0.40617924528301885 0.036908127208480565 0.11273584905660378
2 0.7579593639575971 0.5105974842767296 0.04267667844522968 0.1463050314465409
2 0.47906360424028266 0.3779716981132075 0.0333303886925795 0.1088993710691824
2 0.4536484098939929 0.5709905660377358 0.037650176678445224 0.13564465408805032
2 0.33479681978798587 0.3770911949685535 0.03725265017667845 0.10712264150943396
2 0.3103886925795053 0.4208805031446541 0.035689045936395755 0.11059748427672957
2 0.2807950530035336 0.36533018867924527 0.047402826855123675 0.09064465408805031
2 0.25903710247349826 0.4539937106918239 0.033427561837455835 0.12072327044025158
2 0.2531272084805654 0.5344025157232705 0.04130742049469965 0.12382075471698113
2 0.2648939929328622 0.62 0.030371024734982335 0.1250314465408805
2 0.25785335689045935 0.6949056603773585 0.038939929328621906 0.1433805031446541
2 0.2200530035335689 0.5340723270440252 0.04604240282685512 0.046053459119496855
2 0.10358657243816255 0.44437106918238994 0.03943462897526502 0.14622641509433962