2 0.6429063604240283 0.7120754716981132 0.06968197879858656 0.1903930817610063
2 0.7679240282685512 0.6743396226415094 0.0776678445229682 0.2092767295597484
2 0.8068021201413427 0.5124213836477987 0.04586572438162544 0.1810377358490566
2 0.9123763250883392 0.48649371069182396 0.05384275618374559 0.17004716981132076
2 0.8353621908127209 0.3481603773584906 0.039399293286219085 0.12608490566037736
2 0.7303710247349823 0.22213836477987423 0.03613074204946996 0.10988993710691825
2 0.614196113074205 0.18806603773584907 0.04582155477031802 0.09836477987421384
2 0.276696113074205 0.27558176100628934 0.03514134275618375 0.11614779874213838
2 0.1812809187279152 0.22213836477987423 0.024514134275618375 0.10360062893081762
2 0.2376766784452297 0.3929559748427673 0.04719964664310954 0.14963836477987422
2 0.2931890459363957 0.4115566037735849 0.03985865724381625 0.12710691823899373
3 0.7077031802120142 0.3568081761006289 0.050848056537102476 0.12136792452830188
0 0.6283303886925795 0.5569811320754717 0.04228798586572438 0.0625943396226415