2 0.14142226148409895 0.6488836477987421 0.03645759717314488 0.14378930817610064
2 0.18190812720848054 0.5822955974842767 0.038242049469964665 0.1190251572327044
2 0.1405565371024735 0.5694496855345912 0.031236749116607773 0.12737421383647798
2 0.4245229681978799 0.5530974842767296 0.0406095406360424 0.10553459119496857
2 0.46652826855123675 0.5398584905660377 0.03587455830388692 0.11466981132075472
2 0.42148409893992933 0.47900943396226414 0.03279151943462897 0.08742138364779875
3 0.6074293286219081 0.5426572327044025 0.03666077738515901 0.12492138364779874
2 0.6629151943462898 0.4775314465408805 0.029302120141342758 0.10150943396226415
2 0.6297791519434629 0.4458647798742138 0.034381625441696116 0.08926100628930818
2 0.6071731448763251 0.44517295597484274 0.02396643109540636 0.0894182389937107
2 0.587773851590106 0.4450943396226415 0.03215547703180212 0.07842767295597484
2 0.517535335689046 0.45979559748427673 0.030000000000000002 0.10476415094339622
3 0.5273586572438163 0.4059119496855346 0.03051236749116608 0.09606918238993711