0 0.19693462897526504 0.3180817610062893 0.01480565371024735 0.03735849056603774
2 0.23373674911660774 0.2831603773584906 0.0326678445229682 0.08713836477987422
3 0.24340106007067136 0.21597484276729562 0.019213780918727916 0.09284591194968553
3 0.9575706713780919 0.367814465408805 0.0408303886925795 0.09012578616352201
2 0.8459363957597174 0.3396540880503145 0.030706713780918726 0.10677672955974843
2 0.8784717314487632 0.28044025157232705 0.041678445229681976 0.09922955974842768
2 0.8301148409893994 0.27591194968553456 0.026943462897526502 0.11059748427672957
2 0.7702031802120142 0.33193396226415095 0.03663427561837456 0.09422955974842767
2 0.8214310954063604 0.726996855345912 0.05874558303886926 0.1840251572327044
2 0.4857420494699647 0.4616823899371069 0.03663427561837456 0.12904088050314463
2 0.5119699646643109 0.3999528301886793 0.03662544169611307 0.1339937106918239
2 0.5710689045936396 0.2582861635220126 0.028568904593639578 0.09284591194968553
2 0.514434628975265 0.2307232704402516 0.02515017667844523 0.08732704402515723
2 0.4182773851590106 0.7484748427672956 0.052535335689045934 0.1832075471698113
2 0.25802120141342755 0.29715408805031446 0.02713780918727915 0.09180817610062893
2 0.1033303886925795 0.36073899371069185 0.02598939929328622 0.12561320754716981