2 0.6088957597173145 0.4044811320754717 0.04228798586572438 0.1349685534591195
2 0.44854240282685515 0.290251572327044 0.03782685512367491 0.09518867924528301
2 0.2565282685512367 0.32772012578616355 0.04603356890459364 0.12294025157232705
2 0.08365724381625442 0.48256289308176104 0.04304770318021201 0.1464622641509434
2 0.4314575971731449 0.7359119496855346 0.06374558303886925 0.1909119496855346
2 0.7180035335689046 0.3426572327044025 0.032597173144876326 0.1245125786163522
2 0.9621466431095407 0.29654088050314464 0.03324204946996467 0.10776729559748428
2 0.9112014134275619 0.659937106918239 0.05149293286219081 0.17731132075471698
2 0.5173056537102474 0.25410377358490566 0.03578621908127208 0.0794811320754717
1 0.05213780918727916 0.32169811320754715 0.03302120141342756 0.13919811320754716
3 0.5501413427561838 0.21531446540880503 0.029019434628975268 0.09625786163522013
3 0.8631978798586573 0.4118238993710692 0.03674911660777385 0.11819182389937107
0 0.5845936395759718 0.2939308176100629 0.027261484098939928 0.03334905660377359