0 0.7402296819787987 0.5674842767295598 0.018745583038869258 0.026996855345911952
2 0.2249381625441696 0.7644182389937108 0.053356890459363954 0.2159119496855346
2 0.2552826855123675 0.6285534591194969 0.060326855123674916 0.1648584905660377
2 0.059761484098939936 0.3358805031446541 0.05136925795053003 0.12072327044025158
2 0.13037102473498235 0.39391509433962263 0.03272968197879859 0.11529874213836477
2 0.16191696113074205 0.3893710691823899 0.03569787985865724 0.11904088050314464
3 0.2334982332155477 0.3943710691823899 0.03253533568904594 0.09544025157232705
2 0.44521201413427564 0.3162735849056604 0.039690812720848054 0.09039308176100629
2 0.452809187279152 0.4269025157232704 0.048348056537102474 0.11507861635220125
2 0.5165901060070671 0.45220125786163523 0.03734098939929329 0.1119182389937107
2 0.5878091872791519 0.3163679245283019 0.03515901060070671 0.09650943396226415
2 0.6929151943462898 0.36367924528301887 0.03668727915194346 0.09611635220125786
2 0.7855388692579506 0.5537735849056603 0.04098939929328622 0.11492138364779875
2 0.8056537102473498 0.5240251572327044 0.04365724381625442 0.11644654088050314
2 0.8751943462897527 0.42794025157232707 0.0394434628975265 0.12190251572327045