3 0.010848056537102474 0.34141509433962264 0.021687279151943465 0.09723270440251573
3 0.2250618374558304 0.5217924528301887 0.03347173144876325 0.12754716981132075
0 0.6582597173144876 0.40932389937106917 0.011978798586572439 0.026132075471698116
2 0.9390547703180212 0.3893238993710692 0.0311660777385159 0.08712264150943395
2 0.7812014134275619 0.43580188679245285 0.04634275618374559 0.10007861635220125
2 0.6863515901060071 0.36786163522012577 0.021731448763250883 0.06520440251572326
2 0.6530830388692579 0.365440251572327 0.022252650176678445 0.06690251572327044
2 0.6224999999999999 0.43168238993710695 0.03625441696113074 0.09707547169811322
2 0.45805653710247346 0.6167295597484277 0.027208480565371024 0.13926100628930815
2 0.40624558303886926 0.44759433962264156 0.031174911660777384 0.11842767295597484
2 0.31943462897526503 0.5698584905660378 0.0440017667844523 0.1320754716981132
2 0.2576060070671378 0.3632704402515723 0.030892226148409894 0.08748427672955975
2 0.2156095406360424 0.3582861635220126 0.041219081272084804 0.09850628930817609
2 0.16025618374558304 0.5493238993710692 0.04696113074204947 0.1225
2 0.15775618374558306 0.5066352201257862 0.027217314487632507 0.16172955974842768
2 0.1646113074204947 0.5267767295597484 0.01881625441696113 0.12460691823899371
2 0.08387809187279152 0.7915251572327044 0.0430565371024735 0.1792924528301887
2 0.7999558303886926 0.8349056603773585 0.049690812720848056 0.20913522012578614