2 0.2441077738515901 0.4560691823899371 0.05050353356890459 0.14092767295597483
2 0.34867491166077735 0.6280817610062893 0.04098939929328622 0.17440251572327045
2 0.417791519434629 0.7597798742138365 0.04230565371024735 0.16264150943396227
2 0.36236749116607775 0.4537264150943396 0.04187279151943463 0.1676572327044025
2 0.5171201413427562 0.3775314465408805 0.03409010600706714 0.12320754716981132
2 0.48361307420494704 0.29698113207547167 0.03875441696113074 0.08011006289308177
2 0.7345848056537102 0.41605345911949687 0.04428445229681979 0.1188993710691824
3 0.7744522968197879 0.43863207547169814 0.024045936395759717 0.11496855345911951
2 0.7910600706713781 0.40976415094339624 0.035379858657243815 0.11036163522012578
2 0.9155212014134274 0.5441981132075472 0.03153710247349824 0.1277672955974843
2 0.9345141342756182 0.6281761006289308 0.039690812720848054 0.14691823899371068