2 0.9050088339222615 0.35941823899371067 0.03911660777385159 0.12031446540880503
2 0.7321466431095406 0.6541823899371069 0.0679416961130742 0.15949685534591196
2 0.571643109540636 0.41130503144654085 0.04375441696113074 0.1360062893081761
2 0.5748763250883392 0.5792767295597484 0.055786219081272084 0.14125786163522014
2 0.5395406360424028 0.6122641509433961 0.06082155477031802 0.13226415094339625
2 0.5597173144876325 0.8011635220125787 0.07113957597173146 0.19245283018867926
2 0.18967314487632508 0.5897169811320755 0.032464664310954065 0.14380503144654086
2 0.31674911660777383 0.4626572327044025 0.02689929328621908 0.11922955974842767
2 0.35400176678445233 0.3363679245283019 0.0431095406360424 0.09935534591194968
2 0.1880565371024735 0.3578459119496855 0.04159893992932862 0.09830188679245283
2 0.026669611307420495 0.4838679245283019 0.036846289752650176 0.13965408805031446
2 0.42836572438162546 0.30336477987421384 0.04165194346289752 0.08364779874213837
2 0.6903180212014135 0.3604716981132075 0.026696113074204945 0.0909748427672956
2 0.7166784452296819 0.37383647798742137 0.03171378091872792 0.10196540880503144
2 0.7271289752650176 0.5203144654088051 0.05162544169611307 0.13022012578616352
3 0.7228621908127209 0.44352201257861634 0.026413427561837455 0.08411949685534591
3 0.06657243816254417 0.2656289308176101 0.030079505300353353 0.09624213836477988