3 0.3451678445229682 0.3002044025157233 0.039575971731448764 0.10251572327044026
2 0.22119257950530033 0.3671698113207547 0.02765017667844523 0.10449685534591194
0 0.23409893992932862 0.3995754716981132 0.016757950530035336 0.02908805031446541
2 0.2913957597173145 0.4486792452830189 0.04363074204946996 0.12411949685534591
2 0.28460247349823325 0.5555345911949685 0.0470583038869258 0.1354874213836478
2 0.5134628975265018 0.4210691823899371 0.031254416961130745 0.10713836477987422
2 0.608268551236749 0.33086477987421387 0.03026501766784452 0.0978616352201258
2 0.6429063604240283 0.3569025157232705 0.03253533568904594 0.10473270440251572
2 0.8642137809187279 0.3493867924528302 0.02681095406360424 0.11072327044025157
2 0.9625795053003534 0.4086320754716981 0.03514134275618375 0.11971698113207548
2 0.50023851590106 0.8119496855345911 0.07221731448763251 0.19023584905660376