0 0.8251236749116607 0.3286320754716981 0.01814487632508834 0.027547169811320753
2 0.7012897526501767 0.43553459119496857 0.054319787985865724 0.14183962264150943
3 0.7399911660777385 0.4160220125786163 0.03004416961130742 0.11764150943396226
3 0.3448144876325088 0.21982704402515724 0.03234982332155477 0.09921383647798743
2 0.04921378091872792 0.29654088050314464 0.04240282685512368 0.11564465408805032
2 0.091386925795053 0.3132075471698113 0.02687279151943463 0.14157232704402517
2 0.11132508833922261 0.3888679245283019 0.035194346289752654 0.14405660377358492
2 0.2880742049469965 0.3511006289308176 0.03745583038869258 0.12108490566037737
2 0.34605123674911664 0.35671383647798743 0.02967314487632509 0.12320754716981132
2 0.38257067137809186 0.3900943396226415 0.02945229681978799 0.12677672955974842
2 0.4201590106007067 0.29245283018867924 0.029169611307420497 0.1369182389937107
2 0.4281713780918728 0.537122641509434 0.03470848056537102 0.15987421383647799
2 0.39658127208480565 0.7136477987421384 0.04017667844522968 0.20187106918238992
2 0.5649911660777386 0.3884433962264151 0.027491166077738518 0.12540880503144655
2 0.522517667844523 0.27160377358490567 0.023666077738515902 0.11020440251572328
2 0.9852296819787986 0.3472169811320755 0.029540636042402826 0.1170125786163522