0 0.7942844522968198 0.5894654088050314 0.0296643109540636 0.05839622641509434
2 0.8297703180212014 0.5344339622641509 0.06707597173144877 0.17474842767295598
2 0.42248233215547704 0.7673584905660378 0.08287985865724382 0.20976415094339623
2 0.361660777385159 0.6628144654088051 0.04546819787985865 0.1946069182389937
2 0.3637190812720848 0.5339150943396226 0.0519434628975265 0.14224842767295598
2 0.3740282685512367 0.4078930817610063 0.04782685512367491 0.15121069182389937
2 0.6159628975265018 0.26378930817610063 0.031687279151943464 0.12715408805031447
2 0.05243816254416961 0.5661320754716981 0.06541519434628976 0.17839622641509434
2 0.08262367491166078 0.3154088050314465 0.03568021201413427 0.1454874213836478
2 0.054646643109540635 0.2729559748427673 0.036263250883392224 0.11720125786163522
2 0.09984982332155477 0.15220125786163521 0.044717314487632505 0.11488993710691822