3 0.05804770318021201 0.5452201257861635 0.024125441696113074 0.1239622641509434
3 0.0723851590106007 0.16795597484276728 0.04126325088339223 0.07092767295597484
3 0.3027650176678445 0.9358018867924528 0.04637809187279152 0.12839622641509432
2 0.7254063604240283 0.7542138364779875 0.10726148409893993 0.1886006289308176
0 0.6845229681978798 0.8153616352201258 0.03795053003533569 0.048569182389937106
2 0.6585777385159011 0.6788679245283019 0.06493816254416962 0.14136792452830188
2 0.9015901060070671 0.6013679245283019 0.046625441696113074 0.15871069182389938
2 0.7051855123674912 0.48893081761006285 0.036263250883392224 0.12356918238993711
2 0.7018816254416961 0.4114622641509434 0.042879858657243815 0.12276729559748427
2 0.6084893992932862 0.21701257861635223 0.03108657243816254 0.09775157232704403
2 0.46502650176678445 0.3767610062893082 0.035185512367491165 0.1079559748427673
2 0.47377208480565364 0.2751572327044025 0.029231448763250886 0.10699685534591194
2 0.1581713780918728 0.2512893081761006 0.026395759717314487 0.0871069182389937
2 0.011757950530035336 0.29388364779874215 0.023507067137809187 0.08237421383647799
2 0.018215547703180214 0.46811320754716984 0.03642226148409894 0.10976415094339623
2 0.03802120141342756 0.5319811320754717 0.033833922261484094 0.09410377358490567