2 0.8060247349823321 0.3238522012578616 0.04080388692579505 0.10433962264150944
2 0.9061837455830388 0.42218553459119496 0.04448763250883392 0.13454402515723268
2 0.9208480565371026 0.6655974842767296 0.0355565371024735 0.14839622641509434
2 0.7891254416961131 0.7213050314465409 0.047393992932862186 0.1595125786163522
2 0.4901325088339223 0.6357232704402516 0.05316254416961131 0.13404088050314467
2 0.3852826855123675 0.7423427672955974 0.06243816254416962 0.15429245283018866
2 0.36613957597173147 0.38562893081761007 0.04647526501766784 0.11438679245283019
3 0.33999999999999997 0.2364937106918239 0.028206713780918727 0.0828930817610063
2 0.08809187279151943 0.6152201257861635 0.06648409893992933 0.1724685534591195
2 0.2282773851590106 0.8128930817610063 0.055609540636042405 0.12323899371069182
0 0.23694346289752652 0.8614150943396227 0.01872791519434629 0.04433962264150943
2 0.24766784452296822 0.7755345911949686 0.05082155477031802 0.129874213836478