3 0.7056978798586573 0.5367767295597484 0.03019434628975265 0.11891509433962263
2 0.6636042402826855 0.5566352201257861 0.0331095406360424 0.12438679245283019
2 0.095273851590106 0.5711163522012579 0.038056537102473496 0.13328616352201259
2 0.21324204946996464 0.4689937106918239 0.04592756183745583 0.12055031446540881
2 0.27363957597173144 0.4779088050314465 0.03725265017667845 0.13033018867924528
3 0.06294169611307421 0.24817610062893083 0.028206713780918727 0.0780817610062893
2 0.48922261484098933 0.3690880503144654 0.03573321554770318 0.09800314465408805
2 0.4885512367491166 0.26682389937106915 0.029558303886925794 0.09358490566037736
2 0.5573144876325088 0.7285377358490567 0.0530565371024735 0.1479559748427673
2 0.641386925795053 0.8281761006289309 0.09109540636042403 0.18712264150943397
2 0.7386395759717315 0.41888364779874215 0.03504416961130742 0.0975314465408805
2 0.7362897526501767 0.5910691823899371 0.035503533568904594 0.15842767295597485
2 0.9754416961130743 0.3585220125786164 0.026210247349823322 0.10322327044025158
0 0.6437809187279152 0.8833018867924528 0.015574204946996465 0.028647798742138363