2 0.16558303886925796 0.546933962264151 0.04375441696113074 0.1495754716981132
2 0.028436395759717313 0.7187735849056603 0.056881625441696115 0.18322327044025158
2 0.08040636042402827 0.4868710691823899 0.044355123674911665 0.15418238993710692
2 0.12219964664310955 0.36654088050314465 0.04145759717314488 0.11702830188679246
2 0.16347173144876326 0.2623899371069182 0.03656360424028269 0.09858490566037736
2 0.30573321554770316 0.3009748427672956 0.039531802120141346 0.11073899371069183
2 0.371113074204947 0.4739937106918239 0.044416961130742054 0.13012578616352202
2 0.43703180212014137 0.3527201257861635 0.03789752650176678 0.13726415094339622
2 0.48493816254416966 0.3888836477987422 0.037597173144876324 0.12924528301886792
2 0.4228268551236749 0.1909748427672956 0.02965547703180212 0.09257861635220126
2 0.8019787985865725 0.5706289308176101 0.061510600706713776 0.14040880503144654
2 0.7791166077738516 0.280188679245283 0.035008833922261486 0.09995283018867925
0 0.7614399293286219 0.31677672955974845 0.011192579505300353 0.022657232704402515
2 0.9491077738515902 0.40878930817610065 0.04336572438162545 0.16083333333333336