2 0.19271201413427563 0.7553773584905661 0.06110424028268551 0.1623427672955975
3 0.15449646643109538 0.45342767295597486 0.04902826855123675 0.10869496855345911
2 0.25545936395759716 0.46990566037735854 0.05442579505300353 0.1150314465408805
2 0.39957597173144876 0.7398584905660378 0.06914310954063604 0.19674528301886793
2 0.5182862190812721 0.5644182389937107 0.046819787985865724 0.11588050314465409
2 0.4628975265017668 0.502940251572327 0.04179328621908127 0.14226415094339623
2 0.4217667844522968 0.3718238993710692 0.04227031802120142 0.13160377358490566
2 0.5928710247349823 0.3357075471698113 0.027058303886925796 0.09416666666666666
2 0.680839222614841 0.5808018867924528 0.04325088339222615 0.13433962264150942
0 0.677226148409894 0.637059748427673 0.011881625441696112 0.021823899371069183
2 0.6362014134275618 0.3790880503144654 0.03787102473498233 0.1318238993710692
2 0.6921643109540636 0.4413836477987422 0.03256183745583039 0.1234433962264151
2 0.6792932862190812 0.3357075471698113 0.039001766784452295 0.11871069182389937