2 0.43319787985865726 0.2075943396226415 0.03504416961130742 0.12227987421383647
2 0.17036219081272083 0.31875786163522013 0.046501766784452295 0.15622641509433963
3 0.2981272084805654 0.08113207547169811 0.03215547703180212 0.08125786163522013
2 0.31757067137809186 0.635440251572327 0.06310070671378093 0.1961949685534591
2 0.3862190812720848 0.6479088050314465 0.04428445229681979 0.1787735849056604
2 0.4409717314487633 0.440440251572327 0.03209363957597173 0.16410377358490566
2 0.5763250883392226 0.6149528301886793 0.0778886925795053 0.18817610062893084
2 0.5486837455830389 0.39757861635220126 0.04642226148409894 0.16316037735849057
2 0.6709275618374558 0.24850628930817611 0.05276501766784452 0.1334433962264151
2 0.8559982332155477 0.4465566037735849 0.05778268551236749 0.14809748427672956
2 0.8677650176678445 0.7303459119496856 0.08925795053003534 0.22117924528301885
2 0.9849911660777385 0.5313364779874213 0.030017667844522967 0.18580188679245283
0 0.7490194346289752 0.46020440251572325 0.03167844522968198 0.052955974842767296