2 0.3205625 0.6523611111111111 0.030625000000000003 0.07880555555555556
2 0.60090625 0.78525 0.025343749999999998 0.10177777777777777
2 0.710671875 0.5415277777777777 0.017859375 0.07688888888888888
2 0.6074375 0.23291666666666666 0.017374999999999998 0.06125
2 0.265890625 0.24761111111111112 0.020171875 0.06333333333333334
2 0.6086406249999999 0.18486111111111111 0.015187500000000001 0.049805555555555554
3 0.9832812499999999 0.8527222222222223 0.033437499999999995 0.10777777777777776
2 0.48065625 0.3021388888888889 0.017937500000000002 0.056611111111111105
2 0.6526875000000001 0.24627777777777776 0.019140625 0.064
2 0.49279687499999997 0.22905555555555554 0.0155 0.06072222222222222
2 0.028828125 0.2220277777777778 0.017390625 0.05425000000000001
2 0.627984375 0.7784722222222222 0.02421875 0.10747222222222222
2 0.015453125000000002 0.4075833333333333 0.018828125 0.06963888888888889
2 0.71465625 0.40280555555555553 0.021734375 0.08488888888888889
2 0.578046875 0.1802222222222222 0.01575 0.05077777777777778
3 0.399515625 0.34452777777777777 0.024203125 0.07819444444444444
2 0.368609375 0.268 0.0174375 0.05483333333333333
2 0.50559375 0.5383611111111111 0.0375 0.08255555555555555
2 0.26221875 0.13155555555555556 0.01621875 0.049666666666666665
2 0.264796875 0.17694444444444446 0.01809375 0.052722222222222226
0 0.43820312499999997 0.3936111111111111 0.011265625 0.026972222222222224