3 0.282171875 0.4085740740740741 0.009005208333333332 0.040796296296296296
2 0.14225520833333333 0.5858611111111112 0.014447916666666666 0.06853703703703704
2 0.177703125 0.5299351851851852 0.013802083333333333 0.05810185185185185
2 0.226296875 0.5380555555555556 0.012270833333333333 0.059870370370370365
2 0.29086979166666665 0.5247777777777778 0.01371875 0.06712037037037037
2 0.314046875 0.5424074074074073 0.012984375 0.05889814814814815
2 0.41220312499999995 0.49911111111111106 0.017296875 0.052814814814814814
2 0.46770833333333334 0.5288055555555555 0.017822916666666667 0.05907407407407407
2 0.437375 0.6215092592592593 0.016927083333333332 0.07060185185185185
2 0.5205572916666666 0.7192870370370371 0.019364583333333334 0.08100925925925925
3 0.5237239583333333 0.5878703703703704 0.016651041666666665 0.07094444444444445
2 0.48822916666666666 0.49058333333333337 0.014489583333333333 0.05185185185185185
0 0.48341666666666666 0.5500185185185185 0.007458333333333333 0.01762962962962963
2 0.50553125 0.48771296296296296 0.013932291666666667 0.04218518518518519
2 0.508046875 0.44678703703703704 0.009640625000000002 0.0432037037037037
2 0.66240625 0.514425925925926 0.01677604166666667 0.05832407407407408
2 0.6851979166666666 0.5674907407407407 0.014812500000000001 0.060861111111111116
2 0.7423229166666666 0.46994444444444444 0.010203125 0.04725
2 0.8256197916666667 0.5197685185185186 0.013192708333333332 0.06155555555555556
2 0.894046875 0.609037037037037 0.016734375000000003 0.06523148148148149
2 0.755421875 0.7366851851851852 0.022708333333333334 0.06684259259259259
2 0.03578645833333333 0.7632962962962964 0.021927083333333333 0.08526851851851852
2 0.051125 0.8336944444444444 0.024213541666666668 0.1072037037037037