3 0.29634895833333336 0.04187037037037037 0.04003125 0.08374074074074074
2 0.20981770833333335 0.28127777777777774 0.04058854166666667 0.13560185185185183
2 0.18247395833333335 0.3841388888888889 0.046661458333333336 0.14996296296296296
2 0.26509375 0.26738888888888884 0.03655208333333334 0.12635185185185185
2 0.34988020833333333 0.2151851851851852 0.035994791666666665 0.1484814814814815
2 0.27088020833333337 0.48725 0.05159895833333333 0.19261111111111112
2 0.449140625 0.3915925925925926 0.033125 0.13710185185185184
3 0.5550572916666667 0.30853703703703705 0.04356770833333334 0.15307407407407406
2 0.6467916666666667 0.26122222222222224 0.04301041666666667 0.13252777777777777
2 0.6820989583333333 0.40702777777777777 0.04417708333333333 0.13092592592592592
2 0.7052499999999999 0.3846574074074074 0.04533854166666666 0.12630555555555556
2 0.774703125 0.5124537037037038 0.07660937500000001 0.18128703703703702
2 0.823609375 0.31625000000000003 0.039 0.13147222222222224
2 0.8515364583333334 0.29825 0.034088541666666666 0.13250925925925927
2 0.87425 0.25325 0.03959375 0.1135
2 0.9138958333333334 0.18664814814814815 0.032078125 0.12535185185185185
2 0.9205520833333334 0.49702777777777774 0.046552083333333334 0.14015740740740742
2 0.9505052083333333 0.4160277777777778 0.04221875 0.12321296296296295
0 0.774265625 0.3466018518518518 0.018442708333333332 0.04402777777777778
3 0.4414739583333333 0.8315740740740741 0.07508333333333334 0.21768518518518518