2 0.015265625 0.5001203703703704 0.023963541666666664 0.11135185185185185
2 0.16825520833333335 0.4610740740740741 0.026296875 0.10074074074074074
3 0.35269791666666667 0.45999074074074076 0.025265625 0.11114814814814815
2 0.24071354166666667 0.32451851851851854 0.023890625 0.08496296296296296
2 0.35520833333333335 0.3089722222222222 0.018703124999999998 0.07674074074074073
2 0.43678645833333335 0.3354907407407407 0.02875 0.0840462962962963
2 0.45409375 0.3080555555555555 0.013182291666666667 0.06576851851851852
2 0.4606510416666667 0.30462962962962964 0.016010416666666666 0.07262962962962963
0 0.4467291666666667 0.32875925925925925 0.006817708333333334 0.017962962962962962
2 0.4964791666666667 0.47685185185185186 0.03490625 0.09799074074074074
2 0.5616354166666666 0.4710185185185185 0.02755208333333333 0.10233333333333333
2 0.6180104166666667 0.40059259259259256 0.034140625 0.1032962962962963
2 0.6970781250000001 0.4611851851851852 0.032734375 0.11012037037037038
2 0.8211979166666666 0.45410185185185187 0.02364583333333333 0.1050925925925926
2 0.7906093750000001 0.7945925925925925 0.033609375000000004 0.1463611111111111
2 0.9771197916666666 0.3656018518518519 0.026041666666666668 0.09080555555555556
2 0.9963645833333333 0.36775 0.007270833333333334 0.10612962962962963