2 0.36498437499999997 0.5908518518518519 0.052484375 0.13775
0 0.4194270833333333 0.6226851851851852 0.010958333333333332 0.03025925925925926
2 0.07469791666666666 0.45687962962962964 0.04048958333333333 0.16928703703703704
2 0.096203125 0.2841018518518518 0.02634375 0.11253703703703705
2 0.14717708333333332 0.4678425925925926 0.047072916666666666 0.12168518518518517
2 0.23803125 0.18781481481481482 0.033229166666666664 0.08574999999999999
2 0.2730677083333333 0.38866666666666666 0.028098958333333333 0.10774074074074073
3 0.36119270833333333 0.8553703703703703 0.053927083333333334 0.18009259259259258
3 0.3226979166666667 0.3790462962962963 0.037098958333333334 0.13127777777777777
2 0.3203229166666667 0.5822962962962963 0.03836979166666667 0.12062962962962963
2 0.51746875 0.79225 0.074671875 0.17149999999999999
2 0.435234375 0.687675925925926 0.041953125 0.16666666666666666
2 0.41628645833333333 0.4352037037037037 0.03174479166666667 0.13662962962962963
2 0.44350520833333335 0.4785277777777777 0.047072916666666666 0.1484074074074074
2 0.6196510416666666 0.28355555555555556 0.038364583333333334 0.10610185185185185
2 0.7186041666666667 0.1819259259259259 0.03771875 0.09537037037037037
2 0.9333906249999999 0.5582314814814815 0.055151041666666664 0.1634074074074074
2 0.92496875 0.42663888888888885 0.05033854166666667 0.13555555555555557
2 0.925265625 0.13551851851851854 0.02080729166666667 0.07737962962962962
2 0.463234375 0.09197222222222222 0.02746875 0.07364814814814816