2 0.7440416666666666 0.4788055555555556 0.042468750000000006 0.12866666666666668
2 0.60715625 0.33137962962962964 0.03492708333333334 0.11780555555555557
2 0.4843645833333333 0.6527592592592593 0.0460625 0.13850925925925925
2 0.4793645833333333 0.6549537037037038 0.03796354166666667 0.13614814814814813
2 0.5094010416666667 0.2952037037037037 0.037187500000000005 0.11981481481481482
2 0.39789583333333334 0.26713888888888887 0.029062499999999998 0.11101851851851853
2 0.26772395833333335 0.37989814814814815 0.04444791666666667 0.08636111111111111
2 0.3167760416666667 0.6372037037037036 0.043666666666666666 0.12092592592592592
2 0.3486197916666667 0.5683981481481482 0.02558854166666667 0.12868518518518518
2 0.41354166666666664 0.6563055555555555 0.04323958333333333 0.1422314814814815
0 0.470296875 0.7577314814814815 0.010322916666666666 0.020537037037037038
3 0.31763020833333333 0.501787037037037 0.03586979166666667 0.12392592592592593
2 0.052171875 0.5102407407407407 0.031697916666666666 0.1340740740740741
2 0.020703125 0.7580833333333333 0.04141145833333334 0.19027777777777777