2 0.4871770833333333 0.9750185185185185 0.024947916666666667 0.049962962962962966
2 0.46986979166666665 0.5821018518518518 0.026145833333333333 0.1263425925925926
2 0.5328333333333333 0.4289351851851852 0.0326875 0.10388888888888889
2 0.6621197916666667 0.4851666666666667 0.027125 0.09961111111111111
2 0.675921875 0.6994537037037036 0.05322916666666667 0.13555555555555557
2 0.7385052083333333 0.3397222222222222 0.02469270833333333 0.10587037037037038
2 0.44740625 0.2820462962962963 0.036432291666666665 0.09397222222222222
2 0.289921875 0.3946296296296296 0.030369791666666666 0.10425000000000001
2 0.3042447916666667 0.3342962962962963 0.035140625 0.0870462962962963
2 0.06509375 0.2842962962962963 0.0224375 0.08522222222222223
2 0.07583333333333334 0.42618518518518517 0.031984374999999995 0.109
2 0.064421875 0.5203425925925926 0.028557291666666665 0.11160185185185185
3 0.012760416666666666 0.529787037037037 0.025520833333333333 0.12153703703703703
3 0.004927083333333334 0.2241203703703704 0.009848958333333333 0.07228703703703702
0 0.6679583333333333 0.7530185185185185 0.022380208333333332 0.0330925925925926