1 0.8623385416666667 0.32072222222222224 0.02086979166666667 0.0950462962962963
0 0.8375833333333333 0.2783611111111111 0.008041666666666666 0.023370370370370368
2 0.6321979166666666 0.3753240740740741 0.031828125 0.09271296296296296
2 0.569359375 0.27223148148148146 0.023338541666666667 0.07581481481481481
2 0.5449479166666666 0.25172222222222224 0.025072916666666667 0.0770925925925926
2 0.44869270833333336 0.3304814814814815 0.0270625 0.08444444444444445
2 0.30231250000000004 0.2783611111111111 0.029916666666666664 0.08807407407407408
2 0.24649479166666666 0.24887037037037035 0.028333333333333332 0.07773148148148148
2 0.19820833333333335 0.33666666666666667 0.024541666666666666 0.0872962962962963
2 0.162109375 0.35225925925925927 0.029666666666666668 0.08992592592592594
2 0.23240104166666667 0.4745092592592593 0.02988020833333333 0.11872222222222222
2 0.34972395833333336 0.5519999999999999 0.036119791666666665 0.11507407407407408
3 0.111984375 0.4223425925925926 0.027000000000000003 0.10298148148148148
2 0.150875 0.7057962962962963 0.030255208333333335 0.13392592592592592
2 0.49413541666666666 0.8763888888888889 0.0459375 0.18480555555555556