0 0.229421875 0.756425925925926 0.01921875 0.018351851851851852
2 0.12372395833333334 0.7167222222222221 0.033734375 0.15553703703703703
2 0.32254687499999996 0.6849074074074074 0.048109375 0.15056481481481482
2 0.33765104166666665 0.45767592592592593 0.019932291666666668 0.10672222222222223
3 0.316078125 0.39042592592592595 0.022479166666666665 0.10761111111111112
2 0.5202552083333333 0.6291666666666667 0.060250000000000005 0.10677777777777778
2 0.4162135416666667 0.3423611111111111 0.034921875 0.08818518518518519
2 0.6308489583333333 0.4813796296296296 0.02392708333333333 0.09540740740740741
2 0.6026041666666667 0.46043518518518517 0.026520833333333334 0.1053148148148148
2 0.5047760416666667 0.38230555555555557 0.015635416666666666 0.09848148148148148
2 0.5391822916666666 0.45540740740740737 0.018697916666666665 0.09673148148148147
2 0.5721770833333333 0.43587037037037035 0.02392708333333333 0.09317592592592593
2 0.5564479166666667 0.4161203703703704 0.020770833333333336 0.0936111111111111
2 0.5240781250000001 0.38393518518518516 0.017625000000000002 0.09877777777777778
2 0.5351874999999999 0.39428703703703705 0.014041666666666668 0.08398148148148149