2 0.9631302083333334 0.7602314814814815 0.03009375 0.10405555555555555
2 0.9117552083333333 0.7354166666666667 0.02663541666666667 0.10222222222222223
2 0.8267291666666666 0.719388888888889 0.019026041666666667 0.09397222222222222
2 0.838046875 0.6732037037037036 0.019723958333333333 0.08424074074074074
2 0.7255625 0.7135092592592593 0.020390625 0.08963888888888889
1 0.7527291666666667 0.7326944444444444 0.030848958333333332 0.10758333333333334
2 0.7937291666666667 0.7063333333333334 0.016677083333333335 0.09835185185185186
2 0.779453125 0.6862777777777778 0.016401041666666664 0.09274074074074073
2 0.76378125 0.6829537037037038 0.017442708333333334 0.08887962962962963
2 0.7394947916666667 0.6683333333333333 0.017958333333333333 0.08099074074074074
3 0.5343125000000001 0.7238425925925925 0.025322916666666664 0.10414814814814816
3 0.5110520833333333 0.7189166666666666 0.019958333333333335 0.10732407407407407
3 0.4769791666666666 0.7281851851851853 0.01440625 0.09478703703703704
2 0.48825520833333336 0.7424907407407407 0.02168229166666667 0.10615740740740741
3 0.49404166666666666 0.7261851851851852 0.011875 0.09278703703703703
2 0.2860729166666667 0.6678703703703703 0.02784375 0.10246296296296296
2 0.27578125 0.5795 0.022484375 0.08009259259259259
2 0.2784114583333333 0.5023981481481482 0.017598958333333335 0.06522222222222222
2 0.2596614583333333 0.5019814814814815 0.019 0.06738888888888889
2 0.061234374999999994 0.5571296296296296 0.027703125 0.06623148148148149
2 0.16614062500000001 0.4871388888888889 0.015947916666666666 0.06602777777777778
2 0.18030208333333334 0.48631481481481487 0.0156875 0.06296296296296296