3 0.8406666666666667 0.9420462962962962 0.03644791666666667 0.11590740740740742
2 0.7882135416666666 0.6583148148148148 0.032265625 0.15888888888888889
2 0.7397291666666667 0.3537314814814815 0.03283333333333333 0.09813888888888889
2 0.6009114583333334 0.23537037037037037 0.022442708333333335 0.09122222222222222
2 0.5125677083333333 0.5234166666666666 0.028942708333333334 0.11608333333333334
2 0.493296875 0.4667685185185185 0.033229166666666664 0.08737037037037038
0 0.48002083333333334 0.5001111111111111 0.015395833333333333 0.028574074074074075
2 0.3994635416666667 0.3740277777777778 0.022401041666666666 0.10489814814814816
2 0.3455052083333333 0.4003148148148148 0.03264583333333333 0.10530555555555556
2 0.26186458333333335 0.2647314814814815 0.017630208333333335 0.08791666666666667
2 0.14586979166666666 0.39664814814814814 0.025119791666666665 0.10362037037037036
3 0.15308333333333335 0.49276851851851855 0.02527604166666667 0.10975925925925926
2 0.17484895833333333 0.5616111111111111 0.026776041666666663 0.14452777777777778
3 0.06447916666666667 0.16724999999999998 0.01768229166666667 0.07272222222222223
2 0.082203125 0.21282407407407408 0.019963541666666664 0.09577777777777778
2 0.0248125 0.47988888888888886 0.026171875 0.1191574074074074
3 0.1211875 0.9612222222222221 0.04827083333333334 0.0775462962962963