2 0.3394375 0.6761481481481482 0.012609375 0.06433333333333334
2 0.3394375 0.6454166666666666 0.009182291666666667 0.05157407407407408
2 0.3336145833333333 0.6090462962962963 0.011239583333333332 0.06102777777777778
2 0.36494270833333337 0.6038796296296297 0.012255208333333333 0.06286111111111112
2 0.36117708333333337 0.60875 0.008151041666666668 0.04825
2 0.38394791666666667 0.6093518518518519 0.009166666666666667 0.06163888888888888
2 0.45041666666666663 0.5882037037037037 0.014541666666666668 0.05890740740740741
2 0.2475 0.6384907407407407 0.010244791666666668 0.06663888888888889
2 0.2509270833333333 0.6425277777777777 0.010302083333333333 0.06100925925925926
2 0.24638541666666666 0.608824074074074 0.013156250000000001 0.07122222222222223
3 0.47986458333333337 0.6174907407407407 0.015213541666666667 0.06117592592592592
0 0.480328125 0.6406666666666666 0.004776041666666666 0.01099074074074074
2 0.7052135416666666 0.6276296296296296 0.008661458333333334 0.05708333333333333
2 0.7074843749999999 0.6310833333333333 0.005635416666666667 0.05221296296296296
2 0.7130624999999999 0.6256111111111111 0.007333333333333333 0.05977777777777778
2 0.7136302083333333 0.6320462962962963 0.00846875 0.04825925925925926
2 0.7198697916666668 0.625824074074074 0.007713541666666667 0.05599074074074074
2 0.722328125 0.6296944444444444 0.008843750000000001 0.050277777777777775
3 0.15423958333333332 0.9663425925925927 0.02282291666666667 0.06731481481481481