2 0.4611354166666667 0.7903888888888889 0.04154166666666667 0.15856481481481483
0 0.46074479166666665 0.8494351851851851 0.013927083333333333 0.033546296296296296
2 0.37871875 0.7392592592592593 0.04597916666666667 0.11648148148148148
2 0.195796875 0.47941666666666666 0.02559895833333333 0.09300925925925926
3 0.23979687500000002 0.46041666666666664 0.036369791666666665 0.1004537037037037
2 0.27885937499999996 0.47294444444444445 0.041755208333333335 0.10597222222222223
2 0.17938541666666669 0.34425 0.040546874999999996 0.09960185185185184
2 0.10335416666666666 0.341037037037037 0.028187499999999997 0.10125925925925926
2 0.22821354166666669 0.3585925925925926 0.03663020833333333 0.08200925925925925
2 0.23055729166666666 0.23086111111111113 0.02569270833333333 0.08578703703703704
2 0.3215625 0.20772222222222222 0.033229166666666664 0.07654629629629629
2 0.30971354166666665 0.13228703703703704 0.027765625000000002 0.04234259259259259
2 0.510609375 0.3396203703703704 0.025906250000000002 0.09035185185185185
2 0.5392552083333333 0.27274074074074073 0.02069270833333333 0.07234259259259258
2 0.648359375 0.3609351851851852 0.022546875 0.08924074074074073
2 0.7603333333333333 0.5858703703703704 0.03194270833333333 0.12085185185185186
2 0.7454895833333333 0.21005555555555558 0.025166666666666667 0.07618518518518519
2 0.8008229166666666 0.4532685185185185 0.0316875 0.08512962962962962
3 0.6814322916666666 0.8985092592592593 0.038697916666666665 0.17612037037037037
2 0.966953125 0.2926388888888889 0.029739583333333333 0.10287962962962963