3 0.35327604166666665 0.9412037037037037 0.04457291666666666 0.1175925925925926
2 0.9799322916666667 0.752361111111111 0.040130208333333334 0.14285185185185184
2 0.9855520833333333 0.3707962962962963 0.028895833333333332 0.11084259259259259
2 0.8657343750000001 0.2686296296296296 0.027619791666666667 0.0957962962962963
2 0.739203125 0.48616666666666664 0.031473958333333336 0.10364814814814814
2 0.6600885416666666 0.5464907407407408 0.041265625 0.12878703703703703
2 0.5511197916666667 0.4108148148148148 0.032375 0.11272222222222222
2 0.516546875 0.2776574074074074 0.025744791666666666 0.09996296296296296
2 0.47722916666666665 0.4212314814814815 0.041875 0.12661111111111112
2 0.4062864583333334 0.6043888888888889 0.03675 0.11434259259259259
3 0.3435833333333333 0.4985740740740741 0.04028645833333333 0.11631481481481482
2 0.3349895833333333 0.44232407407407404 0.04263020833333333 0.10107407407407407
2 0.27013541666666663 0.5111574074074073 0.041875 0.11891666666666667
0 0.39725520833333333 0.6472407407407407 0.01575 0.035055555555555555
2 0.307203125 0.2273425925925926 0.031020833333333334 0.07749074074074074
3 0.28659375 0.18272222222222223 0.026921874999999998 0.08202777777777778
2 0.14053125 0.2866296296296296 0.04055729166666667 0.0866574074074074
2 0.16611979166666666 0.37751851851851853 0.037031249999999995 0.08954629629629629
2 0.10400000000000001 0.3862777777777778 0.06127604166666667 0.11228703703703703