2 0.11571875000000001 0.5637962962962962 0.051229166666666666 0.17296296296296299
2 0.10738541666666666 0.26861111111111113 0.034567708333333336 0.09647222222222222
2 0.3068489583333333 0.7001574074074074 0.05848958333333333 0.1262314814814815
2 0.1618125 0.6165833333333333 0.044453124999999996 0.14889814814814814
2 0.38028125 0.43854629629629627 0.049104166666666664 0.13078703703703703
2 0.5557864583333333 0.22971296296296298 0.025119791666666665 0.09275925925925926
2 0.514515625 0.4973425925925926 0.04934375 0.1280277777777778
2 0.6637187499999999 0.6353333333333333 0.05088020833333333 0.14474074074074073
3 0.7809010416666666 0.3095833333333334 0.035234375000000005 0.09973148148148148
2 0.6063177083333334 0.29833333333333334 0.03188020833333333 0.09233333333333334
2 0.5721614583333333 0.2925092592592593 0.021057291666666665 0.09256481481481481
2 0.7736875 0.2084814814814815 0.029713541666666666 0.09325
2 0.8968697916666667 0.22381481481481483 0.026083333333333333 0.10252777777777779
2 0.8669270833333333 0.6117592592592593 0.03036458333333333 0.12736111111111112
2 0.816328125 0.46591666666666665 0.032109375 0.10901851851851851
2 0.7241562500000001 0.5179814814814815 0.03359895833333334 0.11331481481481481
2 0.5642760416666667 0.5335555555555556 0.029343750000000002 0.14683333333333334