2 0.23038020833333334 0.7348611111111111 0.04878125 0.13083333333333336
0 0.24170833333333333 0.7728333333333333 0.011546875000000002 0.021583333333333333
2 0.20160937499999998 0.5580648148148148 0.035515625 0.11058333333333334
2 0.12636458333333334 0.3798796296296296 0.03605729166666667 0.11531481481481481
3 0.32464583333333336 0.1756111111111111 0.01828645833333333 0.07098148148148148
2 0.5276302083333333 0.26086111111111115 0.022125 0.08012037037037037
2 0.48271354166666663 0.48064814814814816 0.031098958333333333 0.09483333333333334
2 0.441359375 0.4469537037037037 0.026515624999999998 0.09689814814814815
2 0.4185 0.5872407407407407 0.029052083333333333 0.12009259259259258
2 0.4151666666666667 0.791537037037037 0.04306770833333333 0.13446296296296295
3 0.5635520833333333 0.9157685185185185 0.033067708333333334 0.16846296296296295
2 0.5787760416666666 0.6246944444444444 0.03478645833333334 0.11534259259259258
2 0.7597447916666666 0.45506481481481487 0.030208333333333334 0.10494444444444445
2 0.7715208333333333 0.3730833333333333 0.029630208333333335 0.09417592592592593
2 0.7109791666666666 0.3532777777777778 0.025744791666666666 0.08315740740740742
2 0.9906614583333333 0.2475 0.018677083333333334 0.0922037037037037