3 0.10683333333333334 0.9678240740740741 0.043875 0.06435185185185185
3 0.9146354166666666 0.9412037037037037 0.06313020833333333 0.1175925925925926
2 0.76609375 0.6746851851851852 0.049901041666666666 0.17715740740740743
2 0.7185833333333334 0.35510185185185184 0.02880729166666667 0.1086111111111111
2 0.5767395833333333 0.24436111111111114 0.03229166666666667 0.10000925925925927
2 0.5276822916666667 0.5064351851851853 0.041734375 0.11955555555555555
2 0.44548437500000004 0.47224999999999995 0.04032291666666667 0.11227777777777778
0 0.4293020833333333 0.41225925925925927 0.012390624999999999 0.025814814814814815
2 0.44903125 0.39294444444444443 0.042979166666666666 0.06601851851851852
2 0.34378125 0.4666296296296296 0.03760416666666667 0.10301851851851852
2 0.3196145833333333 0.5496944444444444 0.038052083333333334 0.11341666666666667
2 0.31734375 0.3815092592592592 0.03018229166666667 0.09834259259259259
2 0.24711458333333333 0.28258333333333335 0.026104166666666664 0.09762037037037037
3 0.18791666666666668 0.48190740740740745 0.03632291666666666 0.11975925925925926
2 0.12450520833333334 0.2150925925925926 0.020385416666666666 0.09075925925925926
2 0.07131249999999999 0.4051574074074074 0.03929166666666666 0.09833333333333334
3 0.04454166666666667 0.17124999999999999 0.024557291666666665 0.08388888888888889
2 0.007260416666666667 0.5021018518518519 0.014520833333333334 0.103
2 0.00615625 0.36426851851851855 0.012307291666666666 0.10131481481481482