2 0.15504166666666666 0.30906481481481485 0.030911458333333332 0.1218425925925926
2 0.2560729166666667 0.6341944444444444 0.04547916666666666 0.15635185185185185
2 0.2633697916666667 0.7784074074074073 0.044098958333333334 0.16169444444444445
2 0.36947395833333335 0.5964814814814815 0.04571875 0.13184259259259257
2 0.314140625 0.3629907407407407 0.03140625 0.11393518518518518
2 0.36530729166666664 0.4007037037037037 0.026973958333333332 0.11993518518518519
2 0.39720833333333333 0.26162962962962966 0.0465 0.12418518518518519
3 0.4551458333333333 0.3764074074074074 0.034770833333333334 0.11300925925925925
2 0.47311458333333334 0.2514537037037037 0.03424479166666667 0.10382407407407407
2 0.6276562499999999 0.36021296296296296 0.0334375 0.1083888888888889
2 0.5345677083333332 0.6411388888888888 0.042567708333333336 0.10543518518518519
2 0.6717916666666667 0.44583333333333336 0.030567708333333332 0.12222222222222222
2 0.7098125 0.6073518518518519 0.0336875 0.1397037037037037
2 0.7388437499999999 0.4974351851851852 0.031859375 0.13746296296296298
2 0.8325885416666666 0.48586111111111113 0.021427083333333333 0.12358333333333334
2 0.8657916666666666 0.4787314814814815 0.0345625 0.13605555555555554
1 0.9492447916666666 0.2060925925925926 0.03598958333333333 0.1057037037037037
0 0.2539895833333333 0.7029444444444444 0.020479166666666666 0.029953703703703705