0 0.8745364583333333 0.8135370370370371 0.013692708333333333 0.02946296296296296
2 0.8225677083333333 0.2700462962962963 0.02928645833333333 0.09190740740740741
2 0.5732239583333333 0.2003611111111111 0.026833333333333334 0.09742592592592593
2 0.63415625 0.5761388888888889 0.030979166666666665 0.13099074074074074
2 0.5646197916666666 0.4675092592592593 0.036796875 0.12944444444444445
2 0.482953125 0.3809259259259259 0.03646354166666667 0.10439814814814814
2 0.314375 0.326212962962963 0.028916666666666667 0.11087037037037037
2 0.35321354166666663 0.2611944444444444 0.017859375 0.08387037037037037
2 0.34181249999999996 0.7196944444444444 0.04479166666666667 0.14763888888888888
2 0.33275520833333333 0.6553333333333333 0.01677604166666667 0.057555555555555554
3 0.464125 0.8569722222222222 0.027776041666666664 0.17427777777777778
2 0.10905208333333333 0.49567592592592596 0.031203124999999998 0.12460185185185184
2 0.05925520833333333 0.5085555555555555 0.029406250000000002 0.09884259259259259
3 0.07202083333333334 0.44513888888888886 0.024151041666666664 0.10725
2 0.015526041666666665 0.37175925925925923 0.019828125 0.10214814814814814
2 0.05518229166666667 0.2164537037037037 0.023072916666666665 0.10385185185185185
2 0.126890625 0.17637962962962964 0.02159895833333333 0.07844444444444444
3 0.126234375 0.10705555555555556 0.027989583333333335 0.06503703703703703