2 0.14541666666666667 0.6368055555555555 0.06126041666666667 0.1583425925925926
1 0.2628020833333333 0.5036574074074075 0.041088541666666666 0.1416851851851852
2 0.22159895833333335 0.3950092592592593 0.05452083333333334 0.10330555555555555
2 0.333984375 0.2776296296296296 0.04206770833333333 0.08580555555555555
2 0.3842916666666667 0.4303703703703704 0.04683333333333333 0.09735185185185186
2 0.3465625 0.35900925925925925 0.03607291666666667 0.08668518518518518
2 0.39255208333333336 0.9101203703703703 0.08013020833333333 0.15373148148148147
2 0.5304479166666667 0.47701851851851845 0.058791666666666666 0.11397222222222222
2 0.48696875 0.2846666666666667 0.046114583333333334 0.09562962962962963
2 0.545453125 0.21394444444444444 0.02409375 0.0734537037037037
2 0.827234375 0.3856388888888889 0.04851041666666667 0.08883333333333333
2 0.9256093750000001 0.46446296296296297 0.039177083333333335 0.11868518518518519