2 0.7882187500000001 0.6976296296296297 0.04201041666666667 0.10497222222222223
2 0.649296875 0.6757685185185186 0.03190625 0.0998425925925926
2 0.7916562500000001 0.5746574074074075 0.045265625 0.10665740740740741
2 0.6977760416666666 0.4597222222222222 0.027557291666666664 0.07939814814814815
2 0.73621875 0.44913888888888887 0.020385416666666666 0.0897037037037037
2 0.5794791666666667 0.4303240740740741 0.028140625 0.08551851851851852
2 0.49011979166666664 0.46425 0.01871875 0.09164814814814815
2 0.5299114583333333 0.4918703703703704 0.031927083333333335 0.07937962962962963
3 0.4209270833333333 0.551212962962963 0.039510416666666666 0.10101851851851851
2 0.3797760416666666 0.4626388888888889 0.022317708333333335 0.08842592592592592
2 0.4189375 0.4479814814814815 0.032484374999999996 0.07200925925925926
2 0.331390625 0.5803148148148148 0.03406770833333333 0.0975
2 0.3561666666666667 0.5399351851851851 0.040817708333333334 0.07581481481481481
2 0.21407812499999998 0.519361111111111 0.022572916666666668 0.07325
2 0.243109375 0.49894444444444447 0.028171875000000002 0.06780555555555556
2 0.25966666666666666 0.4274351851851852 0.022296875 0.07715740740740741
2 0.17292708333333331 0.4386851851851852 0.018119791666666666 0.06880555555555556
0 0.6434947916666667 0.5534907407407407 0.013020833333333334 0.02736111111111111