3 0.150046875 0.40166666666666667 0.028197916666666666 0.10957407407407407
2 0.09980208333333333 0.6043148148148147 0.03678125 0.11883333333333333
2 0.11331770833333334 0.742287037037037 0.029296875 0.14162962962962963
2 0.14171875 0.6236296296296296 0.03000520833333333 0.1395462962962963
2 0.1725625 0.46787962962962965 0.03272395833333333 0.10932407407407407
2 0.301796875 0.6389722222222223 0.03660416666666667 0.12932407407407406
2 0.25081770833333333 0.5501018518518519 0.039651041666666664 0.11267592592592593
2 0.28317708333333336 0.5187685185185185 0.03819791666666667 0.10371296296296297
2 0.43620312499999997 0.6518888888888889 0.037890625 0.12190740740740741
2 0.5192708333333333 0.46123148148148146 0.025671875 0.08579629629629629
2 0.4754114583333333 0.46979629629629627 0.032880208333333334 0.11572222222222223
0 0.4907291666666667 0.44165740740740744 0.010296875 0.01852777777777778
2 0.5798906250000001 0.7810185185185186 0.04479166666666667 0.1449351851851852
2 0.7893229166666667 0.47681481481481486 0.03216145833333333 0.0939537037037037
2 0.8433229166666667 0.5504722222222223 0.03228125 0.11852777777777777
3 0.9036458333333334 0.5608240740740741 0.027791666666666666 0.11623148148148148
2 0.6739375 0.4366481481481481 0.018630208333333335 0.09010185185185185