2 0.30289062499999997 0.7467592592592592 0.11827604166666666 0.5064814814814815
2 0.5079322916666666 0.5665555555555556 0.10388541666666667 0.5858888888888889
2 0.6110416666666667 0.5515092592592593 0.09135416666666667 0.6159814814814815
1 0.6855052083333334 0.5447962962962963 0.136109375 0.6442222222222223
2 0.8744010416666667 0.4580277777777778 0.183171875 0.595675925925926
2 0.8760989583333333 0.46775 0.11105208333333333 0.5688240740740741
3 0.3632916666666667 0.47977777777777775 0.16616666666666668 0.5743703703703704
2 0.4141927083333333 0.4728333333333334 0.15599479166666666 0.5882592592592593
2 0.20121354166666666 0.4959722222222222 0.11544791666666666 0.5975092592592592
2 0.139375 0.5107777777777778 0.13499479166666667 0.6271203703703704
2 0.10605208333333334 0.45154629629629633 0.08918229166666666 0.564212962962963
2 0.0359375 0.3494351851851852 0.071875 0.5566851851851852