0 0.35075 0.19257407407407406 0.020364583333333335 0.03534259259259259
2 0.4358333333333333 0.2329351851851852 0.04816666666666667 0.13150925925925927
2 0.38027083333333334 0.3669074074074074 0.04120833333333333 0.15562962962962965
2 0.4604270833333333 0.4533148148148148 0.04180729166666666 0.14942592592592593
2 0.6111979166666667 0.4103703703703704 0.03779166666666667 0.12835185185185186
2 0.6560520833333333 0.5106574074074074 0.044171875 0.14374074074074075
2 0.7052499999999999 0.3959722222222222 0.04302604166666667 0.13658333333333333
2 0.686296875 0.30237037037037034 0.02999479166666667 0.1160462962962963
2 0.6807968750000001 0.25839814814814815 0.04330729166666667 0.07440740740740741
2 0.7191354166666667 0.3126759259259259 0.03452604166666667 0.07938888888888888
2 0.7917708333333333 0.34096296296296297 0.052453124999999996 0.12157407407407408
2 0.89609375 0.3509907407407407 0.043458333333333335 0.13546296296296298
2 0.9228645833333334 0.30650925925925926 0.04373958333333334 0.14110185185185184
2 0.9557083333333334 0.22678703703703704 0.049229166666666664 0.11125
3 0.988859375 0.3553425925925926 0.02228125 0.12939814814814815
3 0.6000572916666667 0.12056481481481482 0.024187499999999997 0.07651851851851851
3 0.8500885416666667 0.9200092592592592 0.05897395833333333 0.15998148148148147