1 0.22725520833333332 0.3305925925925926 0.03211979166666667 0.1139537037037037
2 0.28284895833333334 0.3236481481481482 0.02090625 0.10933333333333334
2 0.45391145833333335 0.48355555555555557 0.024489583333333335 0.1189537037037037
2 0.6054479166666666 0.4048703703703704 0.025479166666666667 0.10975
2 0.6146927083333333 0.5101666666666667 0.025734374999999997 0.12124999999999998
2 0.5721197916666667 0.23872222222222222 0.04215625 0.10151851851851852
2 0.7185781250000001 0.41644444444444445 0.030390625 0.12362037037037037
2 0.7304270833333334 0.2942592592592593 0.035854166666666666 0.08297222222222222
2 0.8769166666666667 0.21046296296296296 0.019791666666666666 0.09136111111111112
2 0.931421875 0.31851851851851853 0.027578125000000002 0.09925925925925926
2 0.9895416666666667 0.4278703703703704 0.020911458333333334 0.10459259259259258
3 0.7412291666666667 0.14569444444444443 0.039234375 0.10990740740740741