2 0.6959739583333333 0.6929444444444445 0.021791666666666668 0.08338888888888889
2 0.71478125 0.6394074074074073 0.021125 0.0854074074074074
2 0.7741302083333333 0.6628611111111111 0.024338541666666665 0.07601851851851851
2 0.8039895833333334 0.6818055555555556 0.020041666666666666 0.07283333333333333
2 0.8124010416666666 0.7066111111111111 0.03065625 0.07950925925925927
2 0.8327604166666667 0.6766481481481481 0.030645833333333334 0.07189814814814816
2 0.883859375 0.66925 0.02865625 0.09231481481481482
1 0.66315625 0.729712962962963 0.027619791666666667 0.10089814814814815
2 0.26266666666666666 0.6804074074074075 0.030609375 0.09525
2 0.297875 0.5792685185185186 0.01240625 0.06874074074074074
2 0.3053489583333333 0.5705648148148148 0.011572916666666665 0.07335185185185185
2 0.2685833333333333 0.49666666666666665 0.009411458333333334 0.06845370370370371
2 0.2777291666666667 0.49850925925925926 0.011546875000000002 0.0674537037037037
2 0.06520833333333334 0.55325 0.019713541666666667 0.06666666666666667
2 0.010036458333333333 0.637212962962963 0.01769270833333333 0.07537962962962963
1 0.007614583333333333 0.6000092592592593 0.014822916666666667 0.074
2 0.1779791666666667 0.48519444444444443 0.01740625 0.07000925925925926
2 0.19615625 0.48261111111111116 0.014536458333333334 0.0664074074074074
2 0.9827760416666667 0.7459537037037037 0.030401041666666666 0.10018518518518518
3 0.47685416666666663 0.7248703703703704 0.015546875 0.08727777777777779
2 0.483125 0.7373425925925926 0.015348958333333333 0.09334259259259259
3 0.5289947916666666 0.722574074074074 0.019572916666666666 0.09102777777777778
3 0.5120260416666667 0.7207037037037037 0.01788020833333333 0.09562037037037037
3 0.49576041666666665 0.722574074074074 0.015250000000000001 0.09102777777777778