2 0.06787499999999999 0.44560185185185186 0.0396875 0.1278240740740741
3 0.29706770833333335 0.36124999999999996 0.032796874999999996 0.1381388888888889
2 0.22197395833333333 0.7004444444444444 0.068375 0.0973888888888889
2 0.42685937500000004 0.5780277777777778 0.058005208333333336 0.18588888888888888
2 0.35610416666666667 0.3113611111111111 0.03628125 0.13096296296296295
2 0.3860572916666667 0.35276851851851854 0.014588541666666668 0.10574074074074075
2 0.3980625 0.35482407407407407 0.0125625 0.10368518518518519
2 0.4219375 0.3558611111111111 0.020385416666666666 0.09339814814814815
2 0.4142708333333333 0.29337037037037034 0.017197916666666667 0.05793518518518519
2 0.4513125 0.3116203703703704 0.028781249999999998 0.1160462962962963
2 0.47431770833333337 0.35405555555555557 0.024447916666666666 0.13609259259259257
2 0.5130989583333333 0.3496851851851852 0.02908854166666667 0.10575
2 0.521921875 0.3694814814814815 0.020697916666666667 0.11139814814814815
2 0.5476770833333333 0.3977685185185185 0.020125 0.10624074074074073
2 0.5654739583333334 0.4144907407407407 0.022734374999999998 0.0995462962962963
2 0.5842864583333333 0.40651851851851856 0.029104166666666667 0.11137962962962963
2 0.710171875 0.5739166666666667 0.04128645833333333 0.15298148148148147
2 0.9263437499999999 0.7176574074074075 0.053494791666666666 0.2028148148148148
1 0.8866979166666666 0.30416666666666664 0.0540625 0.14742592592592593
0 0.24425520833333333 0.7292500000000001 0.02265625 0.03771296296296296
3 0.2792760416666667 0.9238703703703703 0.05449479166666667 0.15225925925925926