3 0.04913541666666667 0.5102777777777778 0.011609375 0.04156481481481482
2 0.256875 0.6558148148148147 0.011567708333333334 0.06532407407407408
2 0.26111979166666666 0.6379351851851852 0.009546875 0.06548148148148147
2 0.26580729166666667 0.6220555555555556 0.012453125 0.05241666666666667
2 0.33888541666666666 0.6839814814814815 0.01553125 0.06415740740740741
2 0.34822395833333336 0.643324074074074 0.012375 0.06045370370370371
2 0.31791145833333334 0.6628611111111111 0.014807291666666667 0.06503703703703703
2 0.32240104166666667 0.6245740740740741 0.008421875 0.05313888888888889
2 0.331171875 0.6260833333333333 0.013645833333333333 0.05471296296296296
2 0.3911979166666667 0.6089814814814816 0.014255208333333333 0.05788888888888889
2 0.441515625 0.6121388888888889 0.010598958333333333 0.06420370370370371
3 0.4874791666666667 0.6339074074074074 0.020874999999999998 0.06318518518518518
0 0.49083333333333334 0.6554722222222222 0.005760416666666667 0.008574074074074074
2 0.556546875 0.6336944444444444 0.01915625 0.06706481481481483
2 0.7444583333333333 0.6566111111111111 0.013411458333333333 0.05685185185185185
2 0.7725052083333334 0.6637222222222222 0.009682291666666667 0.06675925925925925
2 0.6625 0.6632870370370371 0.014411458333333333 0.057277777777777775
2 0.7013333333333333 0.6394444444444445 0.013666666666666666 0.05556481481481481
2 0.6301249999999999 0.6198981481481481 0.008682291666666668 0.06247222222222222
2 0.6429791666666667 0.612 0.013364583333333334 0.055296296296296295
2 0.6235416666666667 0.5969166666666667 0.010864583333333334 0.051
2 0.7795104166666668 0.6061111111111112 0.011572916666666665 0.05788888888888889
2 0.8255416666666666 0.5785277777777778 0.017135416666666667 0.054453703703703706
1 0.8584791666666667 0.6322592592592593 0.025614583333333333 0.06419444444444444