3 0.03260416666666667 0.4167222222222222 0.03530729166666667 0.1272962962962963
2 0.06129166666666667 0.42537037037037034 0.026776041666666663 0.12029629629629629
2 0.09600520833333334 0.4286574074074074 0.03833854166666666 0.10687037037037037
2 0.23125520833333332 0.5241388888888889 0.024307291666666668 0.13066666666666668
2 0.30709375 0.5781388888888889 0.036140625 0.12434259259259259
2 0.299984375 0.43537037037037035 0.03236979166666667 0.08314814814814815
2 0.3581614583333333 0.4524537037037037 0.0715625 0.028425925925925924
2 0.31903125 0.34437962962962965 0.027057291666666667 0.10406481481481482
2 0.3345364583333333 0.7280555555555556 0.032677083333333336 0.1555462962962963
2 0.550546875 0.44254629629629627 0.041604166666666664 0.1146574074074074
2 0.5225416666666667 0.4749074074074074 0.03783854166666667 0.09792592592592593
0 0.507796875 0.48862962962962964 0.010760416666666666 0.01677777777777778
1 0.7451927083333333 0.34550925925925924 0.040276041666666665 0.12489814814814813