2 0.3511458333333334 0.6543611111111112 0.011703125 0.061490740740740735
2 0.37825000000000003 0.5683055555555555 0.015125 0.05410185185185185
2 0.39921354166666667 0.5606851851851852 0.013817708333333335 0.05472222222222222
2 0.43561979166666664 0.5773333333333334 0.0118125 0.05750925925925926
2 0.4647864583333333 0.5612962962962963 0.011119791666666667 0.05837962962962963
3 0.48886979166666666 0.565324074074074 0.011244791666666667 0.059111111111111114
2 0.27140625 0.5629444444444445 0.012145833333333333 0.05800925925925926
2 0.22975520833333332 0.6607037037037037 0.02355208333333333 0.0692962962962963
2 0.15615625 0.6419166666666667 0.0143125 0.07076851851851852
2 0.18761979166666667 0.5909351851851852 0.01340625 0.06152777777777778
3 0.17163541666666668 0.9527314814814816 0.017807291666666666 0.09452777777777778
2 0.7045781249999999 0.6065648148148148 0.0074062500000000005 0.06462037037037037
2 0.7058177083333333 0.6092407407407407 0.004932291666666667 0.057101851851851855
2 0.7131510416666667 0.606462962962963 0.0070260416666666665 0.06102777777777778
2 0.7136458333333333 0.6125925925925926 0.008776041666666668 0.05093518518518518
2 0.7202031249999999 0.6028703703703704 0.006640625 0.055212962962962964
2 0.7216302083333334 0.610962962962963 0.008354166666666666 0.05851851851851852