2 0.5382187500000001 0.27767592592592594 0.035166666666666666 0.11681481481481482
2 0.4593125 0.47650925925925924 0.043229166666666666 0.11497222222222223
3 0.32501041666666663 0.4396481481481481 0.03949479166666667 0.1316111111111111
2 0.243296875 0.34712037037037036 0.03391666666666667 0.10351851851851851
2 0.20516145833333335 0.5492962962962963 0.05072395833333333 0.14067592592592593
2 0.10939583333333333 0.7307777777777777 0.049708333333333334 0.1431111111111111
3 0.03955729166666667 0.8910555555555556 0.05450520833333334 0.18305555555555555
2 0.44497395833333336 0.7217037037037037 0.052015625 0.14875
2 0.5332708333333334 0.5266666666666666 0.03330208333333333 0.10112037037037036
2 0.56978125 0.5330833333333334 0.0394375 0.09969444444444445
2 0.7566354166666667 0.7124259259259259 0.0573125 0.1587222222222222
2 0.7713802083333333 0.40012037037037035 0.03865104166666666 0.1238888888888889
2 0.8370468750000001 0.6636574074074074 0.04423958333333333 0.1563148148148148