2 0.1430625 0.5765740740740741 0.05903645833333333 0.13833333333333334
2 0.20816145833333335 0.31092592592592594 0.05381770833333333 0.08851851851851851
2 0.19800520833333335 0.21650925925925926 0.028302083333333335 0.0663611111111111
3 0.13819791666666664 0.14625 0.02272916666666667 0.05436111111111111
2 0.36548437500000003 0.24064814814814814 0.042640625 0.0878425925925926
2 0.34698958333333335 0.3320833333333333 0.03045833333333333 0.08280555555555556
2 0.3687708333333333 0.4973981481481482 0.022260416666666668 0.08940740740740741
2 0.37842708333333336 0.4609814814814815 0.017755208333333335 0.0855925925925926
2 0.5275729166666667 0.36025 0.023848958333333333 0.09697222222222222
2 0.615375 0.4141481481481481 0.03782291666666667 0.09052777777777778
2 0.5306614583333333 0.24227777777777781 0.020317708333333333 0.08151851851851852
2 0.558109375 0.29594444444444445 0.02077604166666667 0.08148148148148149
2 0.6638489583333332 0.24093518518518517 0.0256875 0.075
3 0.743390625 0.31606481481481485 0.03054166666666667 0.10062962962962964
2 0.6614322916666667 0.3727129629629629 0.03486979166666667 0.10078703703703704
2 0.8542135416666666 0.3132962962962963 0.026557291666666667 0.07705555555555556
2 0.85028125 0.38027777777777777 0.03615625 0.08717592592592593
2 0.9116458333333333 0.4407037037037037 0.0273125 0.1063888888888889
2 0.918734375 0.5738796296296296 0.038786458333333336 0.12917592592592592
2 0.9375312499999999 0.5204351851851853 0.015828125000000002 0.13547222222222222
0 0.07831770833333333 0.28294444444444444 0.009078125 0.017324074074074075
3 0.4810833333333333 0.9054074074074074 0.046177083333333334 0.1824074074074074