2 0.018041666666666668 0.616537037037037 0.034755208333333336 0.11902777777777779
2 0.10215104166666666 0.3181759259259259 0.030010416666666664 0.10375925925925926
2 0.21892708333333333 0.25104629629629627 0.025187499999999998 0.0818611111111111
2 0.238734375 0.24187962962962964 0.023770833333333335 0.09703703703703703
3 0.29860416666666667 0.4201851851851852 0.039296875 0.12053703703703704
2 0.33773437500000003 0.38430555555555557 0.026640624999999998 0.10397222222222223
2 0.49978645833333335 0.511361111111111 0.048625 0.13195370370370368
2 0.37289583333333337 0.7440833333333333 0.05728125 0.1308425925925926
2 0.409828125 0.7713333333333333 0.045140625000000004 0.18927777777777777
3 0.4623958333333333 0.9295 0.057645833333333334 0.14099074074074075
0 0.4703541666666667 0.8219074074074074 0.02284375 0.03166666666666667
2 0.7203333333333333 0.5138981481481482 0.035421875000000005 0.1331111111111111
2 0.6920000000000001 0.25254629629629627 0.033890624999999994 0.08480555555555556
2 0.7009322916666666 0.39312037037037034 0.03190625 0.12680555555555553
2 0.785265625 0.4250833333333333 0.030765625 0.11622222222222221
2 0.8890208333333334 0.21568518518518517 0.022151041666666666 0.08163888888888889
2 0.38368749999999996 0.31234259259259256 0.039171874999999995 0.09852777777777777
2 0.44079687500000003 0.1825462962962963 0.02547395833333333 0.08202777777777778
3 0.326171875 0.13783333333333334 0.020010416666666666 0.06918518518518518