2 0.24049479166666668 0.6047777777777777 0.046385416666666665 0.13445370370370371
2 0.31645833333333334 0.6058055555555555 0.029906250000000002 0.14267592592592593
2 0.21748958333333332 0.4972870370370371 0.036828124999999996 0.11700925925925926
2 0.19188020833333336 0.43042592592592593 0.039427083333333335 0.10057407407407408
2 0.33165104166666665 0.49446296296296294 0.03425 0.1329537037037037
2 0.3652135416666667 0.4525648148148148 0.044453124999999996 0.10824074074074075
2 0.4028333333333334 0.45487962962962963 0.042130208333333335 0.1313888888888889
2 0.48415625 0.43842592592592594 0.035744791666666664 0.10258333333333335
3 0.5423177083333334 0.5484814814814815 0.047885416666666666 0.12937037037037036
2 0.5829791666666666 0.5253425925925926 0.04816145833333333 0.09541666666666666
2 0.6291354166666667 0.4903703703703704 0.03744270833333333 0.10980555555555556
2 0.5803802083333333 0.45332407407407405 0.026500000000000003 0.06301851851851852
2 0.6331875 0.41862037037037036 0.029338541666666666 0.06502777777777778
2 0.8820677083333333 0.5389444444444444 0.04480208333333333 0.1139074074074074
2 0.8641249999999999 0.7292407407407407 0.043640625 0.16114814814814815
2 0.9573072916666666 0.8994722222222222 0.05639583333333333 0.1867962962962963