2 0.10595312500000001 0.7036203703703704 0.039515625000000006 0.14704629629629629
2 0.274171875 0.6346574074074074 0.042609375 0.1295
2 0.19032291666666667 0.45855555555555555 0.03116666666666667 0.13377777777777777
2 0.231859375 0.46762037037037035 0.028989583333333332 0.12124074074074073
3 0.35970833333333335 0.40764814814814815 0.034005208333333335 0.10604629629629629
2 0.35280729166666663 0.3164814814814815 0.043640625 0.0811111111111111
2 0.47949479166666664 0.3044722222222222 0.04934375 0.10956481481481481
2 0.5577395833333333 0.5791203703703705 0.03163020833333333 0.12953703703703703
2 0.67140625 0.3785277777777778 0.024895833333333332 0.12812037037037038
2 0.8735989583333333 0.5622314814814815 0.022723958333333336 0.10038888888888889
2 0.918390625 0.5861018518518518 0.03353125 0.12501851851851853
0 0.6574739583333333 0.5770555555555555 0.017552083333333336 0.018925925925925926
2 0.69640625 0.5284814814814814 0.047817708333333334 0.12451851851851851