2 0.78671875 0.665462962962963 0.03171875 0.0935462962962963
2 0.819640625 0.5571481481481482 0.019973958333333333 0.07085185185185185
2 0.8014114583333334 0.49958333333333327 0.018661458333333332 0.07523148148148148
2 0.7450781249999999 0.45266666666666666 0.0268125 0.06848148148148148
2 0.6939218749999999 0.5467314814814815 0.022447916666666668 0.07956481481481482
2 0.6503802083333333 0.5005462962962963 0.023526041666666667 0.07136111111111111
2 0.519890625 0.5123981481481481 0.018864583333333334 0.06313888888888888
2 0.5480572916666666 0.4729814814814815 0.02458854166666667 0.06847222222222223
2 0.5190729166666667 0.4321111111111111 0.0205 0.059296296296296305
3 0.5377135416666667 0.5750462962962962 0.025484375 0.0815
2 0.5213854166666666 0.7012685185185186 0.022223958333333335 0.08444444444444445
2 0.4748958333333333 0.47002777777777777 0.012598958333333334 0.06900925925925926
2 0.48711458333333335 0.4694537037037037 0.011848958333333333 0.06181481481481482
2 0.3883229166666667 0.4902129629629629 0.02059375 0.060925925925925925
2 0.40475520833333334 0.5867314814814815 0.021395833333333333 0.07014814814814815
2 0.3528541666666667 0.5404259259259259 0.020984375 0.07444444444444445
2 0.307921875 0.5204351851851853 0.024984375 0.08305555555555556
2 0.190140625 0.5070648148148148 0.018588541666666666 0.062481481481481485
2 0.20605729166666667 0.47440740740740744 0.02264583333333333 0.0681574074074074
2 0.13110416666666666 0.5646666666666667 0.025520833333333333 0.0850925925925926
3 0.27377083333333335 0.3964907407407407 0.01571875 0.05121296296296297
2 0.0105625 0.7848055555555555 0.021125 0.12276851851851853
0 0.5179270833333333 0.5208703703703703 0.005166666666666667 0.011074074074074075
3 0.018244791666666666 0.9221018518518519 0.0324375 0.12712962962962965