2 0.24678645833333332 0.8625648148148148 0.07769791666666667 0.15336111111111111
2 0.35866666666666663 0.5221574074074073 0.04719270833333333 0.12148148148148147
2 0.018593750000000003 0.2972314814814815 0.029130208333333334 0.0878425925925926
2 0.13638541666666668 0.29835185185185187 0.023036458333333332 0.08560185185185186
3 0.202828125 0.328787037037037 0.025020833333333332 0.09277777777777778
2 0.16192708333333333 0.22426851851851853 0.03636458333333333 0.07618518518518519
2 0.21591666666666667 0.2316574074074074 0.03105208333333333 0.08648148148148149
2 0.26071354166666666 0.2835740740740741 0.030026041666666666 0.06500925925925925
2 0.35336458333333337 0.3831759259259259 0.03909895833333333 0.0807037037037037
2 0.35285937500000003 0.27619444444444446 0.017958333333333333 0.07262037037037038
2 0.471046875 0.38787037037037037 0.04034895833333333 0.08562962962962964
2 0.45682812500000003 0.2336666666666667 0.0245 0.08603703703703704
2 0.37616145833333337 0.2578425925925926 0.026802083333333334 0.06276851851851853
2 0.6601458333333333 0.34870370370370374 0.028348958333333334 0.09233333333333334
2 0.659015625 0.21823148148148147 0.02859895833333333 0.07752777777777778
2 0.7608385416666666 0.2887222222222222 0.035890624999999995 0.0932037037037037
2 0.9626927083333333 0.47224074074074074 0.04686979166666667 0.1022037037037037