2 0.09749479166666666 0.49465740740740743 0.035609375000000006 0.11339814814814815
2 0.123140625 0.6416018518518518 0.04263541666666667 0.13412962962962965
2 0.306328125 0.6709907407407407 0.04703125 0.12346296296296297
2 0.407625 0.49836111111111114 0.04649479166666667 0.1207962962962963
2 0.6746614583333332 0.3748240740740741 0.03140625 0.09849999999999999
2 0.6038281249999999 0.7452685185185185 0.05609895833333333 0.15627777777777777
2 0.7440520833333333 0.6052777777777778 0.031859375 0.10313888888888889
2 0.768015625 0.6895092592592592 0.045223958333333335 0.10494444444444445
2 0.8444375 0.7737314814814815 0.037307291666666666 0.16227777777777777
2 0.9765885416666666 0.8644444444444445 0.043796875 0.17702777777777778
3 0.983203125 0.5821203703703705 0.03359375 0.1679537037037037
2 0.991015625 0.396537037037037 0.01796875 0.12086111111111111
2 0.9759375 0.31300925925925926 0.024265625000000002 0.06953703703703704
1 0.38835416666666667 0.3294351851851852 0.03920833333333333 0.10701851851851851
0 0.2746927083333333 0.5756666666666667 0.01240625 0.02540740740740741