2 0.24541145833333333 0.45202777777777775 0.04903125 0.1247037037037037
2 0.17245833333333332 0.3464074074074074 0.048005208333333334 0.11042592592592593
2 0.3191822916666667 0.20775925925925925 0.04486979166666667 0.10887037037037037
2 0.23031770833333332 0.23003703703703704 0.022244791666666666 0.09585185185185185
2 0.25153125 0.23882407407407408 0.02206770833333333 0.09524074074074074
3 0.309984375 0.037009259259259256 0.04522916666666667 0.07401851851851851
2 0.53040625 0.2700648148148148 0.025869791666666666 0.10924074074074075
0 0.5501666666666666 0.24808333333333335 0.019364583333333334 0.03498148148148148
2 0.6357135416666666 0.349462962962963 0.05240625 0.1225925925925926
2 0.503734375 0.3829537037037037 0.04241145833333334 0.11381481481481481
2 0.493171875 0.31263888888888886 0.03491666666666667 0.09439814814814815
2 0.811609375 0.292787037037037 0.0394375 0.1152962962962963
2 0.89990625 0.515537037037037 0.05240625 0.13051851851851853
2 0.856796875 0.1709537037037037 0.03777083333333333 0.10192592592592592
3 0.6751874999999999 0.27505555555555555 0.027375 0.10711111111111112
2 0.7021302083333333 0.29626851851851854 0.03183333333333333 0.10105555555555555
2 0.7301614583333333 0.23960185185185184 0.03165104166666667 0.09073148148148148
2 0.741921875 0.3426388888888889 0.024489583333333335 0.10288888888888889
2 0.719 0.41779629629629633 0.048526041666666665 0.07138888888888888
2 0.7379166666666667 0.5023518518518518 0.042041666666666665 0.13748148148148148
3 0.46928125 0.8277129629629629 0.05816145833333333 0.15935185185185186