2 0.239734375 0.5123611111111112 0.028854166666666667 0.10687962962962963
2 0.19208333333333333 0.4392962962962963 0.026822916666666665 0.09782407407407408
2 0.30596875 0.6218518518518519 0.024432291666666665 0.11287037037037037
2 0.330046875 0.6264074074074074 0.03763541666666667 0.12197222222222222
2 0.39952604166666666 0.4593703703703704 0.03338541666666666 0.091
2 0.338234375 0.5102222222222222 0.02672916666666667 0.08510185185185185
2 0.34048958333333335 0.46043518518518517 0.023572916666666666 0.0719074074074074
3 0.5958749999999999 0.5612314814814815 0.03310416666666667 0.10982407407407407
2 0.5850520833333334 0.43087962962962967 0.030213541666666666 0.09160185185185186
2 0.6461875 0.5231111111111112 0.026317708333333335 0.09875
2 0.7700729166666667 0.4540648148148148 0.03114583333333333 0.09706481481481481
2 0.9072291666666668 0.5536481481481482 0.037786458333333335 0.12497222222222222
2 0.9029739583333334 0.7392962962962963 0.04120833333333333 0.11589814814814815