2 0.7726510416666666 0.7042129629629629 0.024708333333333332 0.1027037037037037
2 0.7802395833333333 0.6757037037037037 0.019484374999999998 0.1031574074074074
2 0.7587499999999999 0.560574074074074 0.016307291666666664 0.0816574074074074
2 0.70365625 0.49425925925925923 0.02304166666666667 0.08966666666666667
2 0.6467916666666667 0.5488240740740741 0.03569791666666667 0.09087962962962963
2 0.6575416666666667 0.4166944444444444 0.017385416666666667 0.08048148148148149
2 0.6733333333333333 0.3992314814814815 0.013645833333333333 0.06590740740740741
2 0.476875 0.5584907407407407 0.025234375 0.10580555555555556
3 0.3909479166666667 0.48736111111111113 0.02354166666666667 0.08117592592592593
2 0.40602604166666667 0.6571574074074075 0.020854166666666667 0.11296296296296296
2 0.2844739583333334 0.5410370370370371 0.020052083333333335 0.08327777777777777
2 0.29004166666666664 0.45681481481481484 0.021244791666666665 0.08553703703703704
2 0.20653125 0.48055555555555557 0.015427083333333334 0.07199074074074074
2 0.215984375 0.4112314814814815 0.020401041666666668 0.07132407407407408
2 0.19889583333333333 0.38610185185185186 0.019557291666666664 0.0626388888888889
2 0.14056770833333332 0.46148148148148144 0.030770833333333334 0.07806481481481482
3 0.020890625 0.36418518518518517 0.021645833333333333 0.08999074074074073
2 0.005401041666666666 0.42956481481481484 0.010802083333333332 0.07075
2 0.040755208333333334 0.5912499999999999 0.02216145833333333 0.08625925925925926