2 0.7041614583333333 0.9228796296296297 0.06551041666666667 0.14824074074074073
2 0.7415520833333333 0.5006111111111111 0.049421875 0.11766666666666667
2 0.6590520833333334 0.4239074074074074 0.04077083333333333 0.09658333333333334
2 0.6269114583333334 0.3201851851851852 0.03609375 0.08753703703703704
2 0.6090989583333334 0.25230555555555556 0.022026041666666666 0.07353703703703704
2 0.42455208333333333 0.3649444444444444 0.0359375 0.08462037037037037
2 0.3173958333333333 0.33528703703703705 0.039749999999999994 0.09069444444444445
3 0.28784375 0.553787037037037 0.047864583333333335 0.1083425925925926
2 0.22502083333333334 0.42615740740740743 0.032552083333333336 0.09658333333333334
2 0.34593229166666667 0.5115092592592592 0.052432291666666665 0.12073148148148147
2 0.32348958333333333 0.7192962962962963 0.05573958333333333 0.14175925925925925
2 0.12317708333333334 0.6505185185185185 0.057140624999999994 0.10791666666666666
2 0.015401041666666667 0.3376296296296296 0.030807291666666667 0.09598148148148147