3 0.8628645833333334 0.9474074074074075 0.03753645833333333 0.10518518518518517
2 0.7926927083333334 0.6547314814814815 0.03710416666666667 0.1456851851851852
2 0.6890364583333334 0.36587037037037035 0.03289583333333333 0.10235185185185186
2 0.6012447916666667 0.23969444444444446 0.027916666666666666 0.08269444444444445
0 0.45559375 0.23706481481481478 0.013734375 0.02447222222222222
2 0.42021354166666663 0.3922685185185185 0.029635416666666668 0.10538888888888888
2 0.44832812499999997 0.3940740740740741 0.02538020833333333 0.11062037037037037
2 0.47558333333333336 0.47349074074074077 0.032953125 0.11859259259259261
2 0.5108697916666667 0.5110277777777777 0.029510416666666664 0.11664814814814815
2 0.2602447916666667 0.2717962962962963 0.030151041666666666 0.1147962962962963
3 0.22626041666666669 0.4832407407407407 0.03530729166666667 0.1461111111111111
2 0.17852083333333332 0.509712962962963 0.039109375 0.13165740740740742
2 0.123375 0.39444444444444443 0.03533854166666666 0.12098148148148148
2 0.12296875 0.20867592592592593 0.028208333333333332 0.08964814814814814
3 0.06591666666666667 0.17285185185185187 0.029645833333333333 0.0805925925925926
2 0.08098958333333334 0.5752037037037038 0.03270833333333333 0.13266666666666665
2 0.13161979166666668 0.5802592592592593 0.04911979166666667 0.1315462962962963
2 0.013135416666666667 0.5052592592592592 0.026265625 0.1404074074074074
3 0.11023958333333334 0.968675925925926 0.025317708333333334 0.06264814814814815