2 0.08831770833333333 0.502361111111111 0.053296875 0.13707407407407407
2 0.2618489583333333 0.5247685185185185 0.04559375 0.11114814814814815
2 0.24577083333333333 0.8106851851851852 0.06980208333333333 0.12891666666666665
3 0.4406875 0.8749444444444445 0.04849479166666667 0.15133333333333332
2 0.14317708333333332 0.7706018518518518 0.060234375 0.16662962962962963
2 0.262765625 0.39052777777777775 0.025067708333333334 0.09565740740740741
2 0.3609322916666667 0.40653703703703703 0.03305729166666667 0.09322222222222223
2 0.473375 0.5812407407407407 0.04034895833333333 0.10112962962962962
2 0.647109375 0.41759259259259257 0.039338541666666664 0.0911388888888889
2 0.57215625 0.3015277777777778 0.03053125 0.07962962962962963
2 0.600375 0.3170925925925926 0.029833333333333333 0.08961111111111111
2 0.40927604166666665 0.22928703703703704 0.02775 0.07417592592592592
3 0.1684375 0.1488888888888889 0.022052083333333337 0.07051851851851852