2 0.12925 0.6264907407407407 0.04959375 0.18299074074074073
0 0.21084895833333334 0.7345648148148148 0.017994791666666666 0.028953703703703704
1 0.16119791666666666 0.39093518518518516 0.04634375 0.12358333333333334
2 0.3815104166666667 0.5293148148148148 0.043729166666666666 0.13353703703703704
2 0.5224947916666667 0.4731574074074074 0.03428645833333333 0.13911111111111113
2 0.6873020833333333 0.7558055555555555 0.03409895833333333 0.1770462962962963
2 0.74334375 0.3183240740740741 0.027520833333333335 0.08383333333333334
2 0.8972187500000001 0.5068148148148148 0.04210416666666667 0.12887962962962962
3 0.8678229166666667 0.17901851851851852 0.026942708333333332 0.07200925925925926
2 0.9439166666666666 0.8052962962962963 0.04477083333333333 0.1674351851851852
2 0.9466249999999999 0.6372777777777777 0.04494270833333334 0.12612037037037038
2 0.9891249999999999 0.6774629629629629 0.021755208333333335 0.14753703703703705