2 0.12913020833333333 0.3285092592592593 0.028572916666666667 0.10516666666666666
3 0.28029166666666666 0.19128703703703703 0.026208333333333333 0.057583333333333334
2 0.20516666666666666 0.48494444444444446 0.024395833333333335 0.10322222222222223
2 0.32885416666666667 0.4703611111111111 0.026979166666666665 0.10646296296296297
2 0.26779166666666665 0.7519814814814815 0.022041666666666668 0.1280462962962963
2 0.40658333333333335 0.6830648148148148 0.0285 0.13016666666666668
2 0.4606145833333333 0.3946944444444444 0.019666666666666666 0.09864814814814815
2 0.6281770833333333 0.24937962962962962 0.0240625 0.04875
2 0.552796875 0.5301018518518519 0.03555208333333334 0.11664814814814815
2 0.6744010416666666 0.31995370370370374 0.014942708333333334 0.07416666666666666
2 0.6977083333333333 0.3116481481481481 0.02958854166666667 0.07208333333333333
2 0.7436614583333333 0.3898333333333333 0.028473958333333334 0.09355555555555556
3 0.9237291666666666 0.45601851851851855 0.026619791666666667 0.10554629629629629
0 0.2933125 0.79875 0.020666666666666667 0.028416666666666666