2 0.23555208333333333 0.7819351851851852 0.012812500000000001 0.07731481481481481
2 0.18266145833333333 0.7254814814814815 0.015411458333333333 0.07042592592592593
2 0.20086458333333335 0.6693796296296296 0.015692708333333333 0.06118518518518518
2 0.227265625 0.6765092592592593 0.015166666666666667 0.05913888888888889
2 0.8876041666666666 0.7273425925925926 0.02469270833333333 0.08242592592592592
2 0.795390625 0.811037037037037 0.023671875000000002 0.08447222222222223
2 0.8293177083333333 0.6605185185185185 0.020781249999999998 0.06523148148148149
2 0.76696875 0.6144259259259259 0.016609375 0.04756481481481481
2 0.6862812500000001 0.7251296296296296 0.017687500000000002 0.0663611111111111
2 0.6646666666666667 0.6655277777777777 0.019005208333333336 0.06825925925925926
2 0.58096875 0.5941666666666667 0.016677083333333335 0.04898148148148148
2 0.5249739583333334 0.621175925925926 0.018661458333333332 0.056407407407407406
2 0.5698333333333333 0.7919537037037037 0.017989583333333333 0.06492592592592593
3 0.5058489583333333 0.7340925925925926 0.01709375 0.07263888888888889
2 0.48325520833333335 0.6386296296296297 0.015135416666666667 0.05873148148148148
2 0.443171875 0.6877592592592592 0.018817708333333336 0.06848148148148148
0 0.454109375 0.7053425925925926 0.0105625 0.022129629629629628
2 0.38933854166666665 0.7247777777777777 0.018572916666666665 0.06333333333333334
2 0.39327083333333335 0.6626203703703704 0.015953125 0.055453703703703706
2 0.33403125 0.7435185185185185 0.016697916666666666 0.07053703703703704
2 0.303578125 0.7006851851851852 0.009505208333333333 0.06870370370370371
2 0.29761979166666663 0.6826388888888889 0.011994791666666667 0.05824074074074074
3 0.2562291666666667 0.5549351851851853 0.013057291666666667 0.04737037037037037