0 0.6321770833333333 0.7997037037037037 0.022458333333333334 0.05517592592592593
2 0.5883385416666667 0.7590648148148148 0.06498958333333334 0.1775925925925926
2 0.5330677083333334 0.758037037037037 0.0725 0.17553703703703705
2 0.5894947916666666 0.5674907407407407 0.049942708333333335 0.1617222222222222
2 0.6838385416666667 0.553861111111111 0.05111979166666667 0.14989814814814814
2 0.7311510416666667 0.443537037037037 0.04679166666666667 0.14839814814814817
2 0.8359114583333334 0.45176851851851857 0.054921875 0.1278240740740741
2 0.915203125 0.23190740740740742 0.05030729166666667 0.11093518518518519
2 0.725796875 0.26996296296296296 0.044765625 0.12532407407407406
2 0.44508854166666667 0.18793518518518518 0.035437500000000004 0.11249074074074074
2 0.41094270833333335 0.3301388888888889 0.04353125 0.11603703703703704
2 0.3174739583333333 0.42271296296296296 0.040614583333333336 0.14069444444444443
3 0.2830364583333333 0.4373703703703704 0.058546875 0.1175462962962963
2 0.22443229166666667 0.24964814814814815 0.04725 0.11247222222222222
2 0.24252083333333332 0.2573611111111111 0.036546875 0.11555555555555555
2 0.10014062500000001 0.33271296296296293 0.053875 0.11500925925925926
2 0.01923958333333333 0.5266296296296297 0.03847916666666666 0.1885
3 0.32918749999999997 0.13832407407407407 0.05227604166666667 0.10709259259259259
3 0.44263541666666667 0.9230925925925927 0.08086979166666668 0.15380555555555556