2 0.08176562500000001 0.4211666666666667 0.0396875 0.13143518518518518
2 0.14962499999999998 0.3306481481481482 0.0313125 0.14175925925925925
3 0.21473958333333334 0.24939814814814817 0.02264583333333333 0.09652777777777778
2 0.3142864583333333 0.2838611111111111 0.021515625 0.07490740740740741
2 0.3336770833333333 0.2686851851851852 0.031359375 0.10114814814814814
0 0.34756770833333334 0.3085462962962963 0.020947916666666667 0.048157407407407406
2 0.3909739583333333 0.29876851851851854 0.027901041666666668 0.07799074074074075
2 0.41629687499999996 0.29362962962962963 0.028192708333333334 0.09239814814814816
2 0.42801562499999996 0.40625 0.039484375 0.13863888888888887
2 0.45058333333333334 0.32810185185185187 0.050796875 0.12260185185185185
3 0.43988020833333336 0.44613888888888886 0.03980729166666667 0.13652777777777778
2 0.5620052083333333 0.34453703703703703 0.036625 0.12014814814814814
2 0.627984375 0.30596296296296294 0.036640624999999996 0.11090740740740741
2 0.6702291666666667 0.36950925925925926 0.038593749999999996 0.11078703703703704
2 0.7061145833333333 0.31010185185185185 0.032796874999999996 0.1215648148148148
2 0.7457604166666666 0.4422777777777778 0.03683854166666667 0.12263888888888888
2 0.5272708333333334 0.6305185185185186 0.053677083333333334 0.15357407407407409
2 0.7978541666666668 0.6968425925925926 0.06388020833333334 0.18069444444444446
2 0.8991406249999999 0.4574259259259259 0.04422916666666667 0.1391388888888889