2 0.4014375 0.6686388888888889 0.028187499999999997 0.1355
2 0.3035625 0.5755092592592592 0.03076041666666667 0.108
2 0.27348958333333334 0.5182962962962963 0.027010416666666665 0.10887037037037037
2 0.22443229166666667 0.8045277777777777 0.03792708333333333 0.14160185185185187
2 0.13503645833333333 0.6843333333333333 0.03771875 0.14685185185185184
2 0.17817187499999998 0.5650740740740741 0.03188020833333333 0.10884259259259259
2 0.11633333333333334 0.49666666666666665 0.024755208333333334 0.10403703703703704
3 0.18178645833333332 0.425962962962963 0.026895833333333334 0.09296296296296297
2 0.49078125 0.45544444444444443 0.02547395833333333 0.11014814814814815
2 0.5700989583333332 0.48801851851851846 0.03371875 0.10512037037037038
2 0.6472708333333334 0.7799074074074074 0.034854166666666665 0.12912962962962965
2 0.7273385416666667 0.8022962962962963 0.037083333333333336 0.14047222222222222
2 0.8492031250000001 0.6006944444444444 0.03548958333333333 0.11324074074074074
3 0.9681302083333333 0.6135555555555555 0.037421875 0.12225
2 0.8335104166666666 0.5119074074074074 0.024781249999999998 0.09441666666666666
2 0.7743541666666667 0.4729907407407407 0.022078125 0.09343518518518518
2 0.7877500000000001 0.4712314814814815 0.019744791666666664 0.09828703703703705