2 0.131703125 0.6122037037037037 0.033713541666666666 0.1725648148148148
1 0.16658854166666667 0.38334259259259257 0.04099479166666666 0.14539814814814814
2 0.3761875 0.5078518518518519 0.03831770833333333 0.12587962962962962
2 0.44531770833333334 0.4504537037037037 0.04376041666666666 0.14073148148148149
2 0.7011354166666667 0.28847222222222224 0.03195833333333333 0.11305555555555555
2 0.8136145833333334 0.6073518518518519 0.03816666666666667 0.14896296296296296
2 0.8485052083333334 0.5992500000000001 0.03503125 0.1466574074074074
2 0.8893854166666666 0.5360740740740741 0.028244791666666665 0.15456481481481482
2 0.849546875 0.7589259259259259 0.047526041666666664 0.17895370370370373
2 0.5610520833333333 0.7207407407407407 0.033046875 0.1627777777777778
0 0.21658333333333332 0.7089537037037037 0.026395833333333334 0.060500000000000005
3 0.8425416666666667 0.1623425925925926 0.015723958333333333 0.08834259259259258
3 0.6002395833333334 0.9005462962962963 0.035895833333333335 0.18442592592592594