2 0.9131822916666666 0.4719814814814815 0.028963541666666665 0.11433333333333334
2 0.4906875 0.41250925925925924 0.019921875 0.09262037037037037
2 0.5940677083333333 0.2620925925925926 0.02355208333333333 0.09734259259259259
2 0.3564583333333333 0.618037037037037 0.03239583333333333 0.12596296296296294
2 0.11051562499999999 0.4118425925925926 0.021677083333333333 0.08000925925925925
3 0.021197916666666667 0.41621296296296295 0.02364583333333333 0.10001851851851852
2 0.06624479166666666 0.32966666666666666 0.025197916666666667 0.0843425925925926
2 0.03565104166666667 0.2528703703703704 0.017760416666666667 0.08777777777777777
1 0.7141093749999999 0.28778703703703706 0.01884375 0.09778703703703703
0 0.7264791666666667 0.3266759259259259 0.0163125 0.028120370370370372
2 0.047828125 0.28891666666666665 0.014395833333333333 0.06907407407407407