1 0.7168854166666667 0.3396111111111111 0.04002083333333333 0.13662962962962963
2 0.3688958333333333 0.4393611111111111 0.08622916666666666 0.044472222222222225
2 0.22270312499999997 0.4886388888888889 0.030817708333333336 0.1569074074074074
2 0.29078645833333333 0.3946851851851852 0.04459375 0.12641666666666668
2 0.27334375000000005 0.3201759259259259 0.025333333333333333 0.13478703703703704
2 0.256546875 0.5793518518518519 0.04643229166666667 0.15314814814814814
2 0.3640833333333333 0.7279166666666667 0.047953125 0.18175
2 0.047531250000000004 0.42310185185185184 0.0220625 0.11381481481481481
2 0.05585416666666666 0.3983611111111111 0.028729166666666663 0.11750925925925926
3 0.024953125 0.40824074074074074 0.029812500000000002 0.11409259259259259
2 0.5299479166666666 0.476462962962963 0.032125 0.07466666666666667
2 0.5258072916666666 0.43898148148148153 0.014640624999999999 0.10058333333333333
0 0.5190625 0.49807407407407406 0.010348958333333333 0.023814814814814813