2 0.415421875 0.3983055555555556 0.04067708333333333 0.13342592592592592
0 0.4475520833333333 0.29439814814814813 0.01778645833333333 0.035305555555555555
2 0.03908333333333334 0.4823703703703704 0.04286458333333333 0.17358333333333334
2 0.10071875 0.4054814814814815 0.041140625 0.1278425925925926
2 0.19969270833333336 0.3008240740740741 0.027276041666666664 0.10062037037037037
2 0.22226041666666668 0.31730555555555556 0.021338541666666665 0.10716666666666666
3 0.2364375 0.22575925925925924 0.027697916666666666 0.09273148148148148
2 0.29027083333333337 0.28359259259259256 0.041765625 0.08776851851851852
2 0.303 0.31627777777777777 0.030000000000000002 0.1030462962962963
3 0.3721614583333333 0.41501851851851856 0.03750520833333334 0.12983333333333333
2 0.38648958333333333 0.2920833333333333 0.031083333333333334 0.0831388888888889
2 0.405734375 0.2910555555555555 0.03658333333333333 0.09342592592592593
2 0.5342239583333334 0.3239722222222222 0.033140625 0.10987037037037037
2 0.49819270833333335 0.613 0.049630208333333335 0.18793518518518518
2 0.6334791666666667 0.35611111111111116 0.026802083333333334 0.12168518518518517
2 0.6606822916666667 0.2869351851851852 0.03954166666666667 0.11605555555555556
2 0.7343333333333334 0.2956759259259259 0.03927083333333334 0.12737037037037038
2 0.7929322916666667 0.40882407407407406 0.04015104166666667 0.1622962962962963
2 0.9150520833333334 0.4584537037037037 0.023973958333333333 0.1350185185185185
2 0.7806354166666666 0.6778055555555556 0.05201041666666666 0.17556481481481484
2 0.988859375 0.49677777777777776 0.02228125 0.1283240740740741