3 0.18833854166666666 0.8618611111111111 0.05399479166666667 0.16858333333333334
2 0.253859375 0.7968703703703703 0.06448958333333334 0.15300925925925926
2 0.08929166666666667 0.496787037037037 0.045890625 0.14625
2 0.014453125 0.32484259259259257 0.02890625 0.10587962962962963
2 0.17340104166666667 0.3079444444444444 0.02871875 0.098
2 0.110125 0.22672222222222224 0.025062499999999998 0.07989814814814815
3 0.14722916666666666 0.10869444444444444 0.026369791666666666 0.04742592592592593
2 0.3315885416666667 0.15775925925925927 0.032651041666666665 0.07892592592592593
2 0.35658854166666665 0.3285092592592593 0.023588541666666667 0.10516666666666666
2 0.415828125 0.28503703703703703 0.038656249999999996 0.1114074074074074
3 0.3559322916666667 0.459712962962963 0.03947395833333334 0.1129537037037037
2 0.6672343749999999 0.5541296296296296 0.03968229166666667 0.1351111111111111
2 0.5814374999999999 0.7272222222222222 0.05297916666666667 0.12944444444444445
2 0.70890625 0.6495092592592593 0.05406770833333333 0.11857407407407408
2 0.893390625 0.5613425925925926 0.03144270833333333 0.12361111111111112
2 0.7409322916666666 0.2739259259259259 0.02646875 0.09658333333333334
2 0.8441770833333333 0.1998703703703704 0.030916666666666665 0.07802777777777778
2 0.9797135416666667 0.2732037037037037 0.02921354166666667 0.10103703703703704
0 0.284609375 0.8276574074074075 0.016317708333333333 0.030666666666666665