2 0.9031874999999999 0.5796018518518519 0.04142708333333334 0.16898148148148148
2 0.7667395833333334 0.5302314814814815 0.07300520833333332 0.13193518518518518
2 0.844296875 0.4121944444444445 0.06025520833333333 0.12417592592592594
2 0.7159531250000001 0.3008425925925926 0.05478645833333333 0.1030462962962963
2 0.6336197916666666 0.29030555555555554 0.044098958333333334 0.11487037037037037
2 0.5868854166666666 0.37747222222222226 0.038614583333333334 0.10410185185185186
2 0.5204739583333333 0.2704814814814815 0.02475 0.08314814814814815
2 0.5400052083333333 0.2761574074074074 0.024734375 0.07835185185185185
2 0.5190312499999999 0.4021388888888889 0.042687499999999996 0.13041666666666665
2 0.42758333333333337 0.3563703703703704 0.03688020833333334 0.10060185185185186
2 0.4595625 0.3100833333333333 0.029651041666666666 0.11296296296296296
2 0.37969270833333335 0.35816666666666663 0.04699479166666667 0.11962962962962961
3 0.2810052083333333 0.34764814814814815 0.028848958333333334 0.08351851851851852
2 0.28101041666666665 0.3049444444444444 0.026713541666666667 0.09033333333333333
2 0.25265104166666663 0.25093518518518515 0.03249479166666667 0.08726851851851852
2 0.16091145833333334 0.30519444444444443 0.04 0.10010185185185184