2 0.4673802083333333 0.5851666666666667 0.03571875 0.12225
2 0.4173072916666667 0.6078333333333333 0.040802083333333336 0.1191574074074074
2 0.35324479166666667 0.362287037037037 0.03523958333333333 0.11226851851851852
2 0.4334635416666667 0.24438888888888888 0.027161458333333333 0.10591666666666667
3 0.4705416666666667 0.3033148148148148 0.033364583333333336 0.10878703703703703
2 0.5420312500000001 0.3050833333333333 0.029020833333333333 0.10350925925925926
2 0.6510989583333333 0.517287037037037 0.03669270833333334 0.12955555555555553
2 0.7438802083333333 0.41717592592592595 0.04027083333333333 0.11862037037037039
2 0.6933125 0.3435 0.026942708333333332 0.08594444444444443
2 0.61965625 0.37736111111111115 0.028281249999999997 0.09620370370370371
2 0.5756510416666667 0.3353611111111111 0.03125520833333333 0.09783333333333333
2 0.5738541666666667 0.24116666666666664 0.020864583333333336 0.08352777777777777
2 0.5995416666666666 0.28230555555555553 0.019 0.09977777777777778
2 0.6665156250000001 0.3815740740740741 0.027802083333333335 0.10225925925925926
3 0.44900520833333335 0.8872222222222222 0.05591145833333333 0.17394444444444446
0 0.45996354166666664 0.6553518518518519 0.01749479166666667 0.016898148148148148