1 0.898078125 0.3501018518518519 0.030010416666666664 0.11131481481481481
2 0.22222395833333333 0.769611111111111 0.05069270833333333 0.17255555555555557
2 0.13511979166666668 0.38992592592592595 0.056177083333333336 0.13540740740740742
2 0.22300520833333334 0.6006018518518518 0.026213541666666666 0.12157407407407408
3 0.4168645833333333 0.5864814814814815 0.04675520833333333 0.135
2 0.5713385416666666 0.629712962962963 0.028416666666666666 0.12225
2 0.6002760416666667 0.8494722222222222 0.04541666666666667 0.14224074074074075
0 0.6150364583333333 0.8961111111111111 0.022213541666666666 0.024583333333333336
2 0.4113072916666667 0.4573055555555555 0.03530208333333333 0.11259259259259259
2 0.28989583333333335 0.45859259259259255 0.02714583333333333 0.11751851851851852
2 0.259765625 0.5360648148148148 0.02753125 0.12949074074074074
2 0.22885416666666666 0.50325 0.030307291666666666 0.11073148148148149
2 0.4335104166666667 0.38662962962962966 0.026973958333333332 0.11889814814814814
2 0.45994270833333334 0.4505092592592593 0.031057291666666667 0.11305555555555555
2 0.48077083333333337 0.3893240740740741 0.019979166666666666 0.10788888888888888
2 0.49981770833333333 0.49375925925925923 0.030390625 0.11284259259259259
2 0.5126041666666666 0.3895648148148148 0.026963541666666667 0.10366666666666666
2 0.5348802083333334 0.42975925925925923 0.03723958333333333 0.10203703703703704
2 0.632890625 0.6952314814814815 0.028921875 0.13375925925925927
2 0.6384947916666667 0.6162314814814814 0.028260416666666666 0.11170370370370371
2 0.6598489583333333 0.6864351851851852 0.028786458333333334 0.13258333333333333
2 0.5825364583333333 0.5318425925925926 0.033671875000000004 0.11167592592592593