2 0.7580364583333333 0.705925925925926 0.027546875000000002 0.09291666666666666
2 0.8943802083333333 0.5932407407407407 0.022354166666666668 0.08556481481481482
2 0.8275 0.5109074074074074 0.021421875 0.06474074074074074
2 0.757296875 0.46623148148148147 0.01954166666666667 0.056296296296296296
2 0.6981614583333333 0.558537037037037 0.02588020833333333 0.06897222222222221
2 0.6568958333333333 0.4960185185185186 0.01925 0.07091666666666667
2 0.5243333333333333 0.7385185185185186 0.02352083333333333 0.09180555555555556
3 0.5170625 0.574138888888889 0.022890625 0.07656481481481481
2 0.5463125000000001 0.4791574074074074 0.017505208333333334 0.05742592592592593
2 0.503703125 0.44065740740740744 0.020203125 0.05684259259259259
2 0.471921875 0.5191944444444445 0.01546875 0.05996296296296297
2 0.4622760416666667 0.4766111111111111 0.010776041666666668 0.05553703703703704
2 0.38876562499999995 0.4901018518518518 0.017416666666666667 0.05890740740740741
2 0.375640625 0.6171111111111112 0.023421874999999998 0.08021296296296296
2 0.355875 0.5005 0.018041666666666668 0.06958333333333334
2 0.3140625 0.5252314814814815 0.022630208333333336 0.07182407407407407
2 0.22908854166666667 0.5243888888888889 0.019625 0.06508333333333334
2 0.18190104166666668 0.5121666666666667 0.022000000000000002 0.06592592592592593
2 0.15399479166666669 0.5881759259259259 0.018359375 0.07798148148148148
3 0.020270833333333335 0.8606481481481482 0.03648958333333333 0.13692592592592592
2 0.052270833333333336 0.8184537037037036 0.02549479166666667 0.09673148148148147
3 0.27938541666666666 0.39569444444444446 0.010192708333333333 0.04209259259259259
0 0.48523958333333334 0.5358796296296297 0.010598958333333333 0.01636111111111111