1 0.9698541666666666 0.3095833333333334 0.024979166666666667 0.11672222222222223
2 0.6747395833333333 0.4741203703703703 0.027296874999999998 0.12302777777777778
2 0.6075572916666666 0.438462962962963 0.027078125 0.10649074074074075
2 0.6079114583333334 0.3853796296296296 0.026369791666666666 0.12168518518518517
2 0.577265625 0.5620648148148147 0.03191145833333334 0.1320648148148148
2 0.48551041666666667 0.6556574074074074 0.034234375000000004 0.13806481481481483
2 0.4541145833333333 0.3484166666666667 0.02215625 0.09410185185185185
2 0.47721874999999997 0.29874999999999996 0.021437499999999998 0.09505555555555555
2 0.5315885416666667 0.4148796296296296 0.020671875 0.104
2 0.5245989583333334 0.3778518518518518 0.017593750000000002 0.10326851851851852
2 0.5110208333333334 0.3323240740740741 0.019354166666666665 0.10405555555555555
2 0.5282239583333334 0.3461388888888889 0.018682291666666666 0.09798148148148147
2 0.5437447916666667 0.3444537037037037 0.016072916666666666 0.10135185185185185
2 0.5575156250000001 0.35035185185185186 0.016588541666666668 0.10639814814814814
2 0.5767552083333333 0.37242592592592594 0.02852604166666667 0.10672222222222223
2 0.5857395833333333 0.3479907407407407 0.014729166666666666 0.09157407407407409
2 0.5773489583333333 0.34091666666666665 0.014067708333333335 0.09764814814814814
3 0.38205729166666663 0.3563148148148148 0.019848958333333333 0.10413888888888889
2 0.3562708333333333 0.3023888888888889 0.018364583333333333 0.09458333333333334
2 0.24266666666666667 0.4166296296296296 0.024671875 0.11491666666666667
2 0.357796875 0.6821018518518518 0.05506770833333333 0.11185185185185186
0 0.37559895833333334 0.7123055555555555 0.015156250000000001 0.044861111111111115
3 0.35598958333333336 0.9180648148148148 0.045000000000000005 0.16387037037037036