2 0.8366614583333334 0.6872777777777778 0.040072916666666666 0.1384166666666667
2 0.8540781249999999 0.409787037037037 0.030375 0.10353703703703702
2 0.7037552083333334 0.28124074074074074 0.025770833333333333 0.0902037037037037
2 0.5512343749999999 0.4413333333333333 0.038609374999999994 0.09523148148148147
2 0.5526302083333333 0.3582222222222222 0.030927083333333334 0.0765
2 0.5613177083333334 0.354962962962963 0.024723958333333334 0.0792962962962963
0 0.503734375 0.39191666666666664 0.013479166666666665 0.02277777777777778
2 0.5318958333333333 0.25687037037037036 0.02002083333333333 0.0880462962962963
2 0.5164375 0.28628703703703706 0.022291666666666664 0.0801111111111111
2 0.49050520833333333 0.26541666666666663 0.021078125 0.07717592592592593
2 0.45955208333333336 0.2938148148148148 0.02991145833333333 0.08119444444444444
2 0.362703125 0.3847685185185185 0.026593750000000003 0.08921296296296295
3 0.277921875 0.3562037037037037 0.026447916666666668 0.08798148148148148
2 0.18691666666666668 0.2920277777777778 0.019973958333333333 0.07607407407407407
2 0.20808854166666665 0.30506481481481484 0.023020833333333334 0.07110185185185186
2 0.21765104166666666 0.2568796296296296 0.022057291666666666 0.06941666666666667
2 0.558203125 0.5714907407407408 0.04381770833333333 0.10402777777777777