3 0.6635104166666667 0.9284722222222223 0.06347395833333333 0.14305555555555555
2 0.023828125 0.46861111111111114 0.04486458333333333 0.12885185185185186
2 0.3028020833333333 0.6152500000000001 0.0391875 0.1422962962962963
2 0.199234375 0.28417592592592594 0.030083333333333333 0.10978703703703703
0 0.20685416666666667 0.3144166666666667 0.014848958333333334 0.03486111111111111
2 0.2783697916666667 0.309787037037037 0.016984375 0.08201851851851852
3 0.29353645833333336 0.1801574074074074 0.018119791666666666 0.07776851851851851
2 0.36096874999999995 0.25025925925925924 0.018333333333333333 0.07797222222222222
2 0.4542395833333333 0.26823148148148146 0.018791666666666665 0.08009259259259259
2 0.45688020833333337 0.4958888888888888 0.03605729166666667 0.10433333333333333
2 0.5020625 0.4964444444444444 0.027036458333333332 0.12925925925925924
2 0.536015625 0.34982407407407407 0.027276041666666664 0.09289814814814815
2 0.6345572916666666 0.38878703703703704 0.022770833333333334 0.09312962962962963
2 0.6901979166666667 0.42310185185185184 0.03607291666666667 0.10162037037037037
2 0.7474895833333334 0.40687962962962965 0.036473958333333334 0.10801851851851851
2 0.6644375 0.31775925925925924 0.026145833333333333 0.08389814814814815
2 0.7325677083333333 0.2663518518518519 0.032 0.07132407407407408
2 0.7979322916666667 0.2758148148148148 0.030921874999999998 0.07144444444444444
3 0.8695 0.34464814814814815 0.03096875 0.0900648148148148