3 0.06013020833333334 0.8713981481481482 0.040921874999999996 0.1835185185185185
2 0.202625 0.8154537037037037 0.04680729166666667 0.16734259259259257
0 0.20586979166666666 0.7327685185185185 0.014833333333333334 0.03127777777777778
2 0.262828125 0.5259814814814814 0.044140625 0.12952777777777777
2 0.25299479166666666 0.30074074074074075 0.032171875 0.11075925925925927
2 0.3356927083333333 0.3597222222222222 0.02834375 0.11150925925925927
2 0.38921354166666666 0.3897962962962963 0.027692708333333333 0.11695370370370371
3 0.5098072916666667 0.3811111111111111 0.02384375 0.12499074074074075
2 0.428671875 0.26481481481481484 0.02090625 0.10924074074074075
2 0.5347135416666667 0.2559351851851852 0.02420833333333333 0.11296296296296296
2 0.6861406250000001 0.34205555555555556 0.031473958333333336 0.1172037037037037
2 0.7588177083333334 0.4194907407407408 0.028479166666666667 0.10602777777777778
2 0.7770520833333333 0.49379629629629623 0.029791666666666668 0.1198425925925926
2 0.7919947916666668 0.5908518518518519 0.024515625 0.13033333333333333
2 0.8454427083333333 0.547787037037037 0.02921875 0.13212037037037036
2 0.9186666666666666 0.4946759259259259 0.04710416666666666 0.13527777777777777
1 0.9818958333333333 0.21980555555555553 0.029609375 0.10712037037037037
2 0.6211145833333334 0.6124166666666666 0.039875 0.15392592592592594
2 0.4790052083333334 0.6722685185185184 0.035859375 0.17010185185185187
2 0.47428125 0.5707222222222222 0.033 0.13110185185185186