0 0.6350781249999999 0.4599722222222222 0.016817708333333334 0.020805555555555553
2 0.6560416666666666 0.3875185185185185 0.03291145833333333 0.07967592592592593
2 0.017812500000000002 0.45393518518518516 0.0325 0.10601851851851851
2 0.118453125 0.3745648148148148 0.033265625 0.09078703703703704
2 0.07106770833333333 0.26443518518518516 0.030265625 0.07390740740740741
2 0.21740625 0.3285092592592593 0.03324479166666667 0.0866574074074074
2 0.2668802083333333 0.2838796296296296 0.024046875000000002 0.07206481481481482
2 0.345 0.24592592592592594 0.0240625 0.07388888888888889
2 0.4668645833333333 0.4527777777777778 0.042578125 0.08981481481481482
2 0.5772708333333333 0.36186111111111113 0.028265625000000003 0.08738888888888889
2 0.6823437499999999 0.29683333333333334 0.023854166666666666 0.08317592592592593
2 0.7858489583333333 0.6101296296296297 0.039921875 0.12674074074074074