2 0.037083333333333336 0.5599166666666667 0.029369791666666666 0.14204629629629628
2 0.022890625 0.40718518518518515 0.03484375 0.11437037037037037
2 0.24344270833333334 0.3049074074074074 0.022828124999999998 0.10425925925925926
2 0.27013541666666663 0.3720462962962963 0.04097395833333333 0.12256481481481482
2 0.18915625 0.5944444444444444 0.051895833333333335 0.16389814814814813
2 0.24552604166666667 0.4909537037037037 0.037406249999999995 0.12450000000000001
2 0.3795 0.4166759259259259 0.042333333333333334 0.09169444444444444
2 0.40111458333333333 0.7644814814814814 0.0386875 0.14376851851851852
2 0.5251927083333333 0.4567037037037037 0.02382291666666667 0.14859259259259258
2 0.5561822916666667 0.46877777777777774 0.023572916666666666 0.12355555555555556
1 0.7065572916666666 0.34474074074074074 0.032713541666666665 0.11237037037037037