2 0.1720833333333333 0.7713148148148148 0.04093229166666667 0.10973148148148149
3 0.27825 0.3916574074074074 0.011276041666666665 0.0452962962962963
2 0.17588541666666666 0.5118333333333334 0.02147395833333333 0.06444444444444444
2 0.1916510416666667 0.5702222222222223 0.026135416666666668 0.0743888888888889
2 0.22805729166666666 0.5210092592592593 0.02118229166666667 0.06519444444444444
2 0.31670833333333337 0.5254074074074074 0.018203125 0.07148148148148148
2 0.37421875 0.6269074074074074 0.020104166666666666 0.06961111111111112
2 0.38779166666666665 0.4910833333333333 0.015447916666666667 0.05687037037037037
2 0.4022135416666667 0.48033333333333333 0.013182291666666667 0.059250000000000004
2 0.4232447916666667 0.4838518518518518 0.01353125 0.06126851851851852
2 0.469796875 0.5150925925925925 0.018260416666666668 0.057129629629629634
2 0.5121822916666666 0.4469537037037037 0.0203125 0.056601851851851855
2 0.6008697916666667 0.4834722222222222 0.01882291666666667 0.052972222222222226
3 0.5051510416666667 0.5918333333333333 0.025343749999999998 0.0685925925925926
0 0.48557291666666663 0.5343148148148148 0.007390625 0.017666666666666664
2 0.6574687499999999 0.5016388888888889 0.01961458333333333 0.05787037037037037
2 0.6861354166666668 0.5364537037037037 0.02108854166666667 0.06567592592592593
2 0.7734427083333333 0.47259259259259256 0.026739583333333334 0.05132407407407407
2 0.7567916666666666 0.7079814814814814 0.029500000000000002 0.08847222222222222
2 0.5446093750000001 0.714574074074074 0.02578645833333333 0.08533333333333333
2 0.83434375 0.5143333333333333 0.016338541666666668 0.06943518518518518
2 0.8971979166666666 0.5913796296296296 0.021156249999999998 0.07649074074074073