3 0.22204166666666666 0.36424999999999996 0.025338541666666665 0.10425925925925926
2 0.14521875 0.24874074074074073 0.032260416666666666 0.07230555555555555
0 0.16993229166666665 0.2637685185185185 0.009859375 0.02723148148148148
2 0.35670833333333335 0.3610648148148148 0.028463541666666665 0.10538888888888888
2 0.419125 0.6210185185185185 0.045546875 0.12950925925925927
2 0.31890104166666666 0.32425 0.02468229166666667 0.09185185185185185
2 0.32301562500000003 0.2667685185185185 0.03503125 0.07455555555555556
2 0.373078125 0.30771296296296297 0.029515625 0.0888425925925926
2 0.4012760416666667 0.22883333333333333 0.03731770833333334 0.08130555555555556
2 0.4739375 0.2789814814814815 0.03897395833333333 0.08019444444444444
2 0.6744166666666668 0.7299537037037037 0.042734375 0.15207407407407408
2 0.6701145833333333 0.3172962962962963 0.01934375 0.09673148148148147
2 0.7244010416666666 0.3422777777777778 0.02227604166666667 0.09787037037037037
2 0.699265625 0.24385185185185188 0.035380208333333336 0.08131481481481481
2 0.8364791666666667 0.24310185185185187 0.047828125 0.09483333333333334