2 0.11858333333333333 0.6376666666666666 0.04133333333333333 0.1308888888888889
2 0.030442708333333336 0.6106388888888888 0.028177083333333335 0.14076851851851852
2 0.17417708333333334 0.5062407407407408 0.030130208333333335 0.10503703703703704
3 0.20438541666666668 0.46735185185185185 0.03845833333333334 0.10508333333333333
2 0.26857291666666666 0.5883796296296296 0.03922916666666666 0.12953703703703703
2 0.335625 0.5888425925925926 0.0196875 0.1212037037037037
2 0.3627083333333333 0.6830740740740741 0.019895833333333335 0.16719444444444445
2 0.49538020833333335 0.5048796296296296 0.03319791666666667 0.10691666666666666
2 0.660078125 0.493537037037037 0.01890625 0.12495370370370369
2 0.5340468749999999 0.3611759259259259 0.020968749999999998 0.11191666666666666
1 0.9479427083333333 0.33868518518518514 0.028177083333333335 0.12552777777777777
0 0.49509895833333334 0.21028703703703705 0.011213541666666667 0.017499999999999998
3 0.9386354166666667 0.7652037037037037 0.040906250000000005 0.1387685185185185