2 0.039947916666666666 0.5423333333333333 0.029890625 0.08837037037037036
2 0.10374479166666667 0.5210462962962963 0.027276041666666664 0.06431481481481481
2 0.08746875 0.6783981481481481 0.03899479166666667 0.10124074074074074
2 0.17066666666666666 0.5726481481481481 0.020494791666666668 0.07955555555555556
2 0.16389583333333332 0.7413425925925926 0.038203125 0.0975
2 0.19032291666666667 0.554138888888889 0.020755208333333334 0.06105555555555555
2 0.21011458333333335 0.5481203703703704 0.018666666666666668 0.07679629629629629
2 0.2907083333333333 0.530537037037037 0.015786458333333333 0.07865740740740741
2 0.3215625 0.5212777777777778 0.012395833333333333 0.07866666666666666
2 0.34291666666666665 0.5060092592592592 0.0134375 0.07589814814814815
2 0.3696041666666667 0.5627037037037037 0.022546875 0.0735462962962963
3 0.46634375 0.4965185185185185 0.020958333333333336 0.08007407407407408
3 0.48678125 0.5830648148148149 0.027734375 0.058722222222222224
3 0.5120416666666666 0.5529814814814815 0.031375 0.06337037037037037
3 0.5182916666666667 0.4837962962962963 0.02304166666666667 0.049990740740740745
1 0.621015625 0.5631666666666667 0.027973958333333333 0.06522222222222222
2 0.6337760416666666 0.4979074074074074 0.01703125 0.055074074074074074
2 0.6669791666666666 0.530537037037037 0.023536458333333333 0.060148148148148145
2 0.6441770833333333 0.5590925925925926 0.009708333333333334 0.05425000000000001