2 0.3246354166666666 0.7415648148148148 0.039375 0.17664814814814814
2 0.35529687499999996 0.28984259259259254 0.024541666666666666 0.08455555555555555
2 0.454234375 0.3024074074074074 0.02390625 0.08294444444444445
2 0.45739062500000005 0.21887962962962962 0.021203125 0.07898148148148147
2 0.47949479166666664 0.20177777777777778 0.020291666666666666 0.07686111111111112
1 0.8532552083333333 0.24333333333333335 0.026421874999999997 0.09848148148148148
2 0.9677552083333333 0.5013796296296297 0.034354166666666665 0.12531481481481482
0 0.32988541666666665 0.2258148148148148 0.011317708333333334 0.03135185185185185
2 0.07094791666666667 0.3899074074074074 0.02880729166666667 0.11357407407407408
2 0.045234375 0.35488888888888886 0.022500000000000003 0.10237037037037038
2 0.015390625 0.3308425925925926 0.024463541666666665 0.0863425925925926
2 0.03974479166666667 0.23943518518518517 0.031072916666666665 0.08533333333333333