2 0.4765625 0.48771296296296296 0.03333333333333333 0.11802777777777777
2 0.28479687499999995 0.5293703703703704 0.04824479166666666 0.14576851851851852
2 0.25797916666666665 0.7864629629629629 0.051895833333333335 0.1645925925925926
2 0.02273958333333333 0.7133796296296296 0.029515625 0.14082407407407407
2 0.04759895833333334 0.3132314814814815 0.026973958333333332 0.11165740740740741
2 0.09980729166666666 0.3180925925925926 0.024614583333333332 0.09823148148148149
2 0.554546875 0.2942592592592593 0.03565104166666667 0.10148148148148148
2 0.5335833333333333 0.21558333333333335 0.027588541666666667 0.09227777777777778
2 0.7559427083333333 0.30883333333333335 0.03480208333333333 0.11675
2 0.7857552083333333 0.5623333333333334 0.034041666666666665 0.11112037037037037
2 0.8067552083333334 0.5799537037037037 0.035369791666666664 0.06065740740740741
0 0.7750468749999999 0.5791944444444445 0.012624999999999999 0.036287037037037034