2 0.41528645833333333 0.6634074074074074 0.041796875 0.17146296296296296
2 0.312265625 0.5137407407407407 0.04755729166666667 0.15608333333333332
2 0.41875520833333335 0.3599722222222222 0.03138020833333333 0.10162962962962964
2 0.5175833333333333 0.35071296296296295 0.0536875 0.1263148148148148
2 0.5712604166666666 0.2751296296296296 0.04903125 0.11743518518518518
2 0.5304583333333334 0.23808333333333334 0.039510416666666666 0.10475925925925926
3 0.449 0.20285185185185187 0.031098958333333333 0.09294444444444444
2 0.26943229166666666 0.254537037037037 0.04870833333333333 0.11298148148148147
2 0.07395312500000001 0.2961944444444444 0.037953125000000004 0.10987962962962963
2 0.056875 0.49911111111111106 0.06565104166666666 0.13551851851851854
2 0.726515625 0.3360740740740741 0.0458125 0.13442592592592592
2 0.8337395833333333 0.3219074074074074 0.045369791666666666 0.11192592592592591
3 0.819265625 0.412962962962963 0.046078125 0.1072037037037037
2 0.6916458333333334 0.49757407407407406 0.05131770833333334 0.1756388888888889
1 0.008822916666666668 0.31730555555555556 0.017651041666666666 0.1256759259259259