0 0.5995364583333332 0.6020277777777778 0.012385416666666668 0.031907407407407405
2 0.6199791666666666 0.5749907407407407 0.0261875 0.09168518518518518
2 0.5616510416666666 0.37783333333333335 0.038677083333333334 0.11562962962962962
2 0.9666927083333333 0.4083425925925926 0.03442708333333333 0.11205555555555555
3 0.8976927083333333 0.824462962962963 0.046286458333333336 0.17607407407407408
2 0.48769270833333334 0.7522037037037037 0.052994791666666666 0.17941666666666667
2 0.411140625 0.7559629629629631 0.05844270833333333 0.1464074074074074
2 0.039947916666666666 0.6300740740740741 0.05552083333333333 0.1019074074074074
2 0.052057291666666665 0.5229259259259259 0.031822916666666666 0.08008333333333333
2 0.036171875 0.4171388888888889 0.04577604166666667 0.10187037037037036
2 0.25711458333333337 0.26487962962962963 0.02672916666666667 0.08437962962962962