2 0.33913541666666663 0.63925 0.036619791666666665 0.14510185185185187
3 0.25760937500000003 0.38546296296296295 0.029796875 0.1053148148148148
2 0.3873697916666667 0.4070185185185185 0.028927083333333332 0.107
2 0.5145260416666667 0.5219814814814815 0.036557291666666665 0.12251851851851851
2 0.7638697916666667 0.8186388888888889 0.040505208333333334 0.17008333333333334
2 0.7507552083333333 0.2685648148148148 0.020859375 0.07053703703703704
2 0.6576197916666667 0.3391388888888889 0.026609375 0.07733333333333332
2 0.5717291666666667 0.3214444444444445 0.02355208333333333 0.06475925925925925
2 0.5625312499999999 0.2565277777777778 0.017994791666666666 0.07097222222222223
2 0.41874479166666667 0.2619814814814815 0.016557291666666665 0.060740740740740734
2 0.43426041666666665 0.26501851851851854 0.01669270833333333 0.08034259259259259
2 0.312765625 0.28035185185185185 0.024447916666666666 0.06886111111111111
2 0.257 0.29453703703703704 0.02468229166666667 0.07944444444444444
2 0.27571875 0.29059259259259257 0.016458333333333335 0.06692592592592593
2 0.28434895833333335 0.2836388888888889 0.021109375 0.07465740740740741