2 0.018567708333333332 0.34794444444444445 0.02880729166666667 0.13477777777777777
2 0.15982291666666668 0.6105925925925927 0.037869791666666666 0.16469444444444445
3 0.29026562499999997 0.8718518518518519 0.05396875 0.18259259259259258
2 0.25863020833333333 0.46596296296296297 0.029765625 0.13933333333333334
2 0.09746354166666667 0.3384537037037037 0.04596354166666667 0.12043518518518517
2 0.17791666666666667 0.263712962962963 0.024583333333333336 0.09594444444444444
2 0.13457291666666665 0.08092592592592593 0.028255208333333334 0.07518518518518519
2 0.33296875 0.2729722222222222 0.03520833333333333 0.09594444444444444
3 0.45977083333333335 0.38034259259259257 0.044015625 0.1255
2 0.496484375 0.48956481481481484 0.02890104166666667 0.12173148148148148
2 0.5260364583333333 0.48794444444444446 0.028109375 0.1323703703703704
2 0.5507708333333333 0.3896018518518518 0.030708333333333334 0.10698148148148148
2 0.6363020833333334 0.3951574074074074 0.0325 0.11808333333333333
2 0.6803020833333334 0.5256666666666667 0.042380208333333336 0.15687962962962965
2 0.7332916666666667 0.6112870370370371 0.036369791666666665 0.13368518518518518
2 0.7605052083333333 0.6147592592592593 0.03680208333333333 0.12674074074074074
2 0.8552760416666667 0.46735185185185185 0.03815104166666667 0.13285185185185183
2 0.8133541666666667 0.269037037037037 0.0324375 0.11122222222222222
2 0.8505885416666668 0.20701851851851852 0.028781249999999998 0.11680555555555557
0 0.7085572916666667 0.2750648148148148 0.023359375 0.039935185185185185