2 0.15127083333333333 0.7676296296296296 0.035390625 0.13619444444444445
2 0.14084375000000002 0.6538333333333333 0.024265625000000002 0.13337962962962965
2 0.12458333333333332 0.5999537037037037 0.023083333333333334 0.11977777777777779
2 0.14678645833333331 0.48360185185185184 0.021020833333333332 0.11376851851851852
3 0.16947916666666665 0.41137962962962965 0.023177083333333334 0.10766666666666667
2 0.26947916666666666 0.5547592592592593 0.025411458333333335 0.1158425925925926
2 0.2900104166666667 0.5213425925925925 0.02323958333333333 0.10280555555555555
2 0.32609895833333336 0.6533796296296296 0.03921875 0.13825
2 0.5086406250000001 0.7009166666666666 0.029296875 0.12765740740740741
2 0.48438020833333334 0.4655462962962963 0.02508854166666667 0.09303703703703704
0 0.4939322916666667 0.4503055555555555 0.0066875 0.019462962962962963
2 0.5416979166666667 0.47092592592592597 0.020458333333333335 0.09620370370370371
2 0.6341302083333333 0.7959074074074074 0.031203124999999998 0.13596296296296298
2 0.8538020833333333 0.5771296296296295 0.03496875 0.1157037037037037
3 0.9291354166666667 0.5797222222222222 0.028916666666666667 0.13008333333333333
2 0.8059322916666667 0.4885092592592593 0.028786458333333334 0.11912037037037038
2 0.7058958333333333 0.46049999999999996 0.022911458333333336 0.09003703703703703
2 0.7193072916666666 0.4526481481481482 0.03529166666666667 0.08844444444444444