2 0.07927604166666667 0.3982037037037037 0.03272916666666667 0.14203703703703704
2 0.3285104166666667 0.7799814814814815 0.06230729166666667 0.1622962962962963
2 0.13455208333333332 0.4593425925925926 0.053411458333333335 0.15317592592592594
2 0.18202083333333335 0.18734259259259262 0.027213541666666667 0.13016666666666668
2 0.3675833333333333 0.23597222222222222 0.031036458333333336 0.11628703703703704
2 0.4429739583333333 0.319 0.04897395833333333 0.09476851851851852
2 0.07334375 0.13398148148148148 0.03972916666666667 0.08168518518518518
2 0.5274791666666666 0.16589814814814813 0.028401041666666668 0.08752777777777777
2 0.5959427083333334 0.36341666666666667 0.039239583333333335 0.10382407407407407
1 0.7350729166666666 0.25673148148148145 0.02619270833333333 0.10688888888888888
2 0.9560625 0.4751296296296296 0.031197916666666665 0.14947222222222223