2 0.6638541666666666 0.35766666666666663 0.027703125 0.09866666666666667
2 0.564515625 0.4211111111111111 0.027744791666666668 0.11704629629629629
2 0.5397760416666666 0.3609074074074074 0.032151041666666665 0.11440740740740742
2 0.44356249999999997 0.2489351851851852 0.027463541666666664 0.10952777777777778
2 0.35359375 0.40417592592592594 0.029578125 0.11299074074074074
2 0.3129739583333333 0.2822592592592592 0.020411458333333334 0.09844444444444443
2 0.181078125 0.4340277777777778 0.04132291666666667 0.11250925925925927
2 0.05244791666666667 0.27438888888888885 0.0284375 0.10491666666666667
2 0.22053125 0.7471203703703704 0.04991145833333333 0.15998148148148147
2 0.41569791666666667 0.8272407407407407 0.04672916666666667 0.1705185185185185
2 0.95159375 0.5250092592592592 0.047859375 0.11757407407407408
2 0.970078125 0.32804629629629634 0.035984375 0.1135
0 0.6954895833333333 0.39749074074074076 0.010578124999999999 0.02538888888888889