2 0.7783072916666666 0.8385 0.019947916666666666 0.0762962962962963
2 0.8934635416666666 0.7242129629629629 0.014916666666666667 0.06775
2 0.8325572916666667 0.6468796296296296 0.016104166666666666 0.061287037037037036
2 0.7662864583333333 0.6196574074074074 0.019734375000000002 0.038592592592592595
2 0.6783645833333334 0.71825 0.021354166666666667 0.06037037037037037
2 0.66421875 0.6512222222222223 0.020557291666666665 0.06084259259259259
2 0.536640625 0.8136111111111112 0.020802083333333332 0.07387962962962964
2 0.5580208333333334 0.6063981481481481 0.011223958333333334 0.04809259259259259
2 0.5201510416666667 0.5878703703703704 0.015489583333333333 0.051111111111111114
2 0.47121875 0.6703981481481481 0.01890625 0.05737962962962963
3 0.50046875 0.7332592592592592 0.019109374999999998 0.07120370370370371
2 0.4271197916666667 0.7228611111111112 0.017104166666666667 0.07838888888888888
2 0.4878854166666667 0.6273703703703704 0.013791666666666667 0.055129629629629626
2 0.39538541666666666 0.6549722222222222 0.017067708333333334 0.058138888888888886
2 0.35188020833333333 0.7485555555555556 0.02450520833333333 0.07512037037037037
2 0.29225 0.6768240740740741 0.016255208333333333 0.06721296296296296
2 0.27432812500000003 0.6796574074074074 0.014447916666666666 0.06381481481481481
2 0.23104166666666667 0.7880833333333334 0.028260416666666666 0.06138888888888889
2 0.17609895833333333 0.7229537037037037 0.017531249999999998 0.07251851851851851
2 0.20822395833333335 0.6588611111111111 0.017098958333333334 0.06228703703703704
2 0.1859947916666667 0.648462962962963 0.013057291666666667 0.06265740740740741
3 0.2657291666666667 0.548074074074074 0.011973958333333333 0.041074074074074075
0 0.48792187499999995 0.6481388888888889 0.006776041666666666 0.009805555555555555
3 0.14846875 0.9670740740740741 0.042890624999999995 0.06584259259259259