3 0.605109375 0.9384537037037036 0.04847916666666666 0.12308333333333334
2 0.7143385416666667 0.5585185185185185 0.04834375 0.12562037037037035
2 0.7995052083333333 0.7065740740740741 0.050140625 0.13100925925925927
0 0.7920885416666666 0.45214814814814813 0.010270833333333333 0.02263888888888889
2 0.8055989583333333 0.42248148148148146 0.033953125 0.1057037037037037
2 0.7862447916666666 0.2766574074074074 0.035296875 0.10774074074074073
2 0.45566666666666666 0.36091666666666666 0.039942708333333334 0.1101388888888889
2 0.31944791666666666 0.2759166666666667 0.049515624999999994 0.10922222222222222
2 0.523828125 0.20887037037037037 0.02608854166666667 0.07599074074074073
2 0.24392187499999998 0.4858425925925926 0.04196875 0.12265740740740741
2 0.22456770833333334 0.32814814814814813 0.029963541666666666 0.08908333333333333
2 0.15616666666666665 0.44608333333333333 0.046677083333333334 0.11434259259259259
2 0.14182291666666666 0.3854074074074074 0.03133854166666667 0.11462037037037037
2 0.10375520833333333 0.20056481481481483 0.031963541666666664 0.07125000000000001
2 0.057875 0.6028888888888889 0.05701041666666666 0.10459259259259258
2 0.07172395833333334 0.8828240740740741 0.04132291666666667 0.14532407407407405
3 0.021671875 0.46285185185185185 0.034671875 0.10929629629629631