2 0.9087760416666666 0.5546759259259259 0.03290625 0.1266574074074074
2 0.9175677083333333 0.3728518518518519 0.022723958333333336 0.10139814814814815
2 0.75415625 0.4151388888888889 0.030312500000000003 0.12015740740740742
2 0.5138697916666667 0.41325925925925927 0.029546874999999997 0.0976111111111111
0 0.5358750000000001 0.43041666666666667 0.014072916666666666 0.03323148148148148
2 0.49649479166666666 0.3170648148148148 0.030473958333333332 0.10024999999999999
2 0.41652083333333334 0.39563888888888893 0.03442708333333333 0.11406481481481481
2 0.39484895833333333 0.3407962962962963 0.022807291666666667 0.07722222222222223
2 0.265296875 0.4043333333333333 0.022770833333333334 0.08915740740740741
2 0.2579635416666667 0.3201203703703704 0.022640625 0.09226851851851853
2 0.22102604166666667 0.44074074074074077 0.03203645833333333 0.10087962962962964
2 0.236421875 0.5678240740740741 0.02978645833333333 0.11537037037037036
2 0.45640624999999996 0.8375 0.0415 0.1471574074074074
3 0.10290625 0.43875000000000003 0.031078125 0.10863888888888888
2 0.11629166666666667 0.33521296296296293 0.018520833333333334 0.07796296296296297
3 0.07981250000000001 0.2940648148148148 0.02022916666666667 0.07821296296296296
2 0.03763020833333333 0.3745648148148148 0.016791666666666667 0.08752777777777777
2 0.017401041666666665 0.3872222222222222 0.024640625000000003 0.0961111111111111