3 0.14180208333333333 0.3727129629629629 0.019385416666666665 0.06238888888888888
3 0.429734375 0.49995370370370373 0.028427083333333332 0.0710462962962963
0 0.2516614583333333 0.59775 0.016265625 0.033
2 0.020197916666666666 0.5741851851851852 0.03559375 0.07525925925925926
2 0.022598958333333332 0.4933518518518519 0.028968749999999998 0.08424999999999999
2 0.08355729166666667 0.5323518518518519 0.028604166666666667 0.07285185185185186
2 0.10452083333333334 0.45191666666666663 0.03054166666666667 0.08264814814814815
2 0.151140625 0.5332592592592592 0.04149479166666667 0.08889814814814816
2 0.16228125 0.42957407407407405 0.028348958333333334 0.07860185185185185
2 0.3410625 0.5689074074074074 0.03278645833333334 0.07283333333333333
2 0.37363541666666666 0.5813055555555555 0.033937499999999995 0.06309259259259259
2 0.35192708333333333 0.5280925925925927 0.027088541666666667 0.07043518518518518
2 0.38153125 0.4377037037037037 0.025729166666666668 0.08876851851851852
2 0.494546875 0.5418981481481482 0.025489583333333333 0.09399074074074075
2 0.5470624999999999 0.4297870370370371 0.027671875000000002 0.10542592592592592
2 0.6602395833333333 0.44075925925925924 0.028885416666666667 0.07861111111111112
2 0.7695833333333333 0.5106203703703704 0.03044791666666667 0.0883148148148148
2 0.7853541666666667 0.592675925925926 0.020848958333333334 0.09801851851851852
2 0.6570364583333334 0.7688611111111111 0.0270625 0.1334537037037037
2 0.556546875 0.7318981481481482 0.03977604166666667 0.13266666666666665