2 0.13267708333333333 0.5106388888888889 0.030927083333333334 0.08597222222222221
2 0.173359375 0.5181666666666667 0.033067708333333334 0.07861111111111112
2 0.169578125 0.41555555555555557 0.021906250000000002 0.055851851851851854
2 0.2683125 0.6169259259259259 0.03752083333333334 0.09368518518518519
2 0.04516145833333333 0.5490555555555555 0.03775 0.08598148148148148
2 0.06352604166666667 0.43492592592592594 0.024057291666666664 0.07858333333333334
3 0.073515625 0.3750648148148148 0.03143229166666667 0.06768518518518518
2 0.30346354166666667 0.49327777777777776 0.018406250000000002 0.07701851851851853
0 0.3154166666666667 0.5224814814814814 0.009291666666666667 0.013620370370370371
2 0.2666510416666667 0.42729629629629634 0.023609375 0.06811111111111111
2 0.2842395833333333 0.4955 0.02225520833333333 0.08487962962962962
3 0.4248333333333333 0.49643518518518515 0.033317708333333335 0.08847222222222222
2 0.48744791666666665 0.5259259259259259 0.024927083333333332 0.0842037037037037
2 0.45107291666666666 0.5597685185185185 0.03388541666666667 0.07669444444444444
2 0.6878802083333333 0.5095092592592593 0.024921875 0.0923888888888889
2 0.6920625 0.7071018518518518 0.03423958333333333 0.11159259259259259
2 0.73278125 0.705388888888889 0.036848958333333334 0.08082407407407408
2 0.73528125 0.5774537037037036 0.022625 0.10010185185185184
2 0.5971927083333333 0.43353703703703705 0.024270833333333335 0.0754537037037037
2 0.5798541666666667 0.5010370370370371 0.07865625000000001 0.0390462962962963