2 0.743234375 0.4870092592592593 0.027161458333333333 0.12003703703703703
2 0.8702447916666666 0.3290925925925926 0.025234375 0.09468518518518519
2 0.6327760416666667 0.4207037037037037 0.026041666666666668 0.11082407407407407
2 0.5432135416666667 0.3880648148148148 0.03055208333333333 0.10210185185185185
2 0.45950520833333336 0.6808981481481482 0.03376041666666666 0.1453611111111111
0 0.55478125 0.32280555555555557 0.013197916666666667 0.02299074074074074
2 0.5755989583333334 0.29439814814814813 0.025916666666666664 0.0818611111111111
2 0.4377447916666667 0.26625925925925925 0.020614583333333332 0.08470370370370371
2 0.22010416666666668 0.5923703703703703 0.03214583333333333 0.12511111111111112
3 0.169359375 0.402712962962963 0.026093750000000002 0.11597222222222223
2 0.152734375 0.3202222222222222 0.024651041666666665 0.08980555555555556
2 0.25183854166666664 0.39012037037037034 0.02186979166666667 0.10621296296296295
3 0.10070312499999999 0.2434722222222222 0.015671875 0.0755462962962963
2 0.054848958333333336 0.30075 0.021755208333333335 0.08477777777777779
2 0.040359374999999996 0.3257962962962963 0.01990625 0.0955462962962963
2 0.266328125 0.33144444444444443 0.019302083333333334 0.07003703703703704
2 0.2510572916666666 0.27505555555555555 0.014453125 0.07527777777777778
2 0.314859375 0.31527777777777777 0.027848958333333333 0.0719537037037037
2 0.31182291666666667 0.27823148148148147 0.019640625000000002 0.07908333333333332