2 0.19851041666666666 0.8030833333333334 0.04305729166666667 0.15641666666666668
2 0.260765625 0.63425 0.032364583333333335 0.1458611111111111
2 0.3881197916666667 0.6090555555555556 0.03293229166666666 0.14425
2 0.5052552083333334 0.675175925925926 0.046609374999999995 0.14637962962962964
2 0.5729843750000001 0.6229629629629629 0.047880208333333334 0.154
0 0.6136927083333333 0.48801851851851846 0.018494791666666666 0.03231481481481481
2 0.6894114583333334 0.5896296296296296 0.029645833333333333 0.11806481481481482
2 0.6571927083333333 0.5822222222222222 0.032302083333333335 0.1285462962962963
2 0.6693385416666667 0.5879166666666668 0.025078125 0.12728703703703703
2 0.8201510416666667 0.5272129629629629 0.037994791666666666 0.1287685185185185
2 0.7969791666666667 0.5137592592592592 0.028244791666666665 0.1108888888888889
3 0.9824114583333333 0.6370555555555555 0.035182291666666664 0.1388148148148148
1 0.8606822916666667 0.23494444444444446 0.018421874999999997 0.11170370370370371
2 0.5544895833333333 0.36439814814814814 0.021052083333333336 0.11577777777777779
3 0.406171875 0.4155277777777778 0.02634375 0.12044444444444445
2 0.35459375000000004 0.4735185185185185 0.04008333333333333 0.1171574074074074
2 0.36292708333333334 0.28087962962962965 0.028291666666666666 0.1114074074074074
2 0.277890625 0.29633333333333334 0.019848958333333333 0.11519444444444445
2 0.20870833333333336 0.4091851851851852 0.028885416666666667 0.12041666666666667
2 0.08727604166666666 0.34414814814814815 0.023901041666666668 0.11323148148148149