3 0.14006770833333335 0.9365740740740741 0.04003125 0.12685185185185185
2 0.320390625 0.8329722222222222 0.04390625 0.15112962962962964
2 0.18042708333333335 0.2720462962962963 0.021796875 0.0848425925925926
3 0.24279166666666668 0.35627777777777775 0.024130208333333333 0.08663888888888888
2 0.26063020833333334 0.27575 0.025947916666666668 0.09224074074074075
2 0.3374479166666667 0.38775 0.028541666666666667 0.09401851851851853
2 0.3314583333333333 0.5532037037037038 0.0321875 0.11475
2 0.34226562499999996 0.22461111111111112 0.025156249999999998 0.06866666666666667
2 0.48144791666666664 0.4064907407407407 0.030078125 0.10836111111111112
2 0.4986302083333333 0.297962962962963 0.03319791666666667 0.08112037037037037
2 0.5482395833333332 0.25955555555555554 0.025640624999999997 0.06911111111111111
2 0.58846875 0.3019074074074074 0.030583333333333334 0.06584259259259259
2 0.6272656249999999 0.3516574074074074 0.019640625000000002 0.07737962962962962
2 0.8426145833333333 0.3012037037037037 0.028458333333333332 0.09685185185185184
2 0.8974270833333333 0.48910185185185184 0.0313125 0.12080555555555555
2 0.7004374999999999 0.24335185185185185 0.025354166666666667 0.08300925925925927
0 0.656234375 0.31373148148148144 0.010463541666666666 0.015444444444444445