2 0.12053645833333333 0.42014814814814816 0.03742708333333333 0.10325925925925926
3 0.335625 0.2449722222222222 0.0196875 0.07236111111111111
2 0.22105208333333334 0.5708333333333333 0.032375 0.12777777777777777
2 0.386140625 0.6293425925925926 0.02696875 0.11423148148148149
2 0.4229895833333333 0.6520555555555556 0.021729166666666667 0.1088611111111111
2 0.48808854166666665 0.5511574074074074 0.03736458333333333 0.10694444444444444
2 0.45748958333333334 0.32203703703703707 0.02383333333333333 0.0737037037037037
2 0.5405572916666667 0.41460185185185183 0.038921875 0.055129629629629626
2 0.64796875 0.6399814814814815 0.0428125 0.10775
2 0.6997864583333333 0.56825 0.03707291666666667 0.10316666666666667
2 0.73415625 0.5034537037037037 0.032901041666666665 0.14023148148148148
2 0.5538333333333333 0.7401851851851852 0.049854166666666665 0.1368425925925926
3 0.5457604166666666 0.9273888888888889 0.038921875 0.13625925925925925
0 0.32494791666666667 0.5596944444444445 0.013958333333333333 0.03513888888888889