2 0.10621354166666667 0.6332777777777778 0.034828125 0.06193518518518518
2 0.20620833333333335 0.5599259259259259 0.0160625 0.04948148148148148
2 0.19284375 0.5270925925925926 0.016463541666666668 0.04792592592592593
2 0.25993229166666665 0.5969722222222222 0.017713541666666666 0.0675462962962963
2 0.32969791666666665 0.5670092592592593 0.015401041666666667 0.06308333333333332
2 0.375734375 0.5587592592592593 0.006484375 0.05318518518518518
2 0.3790729166666667 0.6339907407407408 0.017619791666666666 0.061064814814814815
2 0.38716666666666666 0.5458333333333333 0.01747395833333333 0.05372222222222223
2 0.47453645833333336 0.5492592592592593 0.011015625 0.05002777777777778
2 0.4891666666666667 0.5567777777777778 0.012052083333333333 0.06770370370370371
3 0.5059114583333334 0.5297314814814815 0.013609375 0.05849074074074074
3 0.41674479166666667 0.78525 0.021666666666666667 0.07974074074074075
2 0.8095677083333332 0.5479444444444445 0.020151041666666664 0.05531481481481482
2 0.7676510416666668 0.5947314814814815 0.020234375000000002 0.06307407407407407
2 0.7144479166666666 0.5966481481481481 0.012593749999999999 0.04974074074074074
2 0.743109375 0.5790925925925926 0.010510416666666666 0.05424074074074074
2 0.7186822916666666 0.5658981481481481 0.013635416666666667 0.05425000000000001
2 0.72978125 0.5645740740740741 0.012817708333333334 0.04633333333333333