3 0.5258177083333334 0.5430555555555555 0.054802083333333335 0.12551851851851853
2 0.12411979166666667 0.41687962962962966 0.03473958333333334 0.07525925925925926
2 0.15537499999999999 0.5152592592592593 0.047510416666666666 0.08571296296296296
2 0.2629270833333333 0.63275 0.05657291666666667 0.10596296296296297
2 0.26809895833333336 0.49236111111111114 0.024276041666666668 0.09360185185185185
0 0.29615625 0.4334537037037037 0.009348958333333332 0.016842592592592593
2 0.36301041666666667 0.5839537037037037 0.05602083333333333 0.12521296296296294
2 0.3510260416666667 0.43583333333333335 0.03738020833333333 0.10053703703703704
2 0.41115625 0.4487777777777778 0.03330729166666667 0.08222222222222222
2 0.46765104166666666 0.41435185185185186 0.029057291666666665 0.08914814814814814
2 0.522703125 0.4111944444444444 0.0396875 0.09546296296296296
2 0.627578125 0.5231481481481481 0.04339583333333333 0.09516666666666666
2 0.59321875 0.43029629629629634 0.029739583333333333 0.09893518518518518
2 0.7131041666666668 0.4838240740740741 0.03327083333333333 0.09230555555555556
2 0.8416093750000001 0.6916296296296297 0.027395833333333335 0.12267592592592594
2 0.7989010416666668 0.54825 0.03611458333333333 0.11378703703703703
2 0.7438489583333333 0.478287037037037 0.025484375 0.10966666666666666
2 0.919859375 0.8370740740740741 0.05067708333333333 0.1577777777777778