2 0.013166666666666667 0.3926574074074074 0.026333333333333334 0.17559259259259258
2 0.06844791666666666 0.30830555555555555 0.03902604166666667 0.11590740740740742
2 0.11720833333333333 0.307537037037037 0.043932291666666665 0.13904629629629628
3 0.14354687500000002 0.23525 0.022630208333333336 0.09601851851851852
2 0.22718229166666667 0.29362037037037036 0.026703125 0.11090740740740741
2 0.26393229166666665 0.31239814814814815 0.034234375000000004 0.10833333333333334
2 0.2979322916666666 0.2820740740740741 0.0245 0.0942962962962963
2 0.34061979166666667 0.28541666666666665 0.03461979166666666 0.09069444444444445
3 0.29041145833333337 0.40782407407407406 0.036078124999999996 0.12365740740740742
2 0.30878645833333335 0.38879629629629625 0.04272916666666667 0.11233333333333333
2 0.42815624999999996 0.32089814814814815 0.05225 0.10613888888888888
2 0.5116458333333334 0.3443055555555556 0.050208333333333334 0.13031481481481483
2 0.5657604166666667 0.2859259259259259 0.03225 0.10200925925925926
2 0.60975 0.2895277777777778 0.03455729166666666 0.10098148148148148
2 0.7130572916666666 0.421962962962963 0.05015625 0.11697222222222223
2 0.8984114583333334 0.35741666666666666 0.035354166666666666 0.11335185185185186
2 0.8359010416666667 0.46131481481481484 0.042312499999999996 0.14012962962962963
2 0.8895833333333333 0.4831666666666667 0.0304375 0.11802777777777777
2 0.69540625 0.6564907407407408 0.043796875 0.17877777777777779
2 0.43206770833333336 0.6346018518518518 0.06147916666666667 0.15089814814814814