2 0.5225000000000001 0.3684537037037037 0.035744791666666664 0.12168518518518517
0 0.5266979166666667 0.3949537037037037 0.012307291666666666 0.029611111111111112
2 0.8039322916666667 0.6670092592592592 0.048255208333333334 0.1601388888888889
2 0.34988541666666667 0.7745000000000001 0.056828125 0.15289814814814814
2 0.511796875 0.542287037037037 0.049052083333333336 0.1360185185185185
2 0.023015624999999998 0.587324074074074 0.039614583333333335 0.17206481481481484
2 0.31182291666666667 0.45334259259259263 0.041859375000000004 0.13447222222222222
2 0.2299270833333333 0.40987962962962965 0.042458333333333334 0.12571296296296297
3 0.09058854166666667 0.35227777777777775 0.055515625 0.1236388888888889
2 0.42830208333333336 0.35844444444444445 0.04675520833333333 0.1112962962962963
2 0.5618541666666667 0.3913611111111111 0.034854166666666665 0.10101851851851851
2 0.7715208333333333 0.3877407407407407 0.038989583333333334 0.12012962962962964
2 0.8440104166666667 0.49394444444444446 0.03640104166666667 0.15043518518518517
2 0.8866927083333334 0.41860185185185184 0.033229166666666664 0.1139537037037037
2 0.9250364583333333 0.38208333333333333 0.03179166666666667 0.12733333333333335
2 0.9836510416666666 0.39442592592592596 0.03269791666666667 0.12115740740740741
3 0.9897291666666667 0.5548888888888889 0.020541666666666666 0.1396111111111111