2 0.085984375 0.55125 0.042895833333333334 0.13717592592592592
0 0.17543229166666666 0.5444814814814815 0.018536458333333335 0.025231481481481483
2 0.18676041666666665 0.44620370370370366 0.041666666666666664 0.13702777777777778
2 0.3311354166666666 0.6292592592592593 0.03816145833333333 0.149
2 0.3975677083333334 0.6116666666666667 0.044578125 0.1350185185185185
2 0.49468229166666666 0.6220555555555556 0.03363020833333333 0.1600277777777778
2 0.5245572916666666 0.6078518518518519 0.034932291666666664 0.1358611111111111
2 0.528375 0.7441666666666668 0.04733333333333333 0.16673148148148148
2 0.7130781249999999 0.7802129629629629 0.043375000000000004 0.15399074074074073
3 0.7861979166666667 0.9035648148148149 0.05244270833333333 0.19287962962962962
3 0.6777864583333333 0.48885185185185187 0.03363541666666667 0.15658333333333335
2 0.5886354166666667 0.2642407407407407 0.030682291666666663 0.11240740740740741
2 0.49155208333333333 0.3366388888888889 0.03214583333333333 0.11512037037037037
2 0.44080729166666666 0.33313888888888893 0.024890625 0.14416666666666667
1 0.07876041666666667 0.2626481481481482 0.028447916666666666 0.12406481481481482
2 0.7026666666666667 0.22300925925925924 0.0380625 0.07448148148148148
3 0.7646875000000001 0.09708333333333333 0.014187499999999999 0.09406481481481482
2 0.9101927083333333 0.3082314814814815 0.028447916666666666 0.10072222222222223
2 0.8036302083333333 0.43712962962962965 0.024072916666666666 0.12947222222222224
2 0.80821875 0.44349074074074074 0.036833333333333336 0.10826851851851853