2 0.15252083333333333 0.5101388888888889 0.04057291666666667 0.15505555555555556
3 0.23050520833333332 0.44382407407407404 0.05519270833333333 0.16275925925925927
2 0.18464583333333331 0.3661388888888889 0.049265625 0.1263148148148148
2 0.06772916666666666 0.31934259259259257 0.048078125 0.10678703703703704
2 0.422375 0.35431481481481486 0.04382291666666667 0.1026574074074074
2 0.5417447916666667 0.4533148148148148 0.057453125 0.13707407407407407
2 0.6236406250000001 0.31137037037037035 0.031427083333333335 0.08775925925925926
2 0.7498177083333334 0.7258888888888889 0.061557291666666666 0.1822314814814815
2 0.6844166666666667 0.8110092592592593 0.05575 0.18888888888888888
2 0.816953125 0.5158055555555556 0.04305208333333333 0.12316666666666667
2 0.8945104166666666 0.5415185185185185 0.045385416666666664 0.1560740740740741
2 0.9502135416666667 0.3975092592592593 0.04047916666666666 0.13967592592592593
2 0.166265625 0.31780555555555556 0.0003541666666666667 0.001212962962962963