3 0.5385677083333333 0.5265277777777777 0.02722916666666667 0.09582407407407408
2 0.793328125 0.5298148148148148 0.026765625 0.08659259259259258
2 0.7449322916666666 0.43716666666666665 0.02041666666666667 0.05677777777777778
2 0.761828125 0.4370277777777778 0.024557291666666665 0.06969444444444443
2 0.5883020833333333 0.48262962962962963 0.03181770833333333 0.08183333333333333
2 0.6000833333333334 0.43637037037037035 0.02721875 0.07100925925925926
2 0.6238020833333333 0.4317592592592593 0.021281249999999998 0.06969444444444443
2 0.5121770833333333 0.4403240740740741 0.030786458333333332 0.06310185185185185
2 0.5054322916666666 0.5539351851851851 0.033604166666666664 0.0952962962962963
2 0.462375 0.5325833333333334 0.0260625 0.08949074074074075
2 0.42463541666666665 0.4328148148148148 0.021739583333333333 0.0717962962962963
2 0.446421875 0.43425925925925923 0.02084375 0.0667962962962963
2 0.35503124999999996 0.4520555555555556 0.035229166666666666 0.07338888888888889
2 0.3162760416666667 0.4947592592592593 0.03332291666666667 0.08499999999999999