2 0.011734375 0.5044722222222222 0.023463541666666664 0.11498148148148149
2 0.21516145833333333 0.4787222222222222 0.024333333333333332 0.1035648148148148
2 0.22355208333333335 0.42077777777777775 0.01690104166666667 0.08416666666666667
2 0.204265625 0.3619351851851852 0.02676041666666667 0.08672222222222221
2 0.3131979166666667 0.3495462962962963 0.018328124999999997 0.0842037037037037
2 0.35394270833333336 0.4434074074074074 0.0163125 0.11012037037037038
2 0.365796875 0.5188703703703703 0.026661458333333332 0.12298148148148147
2 0.42144791666666664 0.46344444444444444 0.017723958333333335 0.09972222222222223
2 0.4031822916666667 0.32661111111111113 0.017927083333333333 0.08139814814814815
0 0.407984375 0.3570462962962963 0.008328125 0.020537037037037038
2 0.41435416666666663 0.3573425925925926 0.021901041666666666 0.04487037037037037
3 0.48132291666666666 0.4531203703703704 0.032255208333333334 0.11323148148148149
2 0.448890625 0.33648148148148144 0.02500520833333333 0.09371296296296296
2 0.76015625 0.47901851851851857 0.025437500000000002 0.11603703703703704
2 0.9057604166666666 0.4462962962962963 0.019375 0.09958333333333333
2 0.8785000000000001 0.3842685185185185 0.025812500000000002 0.09427777777777777
2 0.894109375 0.3801851851851852 0.018630208333333335 0.11431481481481481
2 0.9493802083333333 0.5866018518518519 0.035640625 0.1233611111111111
2 0.8436822916666666 0.7881296296296296 0.03467708333333333 0.1345185185185185