2 0.394078125 0.696962962962963 0.041338541666666666 0.12376851851851851
2 0.22753645833333333 0.5506296296296296 0.029671875 0.10339814814814816
2 0.05390625 0.41657407407407404 0.0275625 0.07689814814814815
2 0.15376041666666668 0.4487962962962963 0.033125 0.06462962962962962
2 0.18144791666666665 0.36048148148148146 0.021666666666666667 0.05460185185185185
2 0.21569270833333334 0.3565185185185185 0.024421875 0.053175925925925925
2 0.24369791666666665 0.41399074074074077 0.025651041666666666 0.05773148148148148
2 0.25247395833333336 0.4645648148148148 0.027869791666666664 0.0719074074074074
2 0.29885416666666664 0.4106111111111111 0.028604166666666667 0.0769537037037037
2 0.33167708333333334 0.4321666666666667 0.021942708333333335 0.07851851851851852
3 0.36955208333333334 0.5003425925925926 0.029760416666666668 0.08242592592592592
2 0.36199479166666665 0.4093703703703704 0.022682291666666667 0.07317592592592592
2 0.33793229166666666 0.40249074074074076 0.020572916666666666 0.07239814814814814
2 0.4728333333333333 0.3371018518518518 0.0230625 0.05978703703703703
2 0.603125 0.4691759259259259 0.025817708333333335 0.08630555555555555
2 0.6352656250000001 0.3653425925925926 0.029479166666666667 0.07472222222222223
2 0.6870520833333333 0.49209259259259264 0.033713541666666666 0.09189814814814815
2 0.7744010416666666 0.5316388888888889 0.028010416666666666 0.09307407407407407
2 0.7961302083333333 0.4600185185185185 0.025463541666666666 0.08746296296296295
2 0.6646562500000001 0.7078148148148149 0.03640625 0.11951851851851852