2 0.3325208333333334 0.5284074074074073 0.032515625 0.1205925925925926
2 0.4259895833333333 0.4818611111111111 0.042375 0.14169444444444446
2 0.3730364583333333 0.41550925925925924 0.040630208333333334 0.13863888888888887
2 0.44943229166666665 0.2514537037037037 0.026755208333333332 0.08212962962962964
2 0.2341302083333333 0.33116666666666666 0.04059375 0.1180925925925926
2 0.13747395833333334 0.3856851851851852 0.03825520833333333 0.13453703703703704
2 0.08798958333333333 0.44739814814814816 0.03303645833333333 0.14685185185185184
3 0.01446875 0.4865092592592592 0.0289375 0.13911111111111113
2 0.031119791666666667 0.6318055555555556 0.061609375 0.17876851851851852
2 0.5463697916666667 0.6737222222222222 0.053671875 0.17826851851851852
2 0.7327343749999999 0.8226203703703703 0.07677604166666667 0.1983888888888889
2 0.7800520833333333 0.49782407407407403 0.04984895833333333 0.15351851851851853
2 0.7331770833333333 0.35276851851851854 0.040427083333333336 0.14894444444444446
0 0.576328125 0.5219814814814815 0.0288125 0.04911111111111111