2 0.46606770833333333 0.664212962962963 0.05629166666666666 0.17569444444444443
2 0.5366770833333334 0.5803796296296296 0.08174479166666666 0.17669444444444446
3 0.6152447916666667 0.3448240740740741 0.044390625 0.16014814814814815
2 0.5944114583333333 0.10361111111111111 0.04092708333333333 0.13023148148148148
2 0.7430104166666667 0.16198148148148148 0.054489583333333334 0.14001851851851851
2 0.8762708333333333 0.32399074074074075 0.06401041666666667 0.14316666666666666
2 0.941671875 0.4947407407407408 0.058203125 0.15969444444444444
2 0.15656770833333333 0.4641388888888889 0.05897395833333333 0.16842592592592592
2 0.32947395833333337 0.34096296296296297 0.058640625 0.14625925925925926
2 0.15338541666666666 0.2741018518518518 0.04450520833333334 0.14417592592592593
2 0.20286979166666666 0.17021296296296298 0.06359374999999999 0.13590740740740742
2 0.03835416666666667 0.7758148148148148 0.0645 0.23642592592592593
0 0.7567552083333333 0.6035092592592592 0.025260416666666667 0.03784259259259259