2 0.9667447916666667 0.7921388888888888 0.03777604166666667 0.13380555555555554
2 0.9266562500000001 0.6787222222222222 0.028385416666666666 0.11735185185185185
2 0.8810729166666668 0.5307592592592593 0.024916666666666667 0.09189814814814815
2 0.8431458333333333 0.47197222222222224 0.035703124999999995 0.13587962962962963
2 0.8134635416666666 0.4549814814814815 0.029166666666666667 0.11128703703703703
2 0.707453125 0.5013703703703704 0.023182291666666667 0.10262037037037038
2 0.685265625 0.4161111111111111 0.033749999999999995 0.10492592592592592
2 0.6141197916666666 0.40755555555555556 0.03831770833333333 0.11223148148148147
3 0.607515625 0.5207777777777778 0.021947916666666668 0.10955555555555554
2 0.5317916666666667 0.40924074074074074 0.025807291666666666 0.1043611111111111
2 0.456890625 0.5812407407407407 0.026046875 0.11777777777777779
2 0.388859375 0.4036111111111111 0.025223958333333334 0.09310185185185185
2 0.3688958333333333 0.41412037037037036 0.025442708333333335 0.09910185185185186
0 0.358328125 0.43460185185185185 0.012765625000000001 0.031111111111111114
2 0.376234375 0.6131666666666666 0.03272916666666667 0.12151851851851853
2 0.31709895833333335 0.46350925925925923 0.027515625 0.08893518518518519
2 0.22498437500000001 0.4906388888888889 0.033463541666666666 0.12628703703703703
2 0.2119375 0.3853611111111111 0.031671875 0.0885