2 0.284484375 0.7737222222222222 0.044078124999999996 0.14827777777777776
0 0.3113958333333333 0.7827314814814815 0.028458333333333332 0.045925925925925926
2 0.24483333333333332 0.4908611111111111 0.041177083333333336 0.13809259259259257
2 0.34785937499999997 0.48262962962962963 0.03541145833333333 0.13398148148148148
2 0.4336614583333333 0.6364074074074074 0.03861979166666667 0.1390648148148148
2 0.53971875 0.5178611111111111 0.03719791666666667 0.12111111111111113
2 0.46086458333333336 0.39108333333333334 0.044411458333333334 0.12373148148148148
2 0.524671875 0.42297222222222225 0.03140625 0.09491666666666668
2 0.15772916666666664 0.3779722222222222 0.04752083333333333 0.11293518518518518
3 0.2899791666666667 0.2632777777777778 0.027296874999999998 0.09343518518518518
2 0.678625 0.359462962962963 0.03722916666666667 0.07591666666666666
2 0.710453125 0.35844444444444445 0.02411458333333333 0.1112962962962963
2 0.7547291666666667 0.4258240740740741 0.029312500000000002 0.12469444444444443
2 0.6741406249999999 0.28385185185185186 0.0369375 0.07902777777777777
3 0.9011666666666667 0.47876851851851854 0.03786458333333333 0.12318518518518518
3 0.5424687499999999 0.9400740740740741 0.054848958333333336 0.11985185185185185