3 0.15989583333333332 0.14449074074074075 0.029744791666666666 0.08858333333333333
2 0.9083958333333333 0.38210185185185186 0.05531770833333333 0.11952777777777777
2 0.77990625 0.3373611111111111 0.034515625 0.1287685185185185
2 0.8380729166666666 0.5263703703703704 0.03970833333333333 0.1427314814814815
2 0.6534427083333333 0.4170740740740741 0.04091145833333333 0.09897222222222223
2 0.6640104166666667 0.3717962962962963 0.016677083333333335 0.1005925925925926
2 0.625375 0.523537037037037 0.04149479166666667 0.1206111111111111
2 0.62421875 0.6500648148148148 0.04728645833333334 0.14535185185185184
2 0.5303125000000001 0.5425740740740741 0.04933333333333333 0.11959259259259258
2 0.4546354166666667 0.4103888888888889 0.04269791666666667 0.1
2 0.45464062499999996 0.3399166666666667 0.04064583333333334 0.0862037037037037
2 0.438140625 0.5081111111111111 0.02822916666666667 0.1185462962962963
3 0.3582708333333333 0.4584814814814815 0.040984374999999997 0.1118425925925926
2 0.22226041666666668 0.45230555555555557 0.038697916666666665 0.10567592592592592
2 0.24497395833333335 0.5543981481481481 0.040140625 0.1391388888888889
2 0.36550520833333333 0.6999537037037038 0.06470833333333333 0.15050925925925926
2 0.3767916666666667 0.5950277777777778 0.05255208333333334 0.11344444444444444
2 0.17045833333333332 0.28721296296296295 0.038135416666666665 0.10252777777777779
2 0.018375 0.4764814814814815 0.03675 0.16225925925925927
2 0.007958333333333333 0.618175925925926 0.015916666666666666 0.14739814814814814
0 0.46201562500000004 0.543074074074074 0.019255208333333333 0.03833333333333333