2 0.850515625 0.5466851851851852 0.035656249999999994 0.12987962962962965
2 0.7829479166666666 0.2848981481481481 0.03364583333333333 0.09789814814814815
2 0.4983333333333333 0.47571296296296295 0.03516145833333333 0.13602777777777778
2 0.45015104166666664 0.4913981481481482 0.039515625000000006 0.14477777777777778
2 0.491390625 0.20698148148148146 0.0316875 0.09014814814814814
2 0.22934895833333335 0.2869537037037037 0.03319791666666667 0.08761111111111111
2 0.2633489583333333 0.6444074074074074 0.07110416666666668 0.18135185185185188
2 0.15627604166666667 0.8686481481481482 0.08038541666666667 0.18349074074074073
2 0.07930208333333333 0.5014259259259259 0.064203125 0.12162962962962964
2 0.011864583333333335 0.44793518518518516 0.02372916666666667 0.11132407407407408
2 0.08885416666666666 0.35433333333333333 0.024265625000000002 0.10100925925925926
2 0.08740624999999999 0.30108333333333337 0.031875 0.11038888888888888
0 0.7746979166666667 0.3646111111111111 0.017151041666666665 0.04340740740740741