2 0.09045833333333334 0.616574074074074 0.050994791666666664 0.1466388888888889
2 0.057479166666666665 0.2844259259259259 0.028755208333333334 0.08152777777777777
2 0.07922916666666667 0.2074351851851852 0.029359375 0.08731481481481482
2 0.16172916666666665 0.36630555555555555 0.03094791666666667 0.10729629629629629
2 0.20124479166666667 0.3067685185185185 0.030322916666666665 0.08625925925925926
2 0.12782812500000001 0.31019444444444444 0.02034375 0.08585185185185185
0 0.16959375000000002 0.27588888888888885 0.011958333333333333 0.01724074074074074
2 0.4156302083333333 0.7253240740740741 0.07507291666666666 0.14987962962962964
2 0.42321875000000003 0.29403703703703704 0.026927083333333334 0.08621296296296296
2 0.5968020833333333 0.19724074074074074 0.03910416666666667 0.0705648148148148
2 0.4922447916666667 0.2976666666666667 0.017911458333333335 0.07894444444444446
2 0.5127708333333333 0.2210277777777778 0.032401041666666665 0.07820370370370369
1 0.9903385416666667 0.26225000000000004 0.01932291666666667 0.09164814814814815
2 0.9831875 0.4986944444444445 0.033625 0.1215