2 0.0445 0.24450925925925926 0.031192708333333333 0.09920370370370371
2 0.09866666666666667 0.34099999999999997 0.024932291666666665 0.1394074074074074
2 0.16727604166666668 0.5763425925925927 0.06059895833333333 0.16100925925925924
3 0.4015052083333333 0.4053333333333333 0.031656250000000004 0.1291851851851852
2 0.39746875 0.6325740740740741 0.0418125 0.16699074074074075
2 0.033828125 0.8311388888888889 0.03588020833333334 0.07337962962962963
3 0.07393229166666666 0.8829537037037037 0.04016145833333333 0.17701851851851852
2 0.4512395833333333 0.42407407407407405 0.03216666666666666 0.12500925925925926
2 0.5535781249999999 0.4643888888888889 0.03919791666666667 0.13697222222222222
2 0.53678125 0.6027222222222223 0.03397395833333334 0.13045370370370368
2 0.5362604166666666 0.7818333333333334 0.03293229166666666 0.16458333333333333
2 0.5843072916666666 0.7793425925925926 0.05066145833333333 0.1783611111111111
2 0.7262187499999999 0.3255 0.040453125 0.1222962962962963
2 0.8023802083333333 0.37663888888888886 0.03393229166666667 0.10884259259259259
2 0.8302447916666666 0.4414351851851852 0.030130208333333335 0.12731481481481483
2 0.8220416666666667 0.7640092592592592 0.0341875 0.15210185185185185