3 0.065453125 0.49148148148148146 0.03204166666666667 0.12950925925925927
2 0.013026041666666667 0.3849444444444445 0.026052083333333333 0.10125925925925926
2 0.08623958333333334 0.34375925925925926 0.037140625000000003 0.07725000000000001
2 0.16756770833333334 0.9255648148148148 0.061171875 0.1383888888888889
2 0.06691145833333333 0.26559259259259255 0.027666666666666666 0.0700925925925926
2 0.19501041666666669 0.40894444444444444 0.048578125 0.0844074074074074
2 0.31493229166666664 0.44656481481481486 0.04583333333333333 0.13371296296296295
2 0.24609375 0.2681944444444444 0.037656249999999995 0.10123148148148148
2 0.67509375 0.42032407407407407 0.038385416666666665 0.12986111111111112
2 0.6063437500000001 0.35853703703703704 0.050453125 0.08736111111111111
2 0.7559791666666666 0.4816111111111111 0.04877083333333333 0.11624999999999999
1 0.85684375 0.3976203703703704 0.05533333333333333 0.1233611111111111
2 0.7784322916666666 0.26529629629629625 0.029838541666666666 0.09219444444444444