2 0.23393750000000002 0.870074074074074 0.06619270833333334 0.18059259259259258
2 0.12507291666666667 0.6964722222222223 0.06502083333333333 0.14666666666666667
2 0.23468750000000002 0.47601851851851856 0.044333333333333336 0.12848148148148147
2 0.10842187499999999 0.45902777777777776 0.042328125 0.10205555555555555
2 0.07001041666666666 0.3535185185185185 0.04618229166666667 0.09862037037037037
2 0.016536458333333334 0.36088888888888887 0.032651041666666665 0.11712037037037036
2 0.11860937499999999 0.2444814814814815 0.037223958333333335 0.08812037037037038
2 0.23702083333333332 0.20691666666666667 0.02778125 0.06962037037037037
3 0.21792708333333335 0.1506759259259259 0.02355208333333333 0.07035185185185186
3 0.16752604166666665 0.4768240740740741 0.031026041666666667 0.1338703703703704
2 0.45766666666666667 0.33544444444444443 0.03808854166666666 0.1002037037037037
2 0.48355729166666667 0.27012962962962966 0.03891666666666667 0.08282407407407408
2 0.64865625 0.5653333333333332 0.04640104166666667 0.11462037037037037
2 0.65375 0.36280555555555555 0.039609374999999995 0.10587037037037038
2 0.672703125 0.23068518518518516 0.02868229166666667 0.10582407407407408
2 0.824109375 0.45472222222222225 0.04488541666666667 0.1198611111111111
2 0.8947447916666668 0.6908425925925926 0.07151041666666667 0.1429537037037037
2 0.915125 0.2975 0.035843749999999994 0.11112962962962962
3 0.661125 0.9342407407407407 0.07347395833333333 0.1315277777777778