2 0.08523958333333333 0.8249074074074074 0.042005208333333335 0.16525
0 0.8263541666666666 0.3790185185185185 0.018453125 0.02862037037037037
2 0.84646875 0.34917592592592595 0.03958333333333333 0.14177777777777778
2 0.8480624999999999 0.5479629629629629 0.034088541666666666 0.14118518518518516
2 0.653015625 0.40575 0.057187499999999995 0.16232407407407407
2 0.5698177083333333 0.350212962962963 0.03488541666666667 0.10062962962962964
2 0.5434791666666666 0.30547222222222226 0.023885416666666666 0.0913888888888889
2 0.33555729166666665 0.26561111111111113 0.03685416666666667 0.10117592592592592
2 0.556359375 0.23629629629629628 0.023598958333333333 0.08575925925925926
2 0.17089583333333333 0.30315740740740743 0.023505208333333336 0.10219444444444445
2 0.19823958333333333 0.3476574074074074 0.031182291666666664 0.09583333333333334
2 0.2940260416666666 0.40475 0.030583333333333334 0.1297962962962963
3 0.14268229166666666 0.40473148148148147 0.04172916666666667 0.11706481481481482
2 0.07178124999999999 0.6227870370370371 0.07007291666666667 0.16430555555555554
2 0.017505208333333334 0.2674259259259259 0.03501041666666667 0.08962962962962963
3 0.07336979166666667 0.20699074074074075 0.025713541666666666 0.07161111111111111