2 0.12021875 0.44707407407407407 0.026510416666666665 0.12372222222222222
2 0.24139583333333334 0.6893333333333334 0.04216145833333333 0.15353703703703703
0 0.249390625 0.694 0.014552083333333334 0.028527777777777777
3 0.3282864583333333 0.3844444444444444 0.029927083333333333 0.11472222222222223
2 0.37965104166666663 0.3183240740740741 0.023661458333333333 0.10649074074074075
2 0.4685052083333333 0.5784074074074074 0.028427083333333332 0.1254537037037037
2 0.6928229166666667 0.5640740740740741 0.041093750000000005 0.1252037037037037
2 0.9386979166666667 0.7137685185185185 0.03581770833333333 0.16365740740740742
1 0.9094218749999999 0.33113888888888887 0.028130208333333333 0.11920370370370371
2 0.41534375 0.3663888888888889 0.01922916666666667 0.10202777777777777
2 0.43854166666666666 0.3710185185185185 0.018598958333333335 0.10725925925925926
2 0.45111979166666666 0.32485185185185184 0.01882291666666667 0.09248148148148148
2 0.47400520833333337 0.3889444444444444 0.017 0.10281481481481482
2 0.4765520833333333 0.3568148148148148 0.016432291666666668 0.10907407407407407
2 0.4822447916666667 0.34599074074074077 0.015921875 0.11462037037037037
2 0.49814062499999995 0.3706111111111111 0.02538020833333333 0.1064537037037037
2 0.5324375 0.39558333333333334 0.018848958333333332 0.12818518518518518
2 0.5442187500000001 0.3911574074074074 0.01521875 0.1152962962962963
2 0.5665989583333333 0.41321296296296295 0.018041666666666668 0.09696296296296296
2 0.5618385416666667 0.39 0.0130625 0.11198148148148147
2 0.5829375 0.44381481481481483 0.016166666666666666 0.12191666666666666
2 0.5993385416666667 0.42896296296296293 0.015541666666666667 0.11135185185185185
3 0.3080104166666667 0.9278148148148148 0.056916666666666664 0.14437037037037037