2 0.676609375 0.31745370370370374 0.037598958333333335 0.08769444444444444
1 0.72465625 0.28597222222222224 0.04774479166666667 0.0987962962962963
3 0.10842708333333334 0.4181666666666667 0.06789583333333334 0.10855555555555554
2 0.3852291666666667 0.4586851851851852 0.03295833333333333 0.12014814814814814
2 0.20178125 0.7487777777777778 0.06449479166666666 0.1586574074074074
2 0.5301354166666666 0.795537037037037 0.070171875 0.15034259259259258
2 0.48196354166666666 0.45937962962962964 0.04153645833333333 0.1076388888888889
2 0.417 0.31467592592592597 0.03399479166666666 0.08212962962962964
2 0.47884375 0.21906481481481482 0.024869791666666665 0.09924074074074074
2 0.08890104166666667 0.32486111111111116 0.03405208333333333 0.08399074074074074
2 0.9760677083333333 0.4302037037037037 0.042755208333333336 0.11412037037037037