2 0.15743749999999998 0.5140277777777778 0.04681770833333333 0.13037962962962962
0 0.19071875 0.41088888888888886 0.01975 0.030638888888888893
2 0.13023958333333333 0.41474074074074074 0.04114583333333333 0.09080555555555556
2 0.21893229166666667 0.4080740740740741 0.026255208333333332 0.09537037037037037
2 0.2960520833333333 0.35562037037037036 0.03347395833333333 0.11386111111111111
2 0.30213020833333337 0.5639166666666666 0.052572916666666664 0.13554629629629628
2 0.38113020833333333 0.5937407407407408 0.054286458333333336 0.10675000000000001
2 0.4338020833333333 0.5047685185185184 0.04269791666666667 0.10569444444444445
2 0.4983333333333333 0.46953703703703703 0.04210416666666667 0.12367592592592593
2 0.5841354166666667 0.4813703703703704 0.03195833333333333 0.12471296296296296
2 0.6611145833333333 0.5754907407407407 0.04814583333333333 0.14017592592592593
2 0.722171875 0.570861111111111 0.044078124999999996 0.13091666666666665
3 0.81159375 0.5441111111111111 0.049265625 0.14119444444444446
2 0.8897291666666667 0.3965092592592593 0.035354166666666666 0.10308333333333333
2 0.8438645833333334 0.3242314814814815 0.04132291666666667 0.07644444444444444
2 0.94659375 0.49808333333333327 0.031000000000000003 0.10260185185185186
2 0.5238072916666667 0.7505833333333334 0.05397395833333333 0.15753703703703703
3 0.18840625 0.27511111111111114 0.025536458333333335 0.06771296296296296
3 0.390109375 0.9447037037037037 0.057416666666666664 0.11059259259259259