2 0.07019270833333334 0.8601203703703704 0.054734375 0.1976111111111111
3 0.035317708333333336 0.4167962962962963 0.031864583333333335 0.13812037037037037
2 0.056734375000000004 0.2367962962962963 0.033026041666666665 0.10527777777777778
2 0.1845 0.2139074074074074 0.026401041666666666 0.07493518518518519
2 0.13559374999999999 0.3975185185185185 0.02928645833333333 0.10881481481481481
2 0.18435416666666665 0.33862037037037035 0.026692708333333332 0.12787037037037036
2 0.29012499999999997 0.30185185185185187 0.032796874999999996 0.10267592592592592
2 0.35233854166666667 0.2707407407407407 0.024130208333333333 0.11349074074074074
2 0.20041666666666666 0.4625740740740741 0.040875 0.13090740740740742
2 0.49602083333333336 0.22213888888888889 0.040078125 0.09139814814814815
2 0.533640625 0.3121388888888889 0.031984374999999995 0.11090740740740741
2 0.7431614583333332 0.3895462962962963 0.03434895833333333 0.11447222222222221
2 0.6858593749999999 0.49986111111111114 0.0378125 0.10980555555555556
0 0.7558906249999999 0.3229444444444444 0.018151041666666666 0.03992592592592592
2 0.7673229166666666 0.2869351851851852 0.028859375 0.12223148148148147
2 0.8412604166666667 0.6644351851851852 0.03958333333333333 0.1426574074074074