2 0.11285416666666667 0.557138888888889 0.040296875 0.11798148148148148
2 0.06338020833333333 0.34517592592592594 0.03509375 0.08294444444444445
3 0.030963541666666667 0.25492592592592594 0.035359375 0.07837037037037037
2 0.21402083333333335 0.27274074074074073 0.0316875 0.07234259259259258
0 0.242921875 0.29312037037037036 0.011369791666666665 0.02049074074074074
2 0.32546875 0.27991666666666665 0.025416666666666664 0.0727962962962963
2 0.46347916666666666 0.41737037037037034 0.030604166666666665 0.0977037037037037
2 0.66684375 0.6723796296296296 0.046713541666666664 0.1355
2 0.96890625 0.6867222222222222 0.03624479166666667 0.13641666666666669
2 0.903546875 0.4132037037037037 0.025322916666666664 0.11714814814814814
2 0.8302447916666666 0.38034259259259257 0.032364583333333335 0.09773148148148147
2 0.906671875 0.2986574074074074 0.031572916666666666 0.08713888888888889
2 0.8168333333333333 0.29612037037037037 0.0341875 0.07741666666666666
2 0.6392447916666666 0.2794537037037037 0.033177083333333336 0.08112962962962963
2 0.6729635416666666 0.2843148148148148 0.030307291666666666 0.08622222222222223
3 0.5095677083333333 0.3826574074074074 0.03423958333333333 0.09310185185185185
2 0.5404270833333332 0.3090740740740741 0.041265625 0.08481481481481482
2 0.41179166666666667 0.3319814814814815 0.023578125000000002 0.09822222222222222
2 0.43041145833333333 0.34355555555555556 0.01990625 0.09358333333333332