2 0.7802864583333334 0.7121851851851851 0.04442708333333333 0.13177777777777777
2 0.6721041666666667 0.4585648148148148 0.033791666666666664 0.0875
2 0.66559375 0.3812685185185185 0.025979166666666668 0.09032407407407407
2 0.68915625 0.31276851851851856 0.028838541666666665 0.10147222222222223
0 0.7183229166666667 0.5580740740740741 0.014244791666666668 0.03652777777777778
2 0.4664114583333333 0.44166666666666665 0.028651041666666665 0.09537962962962963
2 0.449484375 0.2653333333333333 0.020848958333333334 0.10381481481481482
2 0.3621302083333333 0.36900925925925926 0.03103125 0.08894444444444445
2 0.3259375 0.6277222222222223 0.0471875 0.0971111111111111
2 0.2514739583333333 0.48355555555555557 0.033671875000000004 0.1189537037037037
2 0.2629270833333333 0.3544259259259259 0.04616666666666667 0.09219444444444444
3 0.11073958333333334 0.4719814814814815 0.0360625 0.12359259259259259
2 0.130140625 0.3567407407407407 0.041005208333333334 0.10607407407407407
2 0.07519791666666667 0.5858333333333334 0.040505208333333334 0.11056481481481481
2 0.016484375 0.42777777777777776 0.03296875 0.1231574074074074