2 0.18171354166666667 0.2502314814814815 0.025255208333333334 0.0791574074074074
0 0.21034375 0.27525925925925926 0.008453125 0.024925925925925928
2 0.34760416666666666 0.25928703703703704 0.028536458333333334 0.08292592592592593
3 0.363953125 0.36510185185185184 0.021640625 0.09641666666666666
2 0.3829427083333333 0.31617592592592597 0.022953125 0.08068518518518518
2 0.41718229166666665 0.31050925925925926 0.025432291666666666 0.07847222222222222
2 0.4224947916666667 0.3828888888888889 0.029463541666666666 0.10462037037037036
2 0.5264062500000001 0.2910185185185185 0.026109375 0.08512962962962962
2 0.5862083333333333 0.26313888888888887 0.023994791666666668 0.07106481481481482
2 0.5913020833333333 0.2508240740740741 0.023187500000000003 0.07381481481481482
2 0.7645989583333334 0.3443888888888889 0.032484374999999996 0.09408333333333334
2 0.7671666666666667 0.2645 0.021489583333333333 0.08292592592592593
2 0.8272604166666666 0.3697314814814815 0.030223958333333335 0.10697222222222222
2 0.8800833333333333 0.2614351851851852 0.023677083333333335 0.0911388888888889
2 0.83459375 0.6936388888888889 0.028697916666666667 0.15006481481481482
2 0.5564635416666667 0.6341574074074074 0.040625 0.14126851851851852