2 0.8988854166666667 0.6100185185185185 0.013494791666666667 0.06662037037037037
2 0.8274843749999999 0.5155555555555555 0.015062500000000001 0.057972222222222224
2 0.7760937499999999 0.715925925925926 0.024411458333333334 0.06953703703703704
2 0.7615572916666667 0.48384259259259255 0.014817708333333334 0.054231481481481485
2 0.6948333333333333 0.5635 0.01768229166666667 0.06193518518518518
2 0.664015625 0.5197685185185186 0.013796874999999998 0.061611111111111116
2 0.5375729166666667 0.4930925925925926 0.012046875 0.04527777777777778
2 0.5207552083333333 0.4510925925925926 0.014 0.047212962962962964
2 0.489234375 0.4930925925925926 0.014750000000000001 0.0500462962962963
2 0.4775520833333333 0.5360555555555556 0.018244791666666666 0.05957407407407408
3 0.531296875 0.5909537037037037 0.0149375 0.06908333333333333
2 0.533578125 0.6765185185185185 0.022187500000000002 0.07547222222222223
2 0.3872916666666667 0.6287222222222222 0.017687500000000002 0.07180555555555555
2 0.41542708333333334 0.5008518518518518 0.013515625 0.05362037037037037
2 0.2577864583333333 0.5515740740740741 0.014510416666666666 0.06194444444444445
2 0.26957291666666666 0.5367129629629629 0.017260416666666667 0.057305555555555554
2 0.21163020833333332 0.537962962962963 0.012848958333333334 0.06338888888888888
2 0.18423958333333335 0.5787777777777778 0.01446875 0.06861111111111111
2 0.16413020833333333 0.5411851851851852 0.016557291666666665 0.06266666666666668
2 0.19169270833333335 0.6669722222222223 0.01728645833333333 0.07548148148148148
2 0.24547395833333333 0.7366018518518518 0.021447916666666667 0.09178703703703703
3 0.2723333333333333 0.41364814814814815 0.010697916666666666 0.04275925925925926
3 0.00859375 0.911425925925926 0.0171875 0.13675