2 0.56084375 0.4263148148148148 0.030833333333333334 0.11702777777777777
1 0.7644270833333333 0.3453148148148148 0.03348958333333333 0.10625925925925926
2 0.5087552083333333 0.2684259259259259 0.027348958333333333 0.09137962962962963
2 0.47431770833333337 0.3810555555555556 0.03486458333333333 0.09441666666666666
2 0.489078125 0.34479629629629627 0.033130208333333334 0.0805462962962963
2 0.22429166666666667 0.5996296296296296 0.05216666666666667 0.1426851851851852
2 0.090015625 0.5338055555555555 0.04750520833333333 0.13448148148148148
2 0.01923958333333333 0.7691203703703704 0.03847916666666666 0.13870370370370372
2 0.025479166666666667 0.3897962962962963 0.036494791666666665 0.10573148148148148
2 0.156140625 0.30133333333333334 0.035656249999999994 0.12016666666666667
2 0.036187500000000004 0.26482407407407405 0.03707291666666667 0.10269444444444444
2 0.29055729166666666 0.9277222222222222 0.059708333333333335 0.1445462962962963
0 0.49254687500000005 0.25505555555555554 0.008822916666666668 0.02761111111111111